608.000000 0.045145
613.333310 -0.000830
618.666690 0.031281
624.000000 0.029475
629.333310 -0.006899
634.666690 -0.017516
640.000000 0.011857
645.333310 0.027945
650.666690 0.009244
656.000000 0.027105
661.333310 0.040086
666.666690 0.018292
672.000000 0.024001
677.333310 0.055459
682.666690 0.060993
688.000000 0.108039
693.333310 0.135348
698.666690 0.131750
704.000000 0.120695
709.333310 0.137912
714.666690 0.135612
720.000000 0.120346
725.333310 0.135392
730.666690 0.129662
736.000000 0.090293
741.333310 0.079529
746.666690 0.093016
752.000000 0.074155
757.333310 0.033709
762.666690 0.025718
768.000000 0.018878
773.333310 0.027188
778.666690 0.063705
784.000000 0.082070
789.333310 0.088917
794.666690 0.116622
800.000000 0.168638
805.333310 0.198387
810.666690 0.241199
816.000000 0.265748
821.333310 0.281849
826.666690 0.302834
832.000000 0.316067
837.333310 0.332098
842.666690 0.292418
848.000000 0.257455
853.333310 0.241764
858.666690 0.219254
864.000000 0.221825
869.333310 0.214675
874.666690 0.237822
880.000000 0.237976
885.333310 0.243126
890.666690 0.246149
896.000000 0.217670
901.333310 0.217074
906.666690 0.248313
912.000000 0.273578
917.333310 0.256925
922.666690 0.256402
928.000000 0.279131
933.333310 0.243785
938.666690 0.249990
944.000000 0.264083
949.333310 0.251558
954.666690 0.277447
960.000000 0.251443
965.333310 0.242124
970.666690 0.201009
976.000000 0.037003
981.333310 0.395213
986.666690 0.445280
992.000000 0.384797
997.333310 0.026354
1002.666700 0.441631
1008.000000 0.325647
1013.333300 0.328223
1018.666700 0.361096
1024.000000 0.401679
1029.333400 0.484152
1034.666600 0.349176
1040.000000 0.019356
1045.333400 0.375069
1050.666600 0.282501
1056.000000 0.237031
1061.333400 0.255276
1066.666600 0.251847
1072.000000 0.243425
1077.333400 0.207054
1082.666600 0.202108
1088.000000 0.190683
1093.333400 0.141618
1098.666600 0.003231
1104.000000 0.127540
1109.333400 0.112140
1114.666600 0.097185
1120.000000 0.076322
1125.333400 0.054690
1130.666600 0.018457
1136.000000 0.023043
1141.333400 0.043979
1146.666600 0.055259
1152.000000 0.047632
1157.333400 0.100180
1162.666600 0.088945
1168.000000 0.082546
1173.333400 0.058654
1178.666600 0.067961
1184.000000 0.074646
1189.333400 0.044200
1194.666600 0.206251
1200.000000 0.031006
1205.333400 0.396607
1210.666600 0.396860
1216.000000 0.476026
1221.333400 0.638295
1226.666600 0.471536
1232.000000 0.065448
1237.333400 0.740442
1242.666600 0.679199
1248.000000 0.522441
1253.333400 0.069050
1258.666600 0.523192
1264.000000 0.022954
1269.333400 0.623518
1274.666600 0.553571
1280.000000 0.510789
1285.333400 0.499097
1290.666600 0.549492
1296.000000 0.540251
1301.333400 0.643248
1306.666600 0.710871
1312.000000 0.744263
1317.333400 0.760141
1322.666600 0.762812
1328.000000 0.533329
1333.333400 0.037334
1338.666600 0.606839
1344.000000 0.452333
1349.333400 0.395666
1354.666600 0.365028
1360.000000 0.255161
1365.333400 0.020804
1370.666600 0.367656
1376.000000 0.236047
1381.333400 0.033213
1386.666600 0.398210
1392.000000 0.389697
1397.333400 0.409152
1402.666600 0.478580
1408.000000 0.341130
1413.333400 0.052128
1418.666600 0.598825
1424.000000 0.633405
1429.333400 0.859216
1434.666600 0.925687
1440.000000 0.948708
1445.333400 0.976621
1450.666600 0.727625
1456.000000 0.057717
1461.333400 0.590440
1466.666600 -0.021521
1472.000000 0.355807
1477.333400 0.155877
1482.666600 -0.004409
1488.000000 0.047356
1493.333400 0.001316
1498.666600 0.000704
1504.000000 0.034067
1509.333400 0.019253
1514.666600 -0.014302
1520.000000 0.005385
1525.333400 0.042473
1530.666600 0.078106
1536.000000 0.137377
1541.333400 0.169483
1546.666600 0.007707
1552.000000 0.224852
1557.333400 0.259837
1562.666600 0.228990
1568.000000 0.155554
1573.333400 0.021645
1578.666600 0.259332
1584.000000 0.261114
1589.333400 0.332700
1594.666600 0.423348
1600.000000 0.319290
1605.333400 0.038002
1610.666600 0.466935
1616.000000 0.379727
1621.333400 0.427560
1626.666600 0.455216
1632.000000 0.477066
1637.333400 0.570927
1642.666600 0.729395
1648.000000 0.824180
1653.333400 0.996474
1658.666600 0.977324
1664.000000 0.939718
1669.333400 0.904616
1674.666600 0.586819
1680.000000 0.004655
1685.333400 0.423552
1690.666600 0.257191
1696.000000 0.140214
1701.333400 0.090397
1706.666600 0.021271
1712.000000 0.019499
1717.333400 0.027293
1722.666600 -0.016291
1728.000000 0.038599
1733.333400 0.032617
1738.666600 0.034734
1744.000000 -0.009854
1749.333400 -0.004099
1754.666600 0.010733
1760.000000 0.011393
1765.333400 0.012556
1770.666600 0.003425
1776.000000 0.035318
1781.333400 0.028154
1786.666600 0.015379
1792.000000 0.021271
1797.333400 -0.037654
1802.666600 -0.259693
