6.080000000000000000e+02 7.311105423374253398e-02
6.133333099999999831e+02 9.218198394393765926e-02
6.186666900000000169e+02 8.620768184319642369e-02
6.240000000000000000e+02 6.543443779043792152e-02
6.293333099999999831e+02 4.385929134424174786e-02
6.346666900000000169e+02 2.543122033062058390e-02
6.400000000000000000e+02 9.406928427928663156e-03
6.453333099999999831e+02 2.116306366733445785e-03
6.506666900000000169e+02 0.000000000000000000e+00
6.560000000000000000e+02 1.650336063441719403e-03
6.613333099999999831e+02 1.405154940607858567e-02
6.666666900000000169e+02 3.187126260752636692e-02
6.720000000000000000e+02 5.113489916474842079e-02
6.773333099999999831e+02 7.652024924378221515e-02
6.826666900000000169e+02 9.877967965727470212e-02
6.880000000000000000e+02 1.180051915383270172e-01
6.933333099999999831e+02 1.330387684638102697e-01
6.986666900000000169e+02 1.413528584192667858e-01
7.040000000000000000e+02 1.463660848618413557e-01
7.093333099999999831e+02 1.449165450329891747e-01
7.146666900000000169e+02 1.274130504099109662e-01
7.200000000000000000e+02 1.027588661160008104e-01
7.253333099999999831e+02 7.763821133343294656e-02
7.306666900000000169e+02 6.604933710019922355e-02
7.360000000000000000e+02 7.748098259377181329e-02
7.413333099999999831e+02 1.011140664584520427e-01
7.466666900000000169e+02 1.176266026440335455e-01
7.520000000000000000e+02 1.176381717793794496e-01
7.573333099999999831e+02 9.678423518665549286e-02
7.626666900000000169e+02 7.125132328199006160e-02
7.680000000000000000e+02 5.662336460407062233e-02
7.733333099999999831e+02 5.752346028214739421e-02
7.786666900000000169e+02 7.154687672180524982e-02
7.840000000000000000e+02 8.953651310675847519e-02
7.893333099999999831e+02 1.073129678509181784e-01
7.946666900000000169e+02 1.336413970211985380e-01
8.000000000000000000e+02 1.720433430696940991e-01
8.053333099999999831e+02 2.181341891866465932e-01
8.106666900000000169e+02 2.607887108445559599e-01
8.160000000000000000e+02 2.858579417375888276e-01
8.213333099999999831e+02 2.922120790145605884e-01
8.266666900000000169e+02 2.981393838912400618e-01
8.320000000000000000e+02 3.150032304180425125e-01
8.373333099999999831e+02 3.411484291275123093e-01
8.426666900000000169e+02 3.639346465902269512e-01
8.480000000000000000e+02 3.695853137167527946e-01
8.533333099999999831e+02 3.523056231194900967e-01
8.586666900000000169e+02 3.312024239448734253e-01
8.640000000000000000e+02 3.185454415979090959e-01
8.693333099999999831e+02 3.170009066116475926e-01
8.746666900000000169e+02 3.210227931691244097e-01
8.800000000000000000e+02 3.212977591844800029e-01
8.853333099999999831e+02 3.092640389448302329e-01
8.906666900000000169e+02 2.920075250202190942e-01
8.960000000000000000e+02 2.797781478770635100e-01
9.013333099999999831e+02 2.803780736299752996e-01
9.066666900000000169e+02 2.938234442946988101e-01
9.120000000000000000e+02 3.150562194437962482e-01
9.173333099999999831e+02 3.339010380977393000e-01
9.226666900000000169e+02 3.434168536613356748e-01
9.280000000000000000e+02 3.429519967553851245e-01
9.333333099999999831e+02 3.380694793714251190e-01
9.386666900000000169e+02 3.270143653853108678e-01
9.440000000000000000e+02 3.147145312422408581e-01
9.493333099999999831e+02 3.048898886491518967e-01
9.546666900000000169e+02 2.969382720366065542e-01
9.600000000000000000e+02 2.876247607124808314e-01
9.653333099999999831e+02 2.795681530401570303e-01
9.706666900000000169e+02 2.695854541829203477e-01
9.760000000000000000e+02 2.769231276009884168e-01
9.813333099999999831e+02 3.197213788204254503e-01
9.866666900000000169e+02 3.937255475311526309e-01
9.920000000000000000e+02 4.693277110286322440e-01
9.973333099999999831e+02 5.079272383442129390e-01
1.002666699999999992e+03 4.859058322148089304e-01
1.008000000000000000e+03 4.259439251972729767e-01
1.013333300000000008e+03 3.691749687814576131e-01
1.018666699999999992e+03 3.423829577749341047e-01
1.024000000000000000e+03 3.405550689321130142e-01
1.029333399999999983e+03 3.414662132157826879e-01
1.034666600000000017e+03 3.316369951756575896e-01
1.040000000000000000e+03 3.103876507648771765e-01
1.045333399999999983e+03 2.817661226795024620e-01
1.050666600000000017e+03 2.512766514053855205e-01
1.056000000000000000e+03 2.198587992043817552e-01
1.061333399999999983e+03 1.980592408821635342e-01
1.066666600000000017e+03 2.036843643996283371e-01
1.072000000000000000e+03 2.349864933985595927e-01
1.077333399999999983e+03 2.736638845441313195e-01
1.082666600000000017e+03 2.982285682885156830e-01
1.088000000000000000e+03 2.937714504646923297e-01
1.093333399999999983e+03 2.656016306006362959e-01
1.098666600000000017e+03 2.283940113304339381e-01
1.104000000000000000e+03 1.926040615667465594e-01
1.109333399999999983e+03 1.615986469997912067e-01
1.114666600000000017e+03 1.304872410607726962e-01
1.120000000000000000e+03 9.541925195136352622e-02
1.125333399999999983e+03 5.892715422886924542e-02
1.130666600000000017e+03 2.636546640697950278e-02
1.136000000000000000e+03 8.849085515680905553e-03
1.141333399999999983e+03 1.107253061038286461e-02
1.146666600000000017e+03 2.941750894995726756e-02
1.152000000000000000e+03 5.569623913673370230e-02
1.157333399999999983e+03 8.143454613500160366e-02
1.162666600000000017e+03 1.014977538184409223e-01
1.168000000000000000e+03 1.143715450838123926e-01
1.173333399999999983e+03 1.212712489517255576e-01
1.178666600000000017e+03 1.317188414156910403e-01
1.184000000000000000e+03 1.544086394944738927e-01
1.189333399999999983e+03 1.931799195905165023e-01
1.194666600000000017e+03 2.462160541339084019e-01
1.200000000000000000e+03 3.029343649980169584e-01
1.205333399999999983e+03 3.582180936600194987e-01
1.210666600000000017e+03 4.204896792763038182e-01
1.216000000000000000e+03 4.923294172235069266e-01
1.221333399999999983e+03 5.698506711342982145e-01
1.226666600000000017e+03 6.401148965273075753e-01
1.232000000000000000e+03 6.881322397814649827e-01
1.237333399999999983e+03 7.097779316773344949e-01
1.242666600000000017e+03 7.077095965752524531e-01
1.248000000000000000e+03 6.903666491878296396e-01
1.253333399999999983e+03 6.645458412277736038e-01
1.258666600000000017e+03 6.364220756028697856e-01
1.264000000000000000e+03 6.144748130711031875e-01
1.269333399999999983e+03 6.034312931679934877e-01
1.274666600000000017e+03 5.929919414551404477e-01
1.280000000000000000e+03 5.822382441074400727e-01
1.285333399999999983e+03 5.694156578796992774e-01
1.290666600000000017e+03 5.688298812336480825e-01
1.296000000000000000e+03 5.883543867518167270e-01
1.301333399999999983e+03 6.196760809229504563e-01
1.306666600000000017e+03 6.499530834153496306e-01
1.312000000000000000e+03 6.712652954095840174e-01
1.317333399999999983e+03 6.802930925733545742e-01
1.322666600000000017e+03 6.890501526040938574e-01
1.328000000000000000e+03 6.912387161602808749e-01
1.333333399999999983e+03 6.667966245019527616e-01
1.338666600000000017e+03 6.128513134415789487e-01
1.344000000000000000e+03 5.296686335474983798e-01
1.349333399999999983e+03 4.369069510676849011e-01
1.354666600000000017e+03 3.657934775326171506e-01
1.360000000000000000e+03 3.267500215791179774e-01
1.365333399999999983e+03 3.151835468742654744e-01
1.370666600000000017e+03 3.237461445658793013e-01
1.376000000000000000e+03 3.338585998161338053e-01
1.381333399999999983e+03 3.461989686041008207e-01
1.386666600000000017e+03 3.656743100997079665e-01
1.392000000000000000e+03 3.885069933688226618e-01
1.397333399999999983e+03 4.117288211160340938e-01
1.402666600000000017e+03 4.326421972640820957e-01
1.408000000000000000e+03 4.508953050826319808e-01
1.413333399999999983e+03 4.788913553788243793e-01
1.418666600000000017e+03 5.266012570493362466e-01
1.424000000000000000e+03 6.058338608809918924e-01
1.429333399999999983e+03 7.158815058729478542e-01
1.434666600000000017e+03 8.363753190585740960e-01
1.440000000000000000e+03 9.412211872658207135e-01
1.445333399999999983e+03 1.000000000000000000e+00
1.450666600000000017e+03 9.832445967139972209e-01
1.456000000000000000e+03 9.004516516782758995e-01
1.461333399999999983e+03 7.636937117847745204e-01
1.466666600000000017e+03 5.900925328587661722e-01
1.472000000000000000e+03 4.158647388690481783e-01
1.477333399999999983e+03 2.653810401989026291e-01
1.482666600000000017e+03 1.440064369986875092e-01
1.488000000000000000e+03 6.797973271751338309e-02
1.493333399999999983e+03 2.716042032412954721e-02
1.498666600000000017e+03 8.738300066872662850e-03
1.504000000000000000e+03 1.133350889029308486e-02
1.509333399999999983e+03 2.624985184714276332e-02
1.514666600000000017e+03 4.472397566731732554e-02
1.520000000000000000e+03 6.652971571712858190e-02
1.525333399999999983e+03 8.870512175257649901e-02
1.530666600000000017e+03 1.128540108672040077e-01
1.536000000000000000e+03 1.421508410734554639e-01
1.541333399999999983e+03 1.713628774897399676e-01
1.546666600000000017e+03 1.962394592075246413e-01
1.552000000000000000e+03 2.113687549053958337e-01
1.557333399999999983e+03 2.158741855957306832e-01
1.562666600000000017e+03 2.108159467039869561e-01
1.568000000000000000e+03 2.060819430597755075e-01
1.573333399999999983e+03 2.068415592153302895e-01
1.578666600000000017e+03 2.261184004934921332e-01
1.584000000000000000e+03 2.637769921442449372e-01
1.589333399999999983e+03 3.126894053548204822e-01
1.594666600000000017e+03 3.529039412138596510e-01
1.600000000000000000e+03 3.808688690877118921e-01
1.605333399999999983e+03 3.957391623097410993e-01
1.610666600000000017e+03 4.119512528922131267e-01
1.616000000000000000e+03 4.329648403176016291e-01
1.621333399999999983e+03 4.652015384860675451e-01
1.626666600000000017e+03 5.027485690791326789e-01
1.632000000000000000e+03 5.518273221410960883e-01
1.637333399999999983e+03 6.153055453759060933e-01
1.642666600000000017e+03 6.969918944128680183e-01
1.648000000000000000e+03 7.929985793071023803e-01
1.653333399999999983e+03 8.909353478858679232e-01
1.658666600000000017e+03 9.601927631626958615e-01
1.664000000000000000e+03 9.727532912956605715e-01
1.669333399999999983e+03 9.160391197004279507e-01
1.674666600000000017e+03 7.989088479418282596e-01
1.680000000000000000e+03 6.521690490459985945e-01
1.685333399999999983e+03 5.079678812448837899e-01
1.690666600000000017e+03 3.800362364591456932e-01
1.696000000000000000e+03 2.719372409357069809e-01
1.701333399999999983e+03 1.860430316332688239e-01
1.706666600000000017e+03 1.183770723910193001e-01
1.712000000000000000e+03 6.902151143701057423e-02
1.717333399999999983e+03 3.929379786214434733e-02
1.722666600000000017e+03 2.328484193976426697e-02
1.728000000000000000e+03 1.498138371374936086e-02
1.733333399999999983e+03 1.122072479258576054e-02
1.738666600000000017e+03 1.034455847497012075e-02
1.744000000000000000e+03 1.172520831805100479e-02
1.749333399999999983e+03 1.707825856337989723e-02
1.754666600000000017e+03 2.772385793919671798e-02
1.760000000000000000e+03 4.066497708049272852e-02
1.765333399999999983e+03 5.280408553179900821e-02
1.770666600000000017e+03 6.184046832998132959e-02
1.776000000000000000e+03 6.195364356474095807e-02
1.781333399999999983e+03 5.183464695014975560e-02
1.786666600000000017e+03 3.532618737648692692e-02
1.792000000000000000e+03 1.796723091264820077e-02
1.797333399999999983e+03 8.629655157833863999e-03
1.802666600000000017e+03 1.456441229183739333e-02
