6.080000000000000000e+02 4.731901953280372164e-02
6.133333099999999831e+02 2.997800345128354138e-02
6.186666900000000169e+02 2.568802854378594153e-02
6.240000000000000000e+02 3.313009955979522025e-02
6.293333099999999831e+02 5.576508841991260901e-02
6.346666900000000169e+02 8.400862007015251487e-02
6.400000000000000000e+02 9.797268894171166920e-02
6.453333099999999831e+02 8.395634386311000286e-02
6.506666900000000169e+02 4.888688141788553182e-02
6.560000000000000000e+02 1.382583282216730790e-02
6.613333099999999831e+02 0.000000000000000000e+00
6.666666900000000169e+02 8.361354609614634475e-03
6.720000000000000000e+02 2.873153821341688230e-02
6.773333099999999831e+02 5.087374633397610812e-02
6.826666900000000169e+02 7.005081635717216870e-02
6.880000000000000000e+02 8.594880915418130762e-02
6.933333099999999831e+02 9.717840440360858700e-02
6.986666900000000169e+02 1.020996758262697895e-01
7.040000000000000000e+02 9.860055840428251506e-02
7.093333099999999831e+02 8.844106461185764767e-02
7.146666900000000169e+02 7.717657204355456158e-02
7.200000000000000000e+02 6.675153101907238540e-02
7.253333099999999831e+02 5.740108660050679407e-02
7.306666900000000169e+02 5.214020285765933599e-02
7.360000000000000000e+02 4.765663030568134673e-02
7.413333099999999831e+02 4.202903927444252147e-02
7.466666900000000169e+02 3.835096508057592168e-02
7.520000000000000000e+02 3.463497961098892242e-02
7.573333099999999831e+02 3.003823435732159292e-02
7.626666900000000169e+02 2.971679677512030493e-02
7.680000000000000000e+02 3.640302335016442487e-02
7.733333099999999831e+02 5.084805488009482011e-02
7.786666900000000169e+02 7.915040471306010461e-02
7.840000000000000000e+02 1.231075139954586062e-01
7.893333099999999831e+02 1.814671185486261273e-01
7.946666900000000169e+02 2.518683211063133531e-01
8.000000000000000000e+02 3.224955243403909155e-01
8.053333099999999831e+02 3.725927481365072791e-01
8.106666900000000169e+02 3.982966527415355285e-01
8.160000000000000000e+02 4.026359590267342137e-01
8.213333099999999831e+02 3.976016340218257450e-01
8.266666900000000169e+02 3.991859945129642151e-01
8.320000000000000000e+02 4.094853532475163371e-01
8.373333099999999831e+02 4.221688924283248934e-01
8.426666900000000169e+02 4.359169183372629819e-01
8.480000000000000000e+02 4.404936843716624195e-01
8.533333099999999831e+02 4.319938676912363773e-01
8.586666900000000169e+02 4.134749679566808167e-01
8.640000000000000000e+02 3.832637211241435859e-01
8.693333099999999831e+02 3.461886884769179162e-01
8.746666900000000169e+02 3.132161578045147832e-01
8.800000000000000000e+02 2.842873238700251992e-01
8.853333099999999831e+02 2.633016673959664433e-01
8.906666900000000169e+02 2.561690530569498692e-01
8.960000000000000000e+02 2.616803577106833201e-01
9.013333099999999831e+02 2.788403514067981925e-01
9.066666900000000169e+02 3.098954926682818689e-01
9.120000000000000000e+02 3.387133343995591406e-01
9.173333099999999831e+02 3.498039812301305673e-01
9.226666900000000169e+02 3.381407607394786297e-01
9.280000000000000000e+02 3.026287870934352697e-01
9.333333099999999831e+02 2.531827675955044543e-01
9.386666900000000169e+02 2.112716613527954035e-01
9.440000000000000000e+02 1.892507052256263422e-01
9.493333099999999831e+02 1.946911441856427338e-01
9.546666900000000169e+02 2.363978121298951907e-01
9.600000000000000000e+02 3.042458914393117442e-01
9.653333099999999831e+02 3.717411443150567263e-01
9.706666900000000169e+02 4.128122526920178226e-01
9.760000000000000000e+02 4.177131939153613804e-01
9.813333099999999831e+02 3.944427285752732937e-01
9.866666900000000169e+02 3.593454804497134836e-01
9.920000000000000000e+02 3.248296089033436140e-01
9.973333099999999831e+02 2.859988862650179597e-01
1.002666699999999992e+03 2.406454387805438688e-01
1.008000000000000000e+03 2.119726846978966517e-01
1.013333300000000008e+03 2.328840405180093442e-01
1.018666699999999992e+03 3.100363838960283336e-01
1.024000000000000000e+03 4.230128314263473244e-01
1.029333399999999983e+03 5.148957708622533547e-01
1.034666600000000017e+03 5.338359317332252996e-01
1.040000000000000000e+03 4.687413619331300962e-01
1.045333399999999983e+03 3.589609741306166169e-01
1.050666600000000017e+03 2.543232966460367006e-01
1.056000000000000000e+03 1.913007234436546744e-01
1.061333399999999983e+03 1.697127260302377094e-01
1.066666600000000017e+03 1.731167398284843006e-01
1.072000000000000000e+03 1.780608467420936036e-01
1.077333399999999983e+03 1.794512174289973339e-01
1.082666600000000017e+03 1.788713094935626691e-01
1.088000000000000000e+03 1.827048888887399525e-01
1.093333399999999983e+03 1.901646805453764688e-01
1.098666600000000017e+03 2.046545770316363921e-01
1.104000000000000000e+03 2.132451622773972599e-01
1.109333399999999983e+03 2.035700381201141218e-01
1.114666600000000017e+03 1.697243699207861001e-01
1.120000000000000000e+03 1.190592650083456133e-01
1.125333399999999983e+03 6.272461995366039600e-02
1.130666600000000017e+03 2.352271934899217640e-02
1.136000000000000000e+03 6.548951125645200745e-03
1.141333399999999983e+03 1.464880232984402952e-02
1.146666600000000017e+03 4.394739657841992275e-02
1.152000000000000000e+03 8.305213571691669183e-02
1.157333399999999983e+03 1.193053260713542174e-01
1.162666600000000017e+03 1.479086913319128671e-01
1.168000000000000000e+03 1.687686226705486514e-01
1.173333399999999983e+03 1.876033537794884465e-01
1.178666600000000017e+03 2.073638572671844815e-01
1.184000000000000000e+03 2.193113603424378111e-01
1.189333399999999983e+03 2.197765998437629098e-01
1.194666600000000017e+03 2.137914095484616528e-01
1.200000000000000000e+03 2.156285933467710081e-01
1.205333399999999983e+03 2.313985332990579069e-01
1.210666600000000017e+03 2.662261953326205965e-01
1.216000000000000000e+03 3.115123469110738785e-01
1.221333399999999983e+03 3.626560199550445951e-01
1.226666600000000017e+03 4.182052654321781193e-01
1.232000000000000000e+03 4.746588014811468081e-01
1.237333399999999983e+03 5.220656510730277144e-01
1.242666600000000017e+03 5.604544412261782682e-01
1.248000000000000000e+03 5.900937362107168127e-01
1.253333399999999983e+03 6.154731205217205403e-01
1.258666600000000017e+03 6.457137816905118566e-01
1.264000000000000000e+03 6.883166219995860979e-01
1.269333399999999983e+03 7.414668042015990501e-01
1.274666600000000017e+03 8.037255277700148248e-01
1.280000000000000000e+03 8.591522426826854186e-01
1.285333399999999983e+03 8.819341903665208759e-01
1.290666600000000017e+03 8.630797081500674039e-01
1.296000000000000000e+03 8.153157060177659288e-01
1.301333399999999983e+03 7.585830256258769833e-01
1.306666600000000017e+03 7.205572374194618712e-01
1.312000000000000000e+03 7.069133150316465608e-01
1.317333399999999983e+03 7.023770525979055046e-01
1.322666600000000017e+03 6.939794282090975264e-01
1.328000000000000000e+03 6.788818880195878203e-01
1.333333399999999983e+03 6.509785774499595723e-01
1.338666600000000017e+03 6.177852930122162967e-01
1.344000000000000000e+03 5.774524632579020045e-01
1.349333399999999983e+03 5.338470100939013419e-01
1.354666600000000017e+03 4.944761660105723156e-01
1.360000000000000000e+03 4.686710592702184042e-01
1.365333399999999983e+03 4.534129160639135958e-01
1.370666600000000017e+03 4.528036733220372478e-01
1.376000000000000000e+03 4.568557672098212397e-01
1.381333399999999983e+03 4.659781245949366490e-01
1.386666600000000017e+03 4.817466009894849077e-01
1.392000000000000000e+03 5.035124854701952257e-01
1.397333399999999983e+03 5.239627776146403848e-01
1.402666600000000017e+03 5.369077212252324482e-01
1.408000000000000000e+03 5.329795713071310281e-01
1.413333399999999983e+03 5.177192826420381477e-01
1.418666600000000017e+03 5.134445531309153044e-01
1.424000000000000000e+03 5.475759307767587014e-01
1.429333399999999983e+03 6.287356852558015907e-01
1.434666600000000017e+03 7.417899462245406417e-01
1.440000000000000000e+03 8.507632502989549428e-01
1.445333399999999983e+03 9.128765201695049347e-01
1.450666600000000017e+03 9.103168223884673393e-01
1.456000000000000000e+03 8.441570680477226141e-01
1.461333399999999983e+03 7.235210197991712722e-01
1.466666600000000017e+03 5.749908721265626355e-01
1.472000000000000000e+03 4.215986432806965167e-01
1.477333399999999983e+03 2.771172103396815078e-01
1.482666600000000017e+03 1.655244738861898768e-01
1.488000000000000000e+03 8.966126319199226036e-02
1.493333399999999983e+03 3.930350910657634533e-02
1.498666600000000017e+03 1.500807988023909918e-02
1.504000000000000000e+03 9.565690443421178205e-03
1.509333399999999983e+03 1.033797633005892336e-02
1.514666600000000017e+03 2.163883664411048180e-02
1.520000000000000000e+03 4.058325057459840485e-02
1.525333399999999983e+03 6.117495359125864340e-02
1.530666600000000017e+03 9.155872323811008184e-02
1.536000000000000000e+03 1.349176125570743512e-01
1.541333399999999983e+03 1.804098483345147330e-01
1.546666600000000017e+03 2.240423231237082535e-01
1.552000000000000000e+03 2.700628681165560541e-01
1.557333399999999983e+03 3.220861568397034858e-01
1.562666600000000017e+03 3.882555002226330543e-01
1.568000000000000000e+03 4.669561299309026858e-01
1.573333399999999983e+03 5.599517527463216959e-01
1.578666600000000017e+03 6.729130114821844089e-01
1.584000000000000000e+03 8.035646339115918302e-01
1.589333399999999983e+03 9.278486372633724111e-01
1.594666600000000017e+03 1.000000000000000000e+00
1.600000000000000000e+03 9.728457594644726036e-01
1.605333399999999983e+03 8.720806739965279997e-01
1.610666600000000017e+03 7.694966677128849408e-01
1.616000000000000000e+03 7.234826259850507535e-01
1.621333399999999983e+03 7.459479463689188128e-01
1.626666600000000017e+03 7.893128235201405385e-01
1.632000000000000000e+03 7.805768236768871882e-01
1.637333399999999983e+03 6.980292249520875236e-01
1.642666600000000017e+03 5.746633500417996920e-01
1.648000000000000000e+03 4.557573602351073228e-01
1.653333399999999983e+03 3.746025048581150263e-01
1.658666600000000017e+03 3.357047867590712276e-01
1.664000000000000000e+03 3.225168958016427223e-01
1.669333399999999983e+03 3.136907474995686007e-01
1.674666600000000017e+03 2.963441066374797317e-01
1.680000000000000000e+03 2.653676539601236839e-01
1.685333399999999983e+03 2.287374962645099541e-01
1.690666600000000017e+03 2.034053801257876548e-01
1.696000000000000000e+03 2.155369760555516656e-01
1.701333399999999983e+03 2.862120408333182486e-01
1.706666600000000017e+03 4.112954189007751449e-01
1.712000000000000000e+03 5.600631749185770447e-01
1.717333399999999983e+03 6.856808349278448178e-01
1.722666600000000017e+03 7.427138115338305369e-01
1.728000000000000000e+03 7.147671763272265277e-01
1.733333399999999983e+03 6.178406622134382520e-01
1.738666600000000017e+03 4.828908083189925038e-01
1.744000000000000000e+03 3.434526237866029064e-01
1.749333399999999983e+03 2.230410132071067031e-01
1.754666600000000017e+03 1.320415067745674687e-01
1.760000000000000000e+03 7.390332601971057180e-02
1.765333399999999983e+03 4.477393636400314042e-02
1.770666600000000017e+03 3.406510529410605725e-02
1.776000000000000000e+03 3.289055769639062654e-02
1.781333399999999983e+03 3.467482335787926834e-02
1.786666600000000017e+03 3.518088112363966513e-02
1.792000000000000000e+03 3.222850494389874199e-02
1.797333399999999983e+03 2.361202178217591124e-02
1.802666600000000017e+03 6.785418425661217737e-03
