6.080000000000000000e+02 1.544397716075721627e-01
6.133333099999999831e+02 1.339561214134761813e-01
6.186666900000000169e+02 1.084668248380273731e-01
6.240000000000000000e+02 8.143524708967665726e-02
6.293333099999999831e+02 5.740280426389880730e-02
6.346666900000000169e+02 3.948737038242719488e-02
6.400000000000000000e+02 2.242051596227123689e-02
6.453333099999999831e+02 7.282546194137051038e-03
6.506666900000000169e+02 0.000000000000000000e+00
6.560000000000000000e+02 1.552028850168404861e-03
6.613333099999999831e+02 1.417054025003934049e-02
6.666666900000000169e+02 3.856504175666781997e-02
6.720000000000000000e+02 6.132910178396437650e-02
6.773333099999999831e+02 8.446606439879048023e-02
6.826666900000000169e+02 1.104064334637218647e-01
6.880000000000000000e+02 1.376601675407207459e-01
6.933333099999999831e+02 1.633062630885127597e-01
6.986666900000000169e+02 1.850871371175177027e-01
7.040000000000000000e+02 1.937718079713270647e-01
7.093333099999999831e+02 1.905364309683170720e-01
7.146666900000000169e+02 1.736271271073537292e-01
7.200000000000000000e+02 1.518404736559925694e-01
7.253333099999999831e+02 1.282748129380534563e-01
7.306666900000000169e+02 1.094692853538469374e-01
7.360000000000000000e+02 9.539728171268882506e-02
7.413333099999999831e+02 8.397823078605660962e-02
7.466666900000000169e+02 7.278567806128979911e-02
7.520000000000000000e+02 6.775268229882119853e-02
7.573333099999999831e+02 6.726858087890863480e-02
7.626666900000000169e+02 7.290782397819975391e-02
7.680000000000000000e+02 8.187925282519979697e-02
7.733333099999999831e+02 9.529398456748965074e-02
7.786666900000000169e+02 1.137600554364087690e-01
7.840000000000000000e+02 1.402473584617616176e-01
7.893333099999999831e+02 1.737768072797629126e-01
7.946666900000000169e+02 2.084777391582030015e-01
8.000000000000000000e+02 2.353929999505068593e-01
8.053333099999999831e+02 2.536305860851594263e-01
8.106666900000000169e+02 2.599832513365439302e-01
8.160000000000000000e+02 2.630999143375019056e-01
8.213333099999999831e+02 2.722202216944413222e-01
8.266666900000000169e+02 2.916054074251875905e-01
8.320000000000000000e+02 3.187742112904256020e-01
8.373333099999999831e+02 3.502517710226343839e-01
8.426666900000000169e+02 3.758657265224855659e-01
8.480000000000000000e+02 3.923213370474122885e-01
8.533333099999999831e+02 3.975833699652704389e-01
8.586666900000000169e+02 3.970212180985192574e-01
8.640000000000000000e+02 3.934732316880347747e-01
8.693333099999999831e+02 3.885610738728144664e-01
8.746666900000000169e+02 3.801490488106850085e-01
8.800000000000000000e+02 3.661337598150848360e-01
8.853333099999999831e+02 3.495254150531819093e-01
8.906666900000000169e+02 3.392437957574083729e-01
8.960000000000000000e+02 3.451621299049924541e-01
9.013333099999999831e+02 3.709277220298318745e-01
9.066666900000000169e+02 4.056034310140633758e-01
9.120000000000000000e+02 4.339723425440021320e-01
9.173333099999999831e+02 4.437730180315294093e-01
9.226666900000000169e+02 4.291203819178994738e-01
9.280000000000000000e+02 4.037537599107404174e-01
9.333333099999999831e+02 3.810573176055930822e-01
9.386666900000000169e+02 3.635060778031726780e-01
9.440000000000000000e+02 3.521710560254434630e-01
9.493333099999999831e+02 3.418403738048236273e-01
9.546666900000000169e+02 3.304753059017694894e-01
9.600000000000000000e+02 3.233495081429549889e-01
9.653333099999999831e+02 3.174616807489319958e-01
9.706666900000000169e+02 3.139179056169852378e-01
9.760000000000000000e+02 3.157891257151402287e-01
9.813333099999999831e+02 3.264398428873555580e-01
9.866666900000000169e+02 3.463441084374834777e-01
9.920000000000000000e+02 3.630176457236153897e-01
9.973333099999999831e+02 3.597100469728210514e-01
1.002666699999999992e+03 3.360065075925425804e-01
1.008000000000000000e+03 3.023021951382695027e-01
1.013333300000000008e+03 2.807370009070592753e-01
1.018666699999999992e+03 2.812599693229252407e-01
1.024000000000000000e+03 2.937925876921670953e-01
1.029333399999999983e+03 3.055013387825608051e-01
1.034666600000000017e+03 3.056715090740357854e-01
1.040000000000000000e+03 2.952891146216745644e-01
1.045333399999999983e+03 2.838581998748809787e-01
1.050666600000000017e+03 2.759249844210442948e-01
1.056000000000000000e+03 2.721557861088045871e-01
1.061333399999999983e+03 2.751982304562346493e-01
1.066666600000000017e+03 2.826310905182622957e-01
1.072000000000000000e+03 2.948356985739639669e-01
1.077333399999999983e+03 3.059450988311891440e-01
1.082666600000000017e+03 3.097506122225011649e-01
1.088000000000000000e+03 3.012726977784653259e-01
1.093333399999999983e+03 2.781935551070864321e-01
1.098666600000000017e+03 2.430033373873285441e-01
1.104000000000000000e+03 2.009010426790481807e-01
1.109333399999999983e+03 1.542166585590998840e-01
1.114666600000000017e+03 1.096316939414255925e-01
1.120000000000000000e+03 7.202918837388723461e-02
1.125333399999999983e+03 4.152912773439580013e-02
1.130666600000000017e+03 2.194707502285065878e-02
1.136000000000000000e+03 1.439014967974492146e-02
1.141333399999999983e+03 1.586436681898312218e-02
1.146666600000000017e+03 2.598401216051216336e-02
1.152000000000000000e+03 4.581267816172634316e-02
1.157333399999999983e+03 7.028940983885548222e-02
1.162666600000000017e+03 9.503766902444009401e-02
1.168000000000000000e+03 1.155831891272136452e-01
1.173333399999999983e+03 1.332039847931499876e-01
1.178666600000000017e+03 1.516671687066103724e-01
1.184000000000000000e+03 1.778846209118666588e-01
1.189333399999999983e+03 2.109139519009339547e-01
1.194666600000000017e+03 2.429248240943366610e-01
1.200000000000000000e+03 2.653477813493326787e-01
1.205333399999999983e+03 2.849740950212774071e-01
1.210666600000000017e+03 3.118695179955807695e-01
1.216000000000000000e+03 3.574603556837983587e-01
1.221333399999999983e+03 4.244779002083169384e-01
1.226666600000000017e+03 5.008296917450564267e-01
1.232000000000000000e+03 5.637640252271294283e-01
1.237333399999999983e+03 5.982313986555445329e-01
1.242666600000000017e+03 6.033103771219181510e-01
1.248000000000000000e+03 5.908863088315265966e-01
1.253333399999999983e+03 5.782295664690695336e-01
1.258666600000000017e+03 5.742805331729357032e-01
1.264000000000000000e+03 5.746636957663833201e-01
1.269333399999999983e+03 5.699603406168232134e-01
1.274666600000000017e+03 5.587406114193280704e-01
1.280000000000000000e+03 5.466483512798818722e-01
1.285333399999999983e+03 5.470435536671713894e-01
1.290666600000000017e+03 5.656417019307580230e-01
1.296000000000000000e+03 5.970146035607846180e-01
1.301333399999999983e+03 6.321551181090914184e-01
1.306666600000000017e+03 6.632591143429817926e-01
1.312000000000000000e+03 6.796433637025540708e-01
1.317333399999999983e+03 6.843558049628639672e-01
1.322666600000000017e+03 6.767959977166397856e-01
1.328000000000000000e+03 6.460731025214245804e-01
1.333333399999999983e+03 5.899863655131054596e-01
1.338666600000000017e+03 5.211500010156830953e-01
1.344000000000000000e+03 4.487706990040736810e-01
1.349333399999999983e+03 3.887513159150007835e-01
1.354666600000000017e+03 3.492059697986941158e-01
1.360000000000000000e+03 3.194160619824924496e-01
1.365333399999999983e+03 2.928299363671711397e-01
1.370666600000000017e+03 2.778348545438440453e-01
1.376000000000000000e+03 2.805268783946809896e-01
1.381333399999999983e+03 2.983314696891504747e-01
1.386666600000000017e+03 3.284490103068991029e-01
1.392000000000000000e+03 3.624746480053130382e-01
1.397333399999999983e+03 3.950793765932690826e-01
1.402666600000000017e+03 4.239998916977188448e-01
1.408000000000000000e+03 4.487256121772870143e-01
1.413333399999999983e+03 4.758059231901047292e-01
1.418666600000000017e+03 5.213512786223442053e-01
1.424000000000000000e+03 6.001166790408360985e-01
1.429333399999999983e+03 7.147902157010539437e-01
1.434666600000000017e+03 8.444680653937521875e-01
1.440000000000000000e+03 9.482506596243718278e-01
1.445333399999999983e+03 1.000000000000000000e+00
1.450666600000000017e+03 9.810807483854162570e-01
1.456000000000000000e+03 8.885468822298256963e-01
1.461333399999999983e+03 7.418189240814945240e-01
1.466666600000000017e+03 5.718910790367712771e-01
1.472000000000000000e+03 4.016341019395799905e-01
1.477333399999999983e+03 2.600402655492298765e-01
1.482666600000000017e+03 1.550624000356483623e-01
1.488000000000000000e+03 8.050641059547997136e-02
1.493333399999999983e+03 3.489323845010622316e-02
1.498666600000000017e+03 1.717107144052936948e-02
1.504000000000000000e+03 1.884592044573884725e-02
1.509333399999999983e+03 3.692611540656299401e-02
1.514666600000000017e+03 6.299827909882928234e-02
1.520000000000000000e+03 8.508398398801692020e-02
1.525333399999999983e+03 1.020193876955950707e-01
1.530666600000000017e+03 1.179905269189088224e-01
1.536000000000000000e+03 1.359842444159532204e-01
1.541333399999999983e+03 1.628846482557882724e-01
1.546666600000000017e+03 1.929537353832170010e-01
1.552000000000000000e+03 2.217763108550527551e-01
1.557333399999999983e+03 2.462214814703952703e-01
1.562666600000000017e+03 2.648931484674032499e-01
1.568000000000000000e+03 2.794467374536318549e-01
1.573333399999999983e+03 3.022071709777020554e-01
1.578666600000000017e+03 3.225813178100864764e-01
1.584000000000000000e+03 3.509761726092812117e-01
1.589333399999999983e+03 3.846642895987407162e-01
1.594666600000000017e+03 4.107863025200649276e-01
1.600000000000000000e+03 4.269119193208986696e-01
1.605333399999999983e+03 4.413164941228235327e-01
1.610666600000000017e+03 4.448371005156954161e-01
1.616000000000000000e+03 4.535893021897177135e-01
1.621333399999999983e+03 4.715387003645686859e-01
1.626666600000000017e+03 4.958182457160035250e-01
1.632000000000000000e+03 5.312276935161377445e-01
1.637333399999999983e+03 5.751136248470600787e-01
1.642666600000000017e+03 6.142219073196268919e-01
1.648000000000000000e+03 6.447831055909274411e-01
1.653333399999999983e+03 6.636856228920600120e-01
1.658666600000000017e+03 6.691975095425441999e-01
1.664000000000000000e+03 6.600088205989431689e-01
1.669333399999999983e+03 6.317565371650892825e-01
1.674666600000000017e+03 5.778096769230494090e-01
1.680000000000000000e+03 5.009774716189299149e-01
1.685333399999999983e+03 4.102291658658059337e-01
1.690666600000000017e+03 3.140529879077595399e-01
1.696000000000000000e+03 2.237671994956920707e-01
1.701333399999999983e+03 1.503816094743496146e-01
1.706666600000000017e+03 9.447893767152389100e-02
1.712000000000000000e+03 6.057750632374184208e-02
1.717333399999999983e+03 4.752914589809976997e-02
1.722666600000000017e+03 4.498435512862986041e-02
1.728000000000000000e+03 4.786786224426635428e-02
1.733333399999999983e+03 5.105539098310563073e-02
1.738666600000000017e+03 5.039252230660391796e-02
1.744000000000000000e+03 5.166673884495644881e-02
1.749333399999999983e+03 5.707525013742090897e-02
1.754666600000000017e+03 6.258366455404855422e-02
1.760000000000000000e+03 6.999120596113460324e-02
1.765333399999999983e+03 7.729027832589616120e-02
1.770666600000000017e+03 8.261759433229497185e-02
1.776000000000000000e+03 8.550478555171128758e-02
1.781333399999999983e+03 7.901003977205897644e-02
1.786666600000000017e+03 5.936640265543790401e-02
1.792000000000000000e+03 3.514473924599694626e-02
1.797333399999999983e+03 1.752932374769496787e-02
1.802666600000000017e+03 1.556411747421424484e-02
