6.080000000000000000e+02 7.410023376630706093e-02
6.133333099999999831e+02 8.146004753914942720e-02
6.186666900000000169e+02 7.560769214512072511e-02
6.240000000000000000e+02 6.209463884071153572e-02
6.293333099999999831e+02 4.819331303286177037e-02
6.346666900000000169e+02 3.751546122935432714e-02
6.400000000000000000e+02 2.882654574104259390e-02
6.453333099999999831e+02 1.601909293365509634e-02
6.506666900000000169e+02 4.878415024428857903e-03
6.560000000000000000e+02 0.000000000000000000e+00
6.613333099999999831e+02 3.617308722138919477e-03
6.666666900000000169e+02 1.666965326924172569e-02
6.720000000000000000e+02 3.718657117877825768e-02
6.773333099999999831e+02 5.636186649360078182e-02
6.826666900000000169e+02 7.627936598611484431e-02
6.880000000000000000e+02 1.002449370962233410e-01
6.933333099999999831e+02 1.249569513001201893e-01
6.986666900000000169e+02 1.458502044295050815e-01
7.040000000000000000e+02 1.585212946535783096e-01
7.093333099999999831e+02 1.561833104719430876e-01
7.146666900000000169e+02 1.359650140450381628e-01
7.200000000000000000e+02 1.098772379392764786e-01
7.253333099999999831e+02 8.662352372906015341e-02
7.306666900000000169e+02 7.104934489863079516e-02
7.360000000000000000e+02 6.805572126573122826e-02
7.413333099999999831e+02 7.137354953002122970e-02
7.466666900000000169e+02 6.930849933685778730e-02
7.520000000000000000e+02 6.211429644177654530e-02
7.573333099999999831e+02 4.854297866430785230e-02
7.626666900000000169e+02 2.978774371389214179e-02
7.680000000000000000e+02 1.658173971525469387e-02
7.733333099999999831e+02 1.223639037689607315e-02
7.786666900000000169e+02 1.833191797622815006e-02
7.840000000000000000e+02 3.887646012449783722e-02
7.893333099999999831e+02 7.433615728125381183e-02
7.946666900000000169e+02 1.215522159273882963e-01
8.000000000000000000e+02 1.783849616561392903e-01
8.053333099999999831e+02 2.350961526682302516e-01
8.106666900000000169e+02 2.795994586924137604e-01
8.160000000000000000e+02 3.030680114343343723e-01
8.213333099999999831e+02 3.096427595502608821e-01
8.266666900000000169e+02 3.120155093875524588e-01
8.320000000000000000e+02 3.261483643187279013e-01
8.373333099999999831e+02 3.555055317865377651e-01
8.426666900000000169e+02 3.880622112686568648e-01
8.480000000000000000e+02 4.027281730085922051e-01
8.533333099999999831e+02 3.919318539647427269e-01
8.586666900000000169e+02 3.629885843901492493e-01
8.640000000000000000e+02 3.331597518684754067e-01
8.693333099999999831e+02 3.130291550699064729e-01
8.746666900000000169e+02 2.986631972201874152e-01
8.800000000000000000e+02 2.820630265530432723e-01
8.853333099999999831e+02 2.632507875219386451e-01
8.906666900000000169e+02 2.477370226086367533e-01
8.960000000000000000e+02 2.444185730562906944e-01
9.013333099999999831e+02 2.607435438365638958e-01
9.066666900000000169e+02 2.867603190247125511e-01
9.120000000000000000e+02 3.096006679849094279e-01
9.173333099999999831e+02 3.195550875875815544e-01
9.226666900000000169e+02 3.124050108476970067e-01
9.280000000000000000e+02 2.889509189807717982e-01
9.333333099999999831e+02 2.600004363324340817e-01
9.386666900000000169e+02 2.331716764411733978e-01
9.440000000000000000e+02 2.103403955736634079e-01
9.493333099999999831e+02 1.932146373256028171e-01
9.546666900000000169e+02 1.869037149375554485e-01
9.600000000000000000e+02 1.861903841537785875e-01
9.653333099999999831e+02 1.862009492799415189e-01
9.706666900000000169e+02 1.854764997485632561e-01
9.760000000000000000e+02 2.012960049130990969e-01
9.813333099999999831e+02 2.447728383049486145e-01
9.866666900000000169e+02 3.159017266926397727e-01
9.920000000000000000e+02 3.911616557790813520e-01
9.973333099999999831e+02 4.346870242117087946e-01
1.002666699999999992e+03 4.217829766158999738e-01
1.008000000000000000e+03 3.846509747602109286e-01
1.013333300000000008e+03 3.478549128348560338e-01
1.018666699999999992e+03 3.274002220345134662e-01
1.024000000000000000e+03 3.250600445041945119e-01
1.029333399999999983e+03 3.265903544207838793e-01
1.034666600000000017e+03 3.144999874924380712e-01
1.040000000000000000e+03 3.000418642641862199e-01
1.045333399999999983e+03 2.789531808226912712e-01
1.050666600000000017e+03 2.530761090056606322e-01
1.056000000000000000e+03 2.285001448099278354e-01
1.061333399999999983e+03 2.112672794078891692e-01
1.066666600000000017e+03 2.027066774428623874e-01
1.072000000000000000e+03 2.122769162734380877e-01
1.077333399999999983e+03 2.285016800621570143e-01
1.082666600000000017e+03 2.430395716687882290e-01
1.088000000000000000e+03 2.478991597955136350e-01
1.093333399999999983e+03 2.369148226309649441e-01
1.098666600000000017e+03 2.145421247388923092e-01
1.104000000000000000e+03 1.958878726583022645e-01
1.109333399999999983e+03 1.795827839156623196e-01
1.114666600000000017e+03 1.621945284671758303e-01
1.120000000000000000e+03 1.374366678812848075e-01
1.125333399999999983e+03 9.771001325576000873e-02
1.130666600000000017e+03 5.422780399148594693e-02
1.136000000000000000e+03 2.421335124196976468e-02
1.141333399999999983e+03 1.000896765599272945e-02
1.146666600000000017e+03 1.141893453260695197e-02
1.152000000000000000e+03 2.287368121740935775e-02
1.157333399999999983e+03 3.458502695165338592e-02
1.162666600000000017e+03 4.858713654400480253e-02
1.168000000000000000e+03 6.448324524086862519e-02
1.173333399999999983e+03 7.779076304115292717e-02
1.178666600000000017e+03 9.740534828965793923e-02
1.184000000000000000e+03 1.330984984498257695e-01
1.189333399999999983e+03 1.882391763721492361e-01
1.194666600000000017e+03 2.606973389771443661e-01
1.200000000000000000e+03 3.353179065533378744e-01
1.205333399999999983e+03 4.015526814222331597e-01
1.210666600000000017e+03 4.644200382453607112e-01
1.216000000000000000e+03 5.311380427941493343e-01
1.221333399999999983e+03 5.998369516892262387e-01
1.226666600000000017e+03 6.582372176885848969e-01
1.232000000000000000e+03 6.925087420685277495e-01
1.237333399999999983e+03 6.998928341743502202e-01
1.242666600000000017e+03 6.873954802316395440e-01
1.248000000000000000e+03 6.656229908529222028e-01
1.253333399999999983e+03 6.421406100383993953e-01
1.258666600000000017e+03 6.207490033880438407e-01
1.264000000000000000e+03 6.065895570329804531e-01
1.269333399999999983e+03 6.031899042931310184e-01
1.274666600000000017e+03 6.073838628878920343e-01
1.280000000000000000e+03 6.121390554845761445e-01
1.285333399999999983e+03 6.136492386569983859e-01
1.290666600000000017e+03 6.161601117124781979e-01
1.296000000000000000e+03 6.256220878033376120e-01
1.301333399999999983e+03 6.481667328658529126e-01
1.306666600000000017e+03 6.822186958967210169e-01
1.312000000000000000e+03 7.175983078742113053e-01
1.317333399999999983e+03 7.425568865269961405e-01
1.322666600000000017e+03 7.481989061909125605e-01
1.328000000000000000e+03 7.307795897227964410e-01
1.333333399999999983e+03 6.947231299874837562e-01
1.338666600000000017e+03 6.469102468042716714e-01
1.344000000000000000e+03 5.934943792344808955e-01
1.349333399999999983e+03 5.385268046981724899e-01
1.354666600000000017e+03 4.855210027357733660e-01
1.360000000000000000e+03 4.439762749187237123e-01
1.365333399999999983e+03 4.183815877947676953e-01
1.370666600000000017e+03 4.103250411644793760e-01
1.376000000000000000e+03 4.142167045530773528e-01
1.381333399999999983e+03 4.240411624193820561e-01
1.386666600000000017e+03 4.384548983020206681e-01
1.392000000000000000e+03 4.606166864880096856e-01
1.397333399999999983e+03 4.876582633027122804e-01
1.402666600000000017e+03 5.136586869542029143e-01
1.408000000000000000e+03 5.320195480877373262e-01
1.413333399999999983e+03 5.479064777441278178e-01
1.418666600000000017e+03 5.796147983986424945e-01
1.424000000000000000e+03 6.423200323320911176e-01
1.429333399999999983e+03 7.396859667134069172e-01
1.434666600000000017e+03 8.544444619355826553e-01
1.440000000000000000e+03 9.513604802573369934e-01
1.445333399999999983e+03 1.000000000000000000e+00
1.450666600000000017e+03 9.805870672931484844e-01
1.456000000000000000e+03 8.877848797673100201e-01
1.461333399999999983e+03 7.367606961415452682e-01
1.466666600000000017e+03 5.594265237776838706e-01
1.472000000000000000e+03 3.831490211321110784e-01
1.477333399999999983e+03 2.372955636478840113e-01
1.482666600000000017e+03 1.310307482381241340e-01
1.488000000000000000e+03 6.283253978866233658e-02
1.493333399999999983e+03 2.387927808660686088e-02
1.498666600000000017e+03 1.035831273733104838e-02
1.504000000000000000e+03 1.304127963778834408e-02
1.509333399999999983e+03 2.771608601667654645e-02
1.514666600000000017e+03 4.541807235694229894e-02
1.520000000000000000e+03 6.403124836412940613e-02
1.525333399999999983e+03 8.370134653938929303e-02
1.530666600000000017e+03 1.070898706287142510e-01
1.536000000000000000e+03 1.363342528785170538e-01
1.541333399999999983e+03 1.733531521924809859e-01
1.546666600000000017e+03 2.104359726359517901e-01
1.552000000000000000e+03 2.459662207207834184e-01
1.557333399999999983e+03 2.778372735323416665e-01
1.562666600000000017e+03 3.027166903770088791e-01
1.568000000000000000e+03 3.259546373286579257e-01
1.573333399999999983e+03 3.506101853556243819e-01
1.578666600000000017e+03 3.765139771832487492e-01
1.584000000000000000e+03 4.112715963827598409e-01
1.589333399999999983e+03 4.524523150702600693e-01
1.594666600000000017e+03 4.953449793888124453e-01
1.600000000000000000e+03 5.363807364493520247e-01
1.605333399999999983e+03 5.610836739082089020e-01
1.610666600000000017e+03 5.712184432020555036e-01
1.616000000000000000e+03 5.726181619990163840e-01
1.621333399999999983e+03 5.721492310468673237e-01
1.626666600000000017e+03 5.814818672445057901e-01
1.632000000000000000e+03 6.034159116842089388e-01
1.637333399999999983e+03 6.331306562014128447e-01
1.642666600000000017e+03 6.774361218890811998e-01
1.648000000000000000e+03 7.379854634350562215e-01
1.653333399999999983e+03 8.196333539164011306e-01
1.658666600000000017e+03 9.078354968712679662e-01
1.664000000000000000e+03 9.637287236863877338e-01
1.669333399999999983e+03 9.444335429139424365e-01
1.674666600000000017e+03 8.351226693064788265e-01
1.680000000000000000e+03 6.578465129624173624e-01
1.685333399999999983e+03 4.646250427574317166e-01
1.690666600000000017e+03 3.005770477137442720e-01
1.696000000000000000e+03 1.867453371766971681e-01
1.701333399999999983e+03 1.147557444979701580e-01
1.706666600000000017e+03 7.072777442339447940e-02
1.712000000000000000e+03 4.194939991743010244e-02
1.717333399999999983e+03 2.187473682082606563e-02
1.722666600000000017e+03 1.246569617854748416e-02
1.728000000000000000e+03 1.383793357775416066e-02
1.733333399999999983e+03 2.142720449658712042e-02
1.738666600000000017e+03 3.246582977905049239e-02
1.744000000000000000e+03 4.140529602268590986e-02
1.749333399999999983e+03 4.563822730274181422e-02
1.754666600000000017e+03 4.875099879373668427e-02
1.760000000000000000e+03 4.874613359656678607e-02
1.765333399999999983e+03 4.531450095207571749e-02
1.770666600000000017e+03 4.066398951905757231e-02
1.776000000000000000e+03 3.481696622988628143e-02
1.781333399999999983e+03 2.834127063198516733e-02
1.786666600000000017e+03 2.259613460578465544e-02
1.792000000000000000e+03 1.638626950082872069e-02
1.797333399999999983e+03 1.167818563766753227e-02
1.802666600000000017e+03 9.661427997839186488e-03
