6.080000000000000000e+02 7.945470989574300591e-02
6.133333099999999831e+02 7.093744627428609506e-02
6.186666900000000169e+02 5.821190969273262045e-02
6.240000000000000000e+02 4.365752087403486359e-02
6.293333099999999831e+02 2.995638771646516596e-02
6.346666900000000169e+02 1.953224063627544138e-02
6.400000000000000000e+02 1.153587119933587729e-02
6.453333099999999831e+02 4.033332840474870840e-03
6.506666900000000169e+02 0.000000000000000000e+00
6.560000000000000000e+02 2.748961014423866034e-03
6.613333099999999831e+02 9.971886646421018394e-03
6.666666900000000169e+02 2.183577517186183203e-02
6.720000000000000000e+02 4.053762356635173814e-02
6.773333099999999831e+02 6.501877592090597735e-02
6.826666900000000169e+02 9.460970466242163424e-02
6.880000000000000000e+02 1.238408721435191318e-01
6.933333099999999831e+02 1.444509443281389305e-01
6.986666900000000169e+02 1.537703271570678987e-01
7.040000000000000000e+02 1.541814203567394848e-01
7.093333099999999831e+02 1.462382959979463271e-01
7.146666900000000169e+02 1.346071424730028998e-01
7.200000000000000000e+02 1.206777552125930242e-01
7.253333099999999831e+02 1.031763318449125111e-01
7.306666900000000169e+02 9.181179381387633009e-02
7.360000000000000000e+02 8.897833194171422821e-02
7.413333099999999831e+02 8.873758919564173064e-02
7.466666900000000169e+02 8.672005792377086852e-02
7.520000000000000000e+02 8.040308687473021743e-02
7.573333099999999831e+02 6.614525701716221506e-02
7.626666900000000169e+02 5.869178167981099065e-02
7.680000000000000000e+02 5.790732433897222836e-02
7.733333099999999831e+02 6.041440733231211863e-02
7.786666900000000169e+02 6.614406736362982153e-02
7.840000000000000000e+02 7.710595341008649739e-02
7.893333099999999831e+02 9.455082553330228234e-02
7.946666900000000169e+02 1.260992037633043017e-01
8.000000000000000000e+02 1.636251514701647092e-01
8.053333099999999831e+02 2.008356711083218449e-01
8.106666900000000169e+02 2.342607593988665915e-01
8.160000000000000000e+02 2.600380803941738095e-01
8.213333099999999831e+02 2.764367783092669395e-01
8.266666900000000169e+02 2.903573298781511047e-01
8.320000000000000000e+02 3.083540905704537094e-01
8.373333099999999831e+02 3.305583988767403225e-01
8.426666900000000169e+02 3.512830888080351599e-01
8.480000000000000000e+02 3.620246979220611561e-01
8.533333099999999831e+02 3.557522947503534705e-01
8.586666900000000169e+02 3.378176872208992210e-01
8.640000000000000000e+02 3.221170888098666696e-01
8.693333099999999831e+02 3.087116226382862760e-01
8.746666900000000169e+02 2.928463515348271873e-01
8.800000000000000000e+02 2.731281174481904883e-01
8.853333099999999831e+02 2.539560703836736821e-01
8.906666900000000169e+02 2.416966081555294577e-01
8.960000000000000000e+02 2.457354510408221171e-01
9.013333099999999831e+02 2.613013105610639819e-01
9.066666900000000169e+02 2.809067601878633136e-01
9.120000000000000000e+02 3.022181343109230367e-01
9.173333099999999831e+02 3.223319811270701218e-01
9.226666900000000169e+02 3.361855844159188367e-01
9.280000000000000000e+02 3.364307132006846279e-01
9.333333099999999831e+02 3.194459060567587660e-01
9.386666900000000169e+02 2.926869737512366454e-01
9.440000000000000000e+02 2.708197821590930809e-01
9.493333099999999831e+02 2.573715191674915692e-01
9.546666900000000169e+02 2.553219252651441340e-01
9.600000000000000000e+02 2.535056987634552450e-01
9.653333099999999831e+02 2.472512104745759332e-01
9.706666900000000169e+02 2.467847826527745925e-01
9.760000000000000000e+02 2.729192522257963827e-01
9.813333099999999831e+02 3.336760292039622766e-01
9.866666900000000169e+02 4.179846489204336879e-01
9.920000000000000000e+02 4.882074660130382715e-01
9.973333099999999831e+02 5.081990693858879915e-01
1.002666699999999992e+03 4.706830667143521718e-01
1.008000000000000000e+03 4.097178164976782999e-01
1.013333300000000008e+03 3.641812798286827579e-01
1.018666699999999992e+03 3.456432766927833300e-01
1.024000000000000000e+03 3.421257184651391170e-01
1.029333399999999983e+03 3.322150547595640879e-01
1.034666600000000017e+03 3.061085057445630531e-01
1.040000000000000000e+03 2.718128411004969158e-01
1.045333399999999983e+03 2.401222282389834650e-01
1.050666600000000017e+03 2.135718830853211014e-01
1.056000000000000000e+03 2.001723889145186064e-01
1.061333399999999983e+03 2.012532403128387548e-01
1.066666600000000017e+03 2.159435312287707465e-01
1.072000000000000000e+03 2.368812915572994504e-01
1.077333399999999983e+03 2.553728950290860000e-01
1.082666600000000017e+03 2.608772576133690513e-01
1.088000000000000000e+03 2.577207388972419522e-01
1.093333399999999983e+03 2.452888178176289014e-01
1.098666600000000017e+03 2.267566342432086046e-01
1.104000000000000000e+03 2.064060420162829312e-01
1.109333399999999983e+03 1.843286925131160103e-01
1.114666600000000017e+03 1.532848532878798020e-01
1.120000000000000000e+03 1.140899100854948778e-01
1.125333399999999983e+03 6.762759326537835791e-02
1.130666600000000017e+03 2.772616358283841453e-02
1.136000000000000000e+03 9.449059164689646573e-03
1.141333399999999983e+03 1.580774642102760613e-02
1.146666600000000017e+03 3.983362907076608284e-02
1.152000000000000000e+03 7.110321013348222530e-02
1.157333399999999983e+03 9.525916791117423899e-02
1.162666600000000017e+03 1.119542408653353555e-01
1.168000000000000000e+03 1.246705509673888546e-01
1.173333399999999983e+03 1.321389903415461364e-01
1.178666600000000017e+03 1.423813486969935094e-01
1.184000000000000000e+03 1.658415538943096568e-01
1.189333399999999983e+03 2.014883683510561019e-01
1.194666600000000017e+03 2.505188196083416030e-01
1.200000000000000000e+03 3.093293620573064340e-01
1.205333399999999983e+03 3.662633673159983450e-01
1.210666600000000017e+03 4.231927159925860105e-01
1.216000000000000000e+03 4.850050340588863973e-01
1.221333399999999983e+03 5.477624841738060191e-01
1.226666600000000017e+03 6.100198680843103016e-01
1.232000000000000000e+03 6.603579084752599915e-01
1.237333399999999983e+03 6.828899208579566338e-01
1.242666600000000017e+03 6.728147586158650384e-01
1.248000000000000000e+03 6.373585464218660679e-01
1.253333399999999983e+03 5.954080282737316265e-01
1.258666600000000017e+03 5.669568235381973187e-01
1.264000000000000000e+03 5.551710628654098478e-01
1.269333399999999983e+03 5.573358741793235094e-01
1.274666600000000017e+03 5.615701413331259939e-01
1.280000000000000000e+03 5.596442366013706371e-01
1.285333399999999983e+03 5.592519020015637166e-01
1.290666600000000017e+03 5.654858229097426969e-01
1.296000000000000000e+03 5.820094356670968416e-01
1.301333399999999983e+03 6.152840879930820961e-01
1.306666600000000017e+03 6.527919311338168384e-01
1.312000000000000000e+03 6.818304026331032386e-01
1.317333399999999983e+03 6.986848245284305037e-01
1.322666600000000017e+03 6.978166320924067412e-01
1.328000000000000000e+03 6.759651561878631254e-01
1.333333399999999983e+03 6.384073135729732007e-01
1.338666600000000017e+03 5.775042618349693901e-01
1.344000000000000000e+03 5.012863894163098744e-01
1.349333399999999983e+03 4.246881436303954205e-01
1.354666600000000017e+03 3.608710150514362613e-01
1.360000000000000000e+03 3.140968556945283874e-01
1.365333399999999983e+03 2.902822984064166723e-01
1.370666600000000017e+03 2.775980274813160120e-01
1.376000000000000000e+03 2.758296474009400701e-01
1.381333399999999983e+03 2.876603071941181700e-01
1.386666600000000017e+03 3.176535095666560005e-01
1.392000000000000000e+03 3.621134560792321211e-01
1.397333399999999983e+03 4.121584510431916537e-01
1.402666600000000017e+03 4.473866101840595078e-01
1.408000000000000000e+03 4.624513424683326379e-01
1.413333399999999983e+03 4.712126724319207760e-01
1.418666600000000017e+03 5.024371523960184938e-01
1.424000000000000000e+03 5.811933326829903379e-01
1.429333399999999983e+03 7.063518004172655296e-01
1.434666600000000017e+03 8.455459915737089105e-01
1.440000000000000000e+03 9.554685749427932473e-01
1.445333399999999983e+03 9.999999999999998890e-01
1.450666600000000017e+03 9.661659574495990999e-01
1.456000000000000000e+03 8.642742648637504743e-01
1.461333399999999983e+03 7.121647375788540124e-01
1.466666600000000017e+03 5.348147886737983914e-01
1.472000000000000000e+03 3.618542966310897557e-01
1.477333399999999983e+03 2.184125211436398484e-01
1.482666600000000017e+03 1.206787401075727767e-01
1.488000000000000000e+03 6.664846104290296502e-02
1.493333399999999983e+03 4.034696360151951433e-02
1.498666600000000017e+03 2.388085917613352177e-02
1.504000000000000000e+03 1.232831343671827486e-02
1.509333399999999983e+03 9.258727437611248903e-03
1.514666600000000017e+03 1.888443952236183374e-02
1.520000000000000000e+03 4.084451833835767848e-02
1.525333399999999983e+03 7.081912315894141330e-02
1.530666600000000017e+03 1.010177629418263917e-01
1.536000000000000000e+03 1.287979540614803131e-01
1.541333399999999983e+03 1.563321908843692820e-01
1.546666600000000017e+03 1.811117761577276108e-01
1.552000000000000000e+03 2.023206150871600939e-01
1.557333399999999983e+03 2.179773151014105237e-01
1.562666600000000017e+03 2.342444113616281021e-01
1.568000000000000000e+03 2.499032274273929322e-01
1.573333399999999983e+03 2.682247326305478574e-01
1.578666600000000017e+03 2.881649332793290164e-01
1.584000000000000000e+03 3.137669114037655582e-01
1.589333399999999983e+03 3.424448841457380377e-01
1.594666600000000017e+03 3.782649710875623517e-01
1.600000000000000000e+03 4.085770268748782907e-01
1.605333399999999983e+03 4.236276511871053252e-01
1.610666600000000017e+03 4.212554077668379526e-01
1.616000000000000000e+03 4.165074930332985370e-01
1.621333399999999983e+03 4.234445002178741091e-01
1.626666600000000017e+03 4.513300722142774557e-01
1.632000000000000000e+03 5.003618511446680239e-01
1.637333399999999983e+03 5.666828382094271088e-01
1.642666600000000017e+03 6.489316590443401367e-01
1.648000000000000000e+03 7.474668977127338909e-01
1.653333399999999983e+03 8.489048959568855635e-01
1.658666600000000017e+03 9.221299381609020518e-01
1.664000000000000000e+03 9.386718992693678931e-01
1.669333399999999983e+03 8.827455816765500396e-01
1.674666600000000017e+03 7.646266759525797152e-01
1.680000000000000000e+03 6.123446711909593665e-01
1.685333399999999983e+03 4.534040068417739544e-01
1.690666600000000017e+03 3.083703969777614184e-01
1.696000000000000000e+03 1.882195519381249516e-01
1.701333399999999983e+03 9.654449431818759586e-02
1.706666600000000017e+03 3.856061897799194227e-02
1.712000000000000000e+03 1.440316348630705894e-02
1.717333399999999983e+03 1.392219070761853764e-02
1.722666600000000017e+03 2.619869977487838952e-02
1.728000000000000000e+03 3.997003362492181772e-02
1.733333399999999983e+03 4.732761626772317987e-02
1.738666600000000017e+03 4.969670257661408519e-02
1.744000000000000000e+03 5.155798059323783017e-02
1.749333399999999983e+03 5.410544237618213764e-02
1.754666600000000017e+03 5.649195848627473759e-02
1.760000000000000000e+03 5.474786031636424272e-02
1.765333399999999983e+03 4.799678133477092851e-02
1.770666600000000017e+03 3.802212988844472924e-02
1.776000000000000000e+03 3.098413103944316210e-02
1.781333399999999983e+03 3.212700779437625831e-02
1.786666600000000017e+03 4.003189658205395796e-02
1.792000000000000000e+03 4.545300250115276441e-02
1.797333399999999983e+03 3.740546917173651065e-02
1.802666600000000017e+03 6.503960400335221173e-03
