6.080000000000000000e+02 5.261024793646555675e-02
6.133333099999999831e+02 5.398872016502045956e-02
6.186666900000000169e+02 5.342479215830741451e-02
6.240000000000000000e+02 5.004835313535245522e-02
6.293333099999999831e+02 4.228749773473409329e-02
6.346666900000000169e+02 2.962496107686864166e-02
6.400000000000000000e+02 1.546282533941075073e-02
6.453333099999999831e+02 6.409289273367168617e-03
6.506666900000000169e+02 2.309433886178186013e-03
6.560000000000000000e+02 0.000000000000000000e+00
6.613333099999999831e+02 2.256557535516142028e-03
6.666666900000000169e+02 1.082738066754599868e-02
6.720000000000000000e+02 2.582991753505899102e-02
6.773333099999999831e+02 4.804761384343767677e-02
6.826666900000000169e+02 7.279316441931231452e-02
6.880000000000000000e+02 9.417978839046522999e-02
6.933333099999999831e+02 1.110746280808061620e-01
6.986666900000000169e+02 1.212004355329833333e-01
7.040000000000000000e+02 1.213551840730382470e-01
7.093333099999999831e+02 1.129465259119659809e-01
7.146666900000000169e+02 9.813105150621719008e-02
7.200000000000000000e+02 8.332816423740997680e-02
7.253333099999999831e+02 6.910866375743432433e-02
7.306666900000000169e+02 5.920774704856767573e-02
7.360000000000000000e+02 5.221051639556006235e-02
7.413333099999999831e+02 4.594084714923608870e-02
7.466666900000000169e+02 4.041420280075965626e-02
7.520000000000000000e+02 3.867855887876837928e-02
7.573333099999999831e+02 3.138966105108787624e-02
7.626666900000000169e+02 2.491984960296270146e-02
7.680000000000000000e+02 2.094992676279853333e-02
7.733333099999999831e+02 1.942343706572060430e-02
7.786666900000000169e+02 2.305787740605211300e-02
7.840000000000000000e+02 3.537836748168087658e-02
7.893333099999999831e+02 5.207716988889181386e-02
7.946666900000000169e+02 7.665842648348977773e-02
8.000000000000000000e+02 1.099346122988099639e-01
8.053333099999999831e+02 1.462197143062429205e-01
8.106666900000000169e+02 1.787915932054769397e-01
8.160000000000000000e+02 2.035476777187168185e-01
8.213333099999999831e+02 2.183788324260736713e-01
8.266666900000000169e+02 2.283131660203038815e-01
8.320000000000000000e+02 2.376275113098892111e-01
8.373333099999999831e+02 2.479303671954512789e-01
8.426666900000000169e+02 2.650341089860855370e-01
8.480000000000000000e+02 2.913819137707557294e-01
8.533333099999999831e+02 3.222163475643518016e-01
8.586666900000000169e+02 3.496747812245677989e-01
8.640000000000000000e+02 3.570016651601945479e-01
8.693333099999999831e+02 3.360469714070156155e-01
8.746666900000000169e+02 2.954546290185718904e-01
8.800000000000000000e+02 2.531438412218757206e-01
8.853333099999999831e+02 2.241533967664783855e-01
8.906666900000000169e+02 2.165442934072929482e-01
8.960000000000000000e+02 2.254636081763004840e-01
9.013333099999999831e+02 2.421923758201353361e-01
9.066666900000000169e+02 2.591121788503328860e-01
9.120000000000000000e+02 2.751808578946144945e-01
9.173333099999999831e+02 2.877993888946059342e-01
9.226666900000000169e+02 2.960819769241589960e-01
9.280000000000000000e+02 2.955896561776809595e-01
9.333333099999999831e+02 2.848571885555584715e-01
9.386666900000000169e+02 2.678623027624678632e-01
9.440000000000000000e+02 2.530547689262955258e-01
9.493333099999999831e+02 2.422922738181436386e-01
9.546666900000000169e+02 2.356694949233376080e-01
9.600000000000000000e+02 2.280828056393494341e-01
9.653333099999999831e+02 2.164645576191683574e-01
9.706666900000000169e+02 2.037354593430265315e-01
9.760000000000000000e+02 2.112247860008007183e-01
9.813333099999999831e+02 2.513328204702940938e-01
9.866666900000000169e+02 3.179401736239246268e-01
9.920000000000000000e+02 3.859059889521677111e-01
9.973333099999999831e+02 4.194547956857070381e-01
1.002666699999999992e+03 3.946295545557373941e-01
1.008000000000000000e+03 3.369991438086956670e-01
1.013333300000000008e+03 2.845810422280062868e-01
1.018666699999999992e+03 2.618633530253264285e-01
1.024000000000000000e+03 2.706696378726114460e-01
1.029333399999999983e+03 2.915536522577129031e-01
1.034666600000000017e+03 2.977372308767370912e-01
1.040000000000000000e+03 2.849305865003161631e-01
1.045333399999999983e+03 2.617928618591928158e-01
1.050666600000000017e+03 2.394220183461547857e-01
1.056000000000000000e+03 2.266846978630398801e-01
1.061333399999999983e+03 2.266564734838996120e-01
1.066666600000000017e+03 2.343621870446143673e-01
1.072000000000000000e+03 2.437685311165044277e-01
1.077333399999999983e+03 2.501708591825846928e-01
1.082666600000000017e+03 2.527637000493795361e-01
1.088000000000000000e+03 2.488363183338885565e-01
1.093333399999999983e+03 2.358805244374225230e-01
1.098666600000000017e+03 2.163262586988485836e-01
1.104000000000000000e+03 1.928251293205911210e-01
1.109333399999999983e+03 1.670045069842862606e-01
1.114666600000000017e+03 1.407781205671673752e-01
1.120000000000000000e+03 1.091726235717404847e-01
1.125333399999999983e+03 7.130921234146023191e-02
1.130666600000000017e+03 3.567188358552556698e-02
1.136000000000000000e+03 1.122932831300977458e-02
1.141333399999999983e+03 6.432608350318695309e-03
1.146666600000000017e+03 2.290365643799938122e-02
1.152000000000000000e+03 4.996091625457042829e-02
1.157333399999999983e+03 7.758256311416066031e-02
1.162666600000000017e+03 9.753702114844983728e-02
1.168000000000000000e+03 1.069415687363104717e-01
1.173333399999999983e+03 1.079043054448337036e-01
1.178666600000000017e+03 1.127062381200556185e-01
1.184000000000000000e+03 1.262764667307706146e-01
1.189333399999999983e+03 1.547144105766881661e-01
1.194666600000000017e+03 1.965797040628997350e-01
1.200000000000000000e+03 2.455162652478682928e-01
1.205333399999999983e+03 2.913929839592561688e-01
1.210666600000000017e+03 3.439161331205763950e-01
1.216000000000000000e+03 4.067562011181817816e-01
1.221333399999999983e+03 4.840685564525671336e-01
1.226666600000000017e+03 5.698177865056696101e-01
1.232000000000000000e+03 6.438973091128203929e-01
1.237333399999999983e+03 6.840444649787376097e-01
1.242666600000000017e+03 6.902027273817252784e-01
1.248000000000000000e+03 6.651131234636835643e-01
1.253333399999999983e+03 6.271194924518157521e-01
1.258666600000000017e+03 5.961159321294766666e-01
1.264000000000000000e+03 5.812106768453114691e-01
1.269333399999999983e+03 5.778960491556314194e-01
1.274666600000000017e+03 5.785618856023798662e-01
1.280000000000000000e+03 5.685438575651535764e-01
1.285333399999999983e+03 5.523512156722151234e-01
1.290666600000000017e+03 5.436387454249448359e-01
1.296000000000000000e+03 5.560262978034349324e-01
1.301333399999999983e+03 5.892295594753074184e-01
1.306666600000000017e+03 6.335667962907796102e-01
1.312000000000000000e+03 6.661878454585593579e-01
1.317333399999999983e+03 6.787973261685007476e-01
1.322666600000000017e+03 6.708959557117556427e-01
1.328000000000000000e+03 6.472035576163795989e-01
1.333333399999999983e+03 6.080151129834943102e-01
1.338666600000000017e+03 5.573170071838134954e-01
1.344000000000000000e+03 4.938752367283675282e-01
1.349333399999999983e+03 4.279752823590810551e-01
1.354666600000000017e+03 3.679345847526330204e-01
1.360000000000000000e+03 3.247717570265918896e-01
1.365333399999999983e+03 3.013121203749090093e-01
1.370666600000000017e+03 2.992850052041134967e-01
1.376000000000000000e+03 3.154757209119737893e-01
1.381333399999999983e+03 3.430667856722501852e-01
1.386666600000000017e+03 3.706294404071537874e-01
1.392000000000000000e+03 3.963610653401672956e-01
1.397333399999999983e+03 4.171718270394491612e-01
1.402666600000000017e+03 4.288008948339036008e-01
1.408000000000000000e+03 4.344584141091180629e-01
1.413333399999999983e+03 4.450210606214458076e-01
1.418666600000000017e+03 4.793959815983761530e-01
1.424000000000000000e+03 5.589714438840395205e-01
1.429333399999999983e+03 6.886345246017807620e-01
1.434666600000000017e+03 8.344752330358047310e-01
1.440000000000000000e+03 9.502727830907363726e-01
1.445333399999999983e+03 9.999999999999998890e-01
1.450666600000000017e+03 9.669043871466710405e-01
1.456000000000000000e+03 8.621744124634826978e-01
1.461333399999999983e+03 7.169735174666055366e-01
1.466666600000000017e+03 5.498518918667095745e-01
1.472000000000000000e+03 3.824164034917405530e-01
1.477333399999999983e+03 2.367030917010854441e-01
1.482666600000000017e+03 1.251049967600739998e-01
1.488000000000000000e+03 5.498311652576883674e-02
1.493333399999999983e+03 2.287843976758774378e-02
1.498666600000000017e+03 1.238247857514887529e-02
1.504000000000000000e+03 9.751839134195810707e-03
1.509333399999999983e+03 7.184693509611400630e-03
1.514666600000000017e+03 5.378046566066383045e-03
1.520000000000000000e+03 1.156435231274199373e-02
1.525333399999999983e+03 2.927604281628755356e-02
1.530666600000000017e+03 5.779417176728830069e-02
1.536000000000000000e+03 9.178284876885968446e-02
1.541333399999999983e+03 1.232729304876084564e-01
1.546666600000000017e+03 1.516739069085366876e-01
1.552000000000000000e+03 1.753444927607537285e-01
1.557333399999999983e+03 1.948963249802956599e-01
1.562666600000000017e+03 2.088795240105597029e-01
1.568000000000000000e+03 2.181479811618298459e-01
1.573333399999999983e+03 2.271329475473269632e-01
1.578666600000000017e+03 2.462615188849612002e-01
1.584000000000000000e+03 2.756698752615323045e-01
1.589333399999999983e+03 3.153690787796484263e-01
1.594666600000000017e+03 3.526907839352123597e-01
1.600000000000000000e+03 3.793998959559452544e-01
1.605333399999999983e+03 3.950931365171858611e-01
1.610666600000000017e+03 4.084195630881494732e-01
1.616000000000000000e+03 4.265641199276714035e-01
1.621333399999999983e+03 4.587370804603319585e-01
1.626666600000000017e+03 5.013963580473367321e-01
1.632000000000000000e+03 5.520356662697510908e-01
1.637333399999999983e+03 6.082853540089178113e-01
1.642666600000000017e+03 6.735731663029507210e-01
1.648000000000000000e+03 7.470061707827614361e-01
1.653333399999999983e+03 8.214570312161749710e-01
1.658666600000000017e+03 8.762241384674738232e-01
1.664000000000000000e+03 8.874479492025870719e-01
1.669333399999999983e+03 8.410021846796815748e-01
1.674666600000000017e+03 7.419524473395812114e-01
1.680000000000000000e+03 6.103229679080437453e-01
1.685333399999999983e+03 4.707440380863495144e-01
1.690666600000000017e+03 3.394595882640561446e-01
1.696000000000000000e+03 2.268043560486835419e-01
1.701333399999999983e+03 1.386516014690169774e-01
1.706666600000000017e+03 7.520744837724202547e-02
1.712000000000000000e+03 3.783987591213727048e-02
1.717333399999999983e+03 2.195601662375074731e-02
1.722666600000000017e+03 1.684603114579041883e-02
1.728000000000000000e+03 1.714684413370628352e-02
1.733333399999999983e+03 1.918136787173094909e-02
1.738666600000000017e+03 1.953905822716547197e-02
1.744000000000000000e+03 2.104045652791396159e-02
1.749333399999999983e+03 2.334158452799520167e-02
1.754666600000000017e+03 2.437822764712747198e-02
1.760000000000000000e+03 2.564539663442348683e-02
1.765333399999999983e+03 2.883423475029509714e-02
1.770666600000000017e+03 3.158822403398402895e-02
1.776000000000000000e+03 3.502871237934632870e-02
1.781333399999999983e+03 3.441946902245353324e-02
1.786666600000000017e+03 2.740595514622408413e-02
1.792000000000000000e+03 1.734755039794613762e-02
1.797333399999999983e+03 9.322431565131033063e-03
1.802666600000000017e+03 7.267770601904541619e-03
