6.080000000000000000e+02 1.476581544031376203e-01
6.133333099999999831e+02 9.192638871402354639e-02
6.186666900000000169e+02 5.627094570757883163e-02
6.240000000000000000e+02 3.537296332699821355e-02
6.293333099999999831e+02 2.375524293077684729e-02
6.346666900000000169e+02 1.338395311720205934e-02
6.400000000000000000e+02 4.874593684444548762e-03
6.453333099999999831e+02 1.293306934195869243e-03
6.506666900000000169e+02 0.000000000000000000e+00
6.560000000000000000e+02 7.633773885727070628e-03
6.613333099999999831e+02 2.509364088307530077e-02
6.666666900000000169e+02 4.866907569640630676e-02
6.720000000000000000e+02 7.562334592558711543e-02
6.773333099999999831e+02 1.010466891265358325e-01
6.826666900000000169e+02 1.179517216045313649e-01
6.880000000000000000e+02 1.258174942907701599e-01
6.933333099999999831e+02 1.288214540724290369e-01
6.986666900000000169e+02 1.333888225541303707e-01
7.040000000000000000e+02 1.397378894740892441e-01
7.093333099999999831e+02 1.427147699194202535e-01
7.146666900000000169e+02 1.415575664502118913e-01
7.200000000000000000e+02 1.341571794456162814e-01
7.253333099999999831e+02 1.211113888173509096e-01
7.306666900000000169e+02 1.110271429189811643e-01
7.360000000000000000e+02 1.024668821213526315e-01
7.413333099999999831e+02 9.161481067306330439e-02
7.466666900000000169e+02 8.510143441647882723e-02
7.520000000000000000e+02 8.531948575924001854e-02
7.573333099999999831e+02 9.057667930561899561e-02
7.626666900000000169e+02 1.028435115930675103e-01
7.680000000000000000e+02 1.125251275817156643e-01
7.733333099999999831e+02 1.202054566441741051e-01
7.786666900000000169e+02 1.301412802113771638e-01
7.840000000000000000e+02 1.495994967903890582e-01
7.893333099999999831e+02 1.765751222190963254e-01
7.946666900000000169e+02 2.065426619916255480e-01
8.000000000000000000e+02 2.324317614456528069e-01
8.053333099999999831e+02 2.636008040845952971e-01
8.106666900000000169e+02 2.954027982457717583e-01
8.160000000000000000e+02 3.232116834059621802e-01
8.213333099999999831e+02 3.468079964025348461e-01
8.266666900000000169e+02 3.668432768164844870e-01
8.320000000000000000e+02 3.860147033322312571e-01
8.373333099999999831e+02 4.079860642534910431e-01
8.426666900000000169e+02 4.169540976593980042e-01
8.480000000000000000e+02 3.966560217611340700e-01
8.533333099999999831e+02 3.652002162208693448e-01
8.586666900000000169e+02 3.411505958382384796e-01
8.640000000000000000e+02 3.354048877073654844e-01
8.693333099999999831e+02 3.449965735819491841e-01
8.746666900000000169e+02 3.515238269813416028e-01
8.800000000000000000e+02 3.401732922933698999e-01
8.853333099999999831e+02 3.245866787138783072e-01
8.906666900000000169e+02 3.118160520640739231e-01
8.960000000000000000e+02 3.091812598135383339e-01
9.013333099999999831e+02 3.214778787708374441e-01
9.066666900000000169e+02 3.430368315305189486e-01
9.120000000000000000e+02 3.745073240829885353e-01
9.173333099999999831e+02 4.072976162580224102e-01
9.226666900000000169e+02 4.189010467433600393e-01
9.280000000000000000e+02 4.047398454498701281e-01
9.333333099999999831e+02 3.681135446493544738e-01
9.386666900000000169e+02 3.196188478796406773e-01
9.440000000000000000e+02 2.907805248788656871e-01
9.493333099999999831e+02 2.859140002471443620e-01
9.546666900000000169e+02 2.943759432942208987e-01
9.600000000000000000e+02 3.117510013335340058e-01
9.653333099999999831e+02 3.203327987711471758e-01
9.706666900000000169e+02 3.121670978863782531e-01
9.760000000000000000e+02 3.128137560347021284e-01
9.813333099999999831e+02 3.361046556004506636e-01
9.866666900000000169e+02 3.807253058412702340e-01
9.920000000000000000e+02 4.316117912583903871e-01
9.973333099999999831e+02 4.530356383200090931e-01
1.002666699999999992e+03 4.226986429984141425e-01
1.008000000000000000e+03 3.684278228738020466e-01
1.013333300000000008e+03 3.255481528566874228e-01
1.018666699999999992e+03 3.110874210247895899e-01
1.024000000000000000e+03 3.211476923362194258e-01
1.029333399999999983e+03 3.348205865716316065e-01
1.034666600000000017e+03 3.295262560718746347e-01
1.040000000000000000e+03 3.110295380763432038e-01
1.045333399999999983e+03 2.788434879685985912e-01
1.050666600000000017e+03 2.365157292219177976e-01
1.056000000000000000e+03 1.923296224970698354e-01
1.061333399999999983e+03 1.627878416068407608e-01
1.066666600000000017e+03 1.604272909796317925e-01
1.072000000000000000e+03 1.970455428569162504e-01
1.077333399999999983e+03 2.462969148010333287e-01
1.082666600000000017e+03 2.861695800276713442e-01
1.088000000000000000e+03 2.981016928606975980e-01
1.093333399999999983e+03 2.786698503666193982e-01
1.098666600000000017e+03 2.406755237072664144e-01
1.104000000000000000e+03 2.002477650396105591e-01
1.109333399999999983e+03 1.583068850767402336e-01
1.114666600000000017e+03 1.181713252220311927e-01
1.120000000000000000e+03 7.981885179026020072e-02
1.125333399999999983e+03 4.555345311568667621e-02
1.130666600000000017e+03 2.248707077279751831e-02
1.136000000000000000e+03 9.931366825352224564e-03
1.141333399999999983e+03 1.238483790228995553e-02
1.146666600000000017e+03 2.965650395890278429e-02
1.152000000000000000e+03 5.406102856407635909e-02
1.157333399999999983e+03 8.130942324773773877e-02
1.162666600000000017e+03 1.030232723653203980e-01
1.168000000000000000e+03 1.088360654807541267e-01
1.173333399999999983e+03 1.083693241364157289e-01
1.178666600000000017e+03 1.132540166641949897e-01
1.184000000000000000e+03 1.305233502187905237e-01
1.189333399999999983e+03 1.702059718752709228e-01
1.194666600000000017e+03 2.235794756025245578e-01
1.200000000000000000e+03 2.728907488200980613e-01
1.205333399999999983e+03 3.173627692223379149e-01
1.210666600000000017e+03 3.633248629271491059e-01
1.216000000000000000e+03 4.228045306990265706e-01
1.221333399999999983e+03 5.035882857901575749e-01
1.226666600000000017e+03 5.933166982140659629e-01
1.232000000000000000e+03 6.632187918539310667e-01
1.237333399999999983e+03 6.964983722510013076e-01
1.242666600000000017e+03 6.940576085135422568e-01
1.248000000000000000e+03 6.677059371975506696e-01
1.253333399999999983e+03 6.352642559611302309e-01
1.258666600000000017e+03 6.139228612779960015e-01
1.264000000000000000e+03 5.968212103442768202e-01
1.269333399999999983e+03 5.800025852488742695e-01
1.274666600000000017e+03 5.658236682557653552e-01
1.280000000000000000e+03 5.488554134043734933e-01
1.285333399999999983e+03 5.341154870543477484e-01
1.290666600000000017e+03 5.342834992370086855e-01
1.296000000000000000e+03 5.410475983011240331e-01
1.301333399999999983e+03 5.529705375121090061e-01
1.306666600000000017e+03 5.712917896738410883e-01
1.312000000000000000e+03 5.915496680243141903e-01
1.317333399999999983e+03 6.106370652883682526e-01
1.322666600000000017e+03 6.310676804215519242e-01
1.328000000000000000e+03 6.339050754488617656e-01
1.333333399999999983e+03 6.066145096873956089e-01
1.338666600000000017e+03 5.457968860548039203e-01
1.344000000000000000e+03 4.684561272305006741e-01
1.349333399999999983e+03 3.866421348297329197e-01
1.354666600000000017e+03 3.292588256658408041e-01
1.360000000000000000e+03 2.985487214002466305e-01
1.365333399999999983e+03 2.886074086945751294e-01
1.370666600000000017e+03 2.892704401832446037e-01
1.376000000000000000e+03 3.035279002932178560e-01
1.381333399999999983e+03 3.194935890472466733e-01
1.386666600000000017e+03 3.473196260160743010e-01
1.392000000000000000e+03 3.825563781357732562e-01
1.397333399999999983e+03 4.186242128436512555e-01
1.402666600000000017e+03 4.516910039992400594e-01
1.408000000000000000e+03 4.828204641857232748e-01
1.413333399999999983e+03 5.128964926504737676e-01
1.418666600000000017e+03 5.546413072357558871e-01
1.424000000000000000e+03 6.200721737600080052e-01
1.429333399999999983e+03 7.173453186007587856e-01
1.434666600000000017e+03 8.320447636449878059e-01
1.440000000000000000e+03 9.375395342942748345e-01
1.445333399999999983e+03 1.000000000000000000e+00
1.450666600000000017e+03 9.878167125703810614e-01
1.456000000000000000e+03 9.002083664494345827e-01
1.461333399999999983e+03 7.618485688491757335e-01
1.466666600000000017e+03 5.911291425558917734e-01
1.472000000000000000e+03 4.251733792206668361e-01
1.477333399999999983e+03 2.867614182437663306e-01
1.482666600000000017e+03 1.776009433288813222e-01
1.488000000000000000e+03 9.746140063626278216e-02
1.493333399999999983e+03 4.781830864235693535e-02
1.498666600000000017e+03 1.780519034837732550e-02
1.504000000000000000e+03 1.061889680241115408e-02
1.509333399999999983e+03 2.591863993217978501e-02
1.514666600000000017e+03 5.086583537056010157e-02
1.520000000000000000e+03 7.051486759947744876e-02
1.525333399999999983e+03 8.430020203267392376e-02
1.530666600000000017e+03 1.016962145979809912e-01
1.536000000000000000e+03 1.265943014436818892e-01
1.541333399999999983e+03 1.601631298725265384e-01
1.546666600000000017e+03 1.909161003255565592e-01
1.552000000000000000e+03 2.069920336449453113e-01
1.557333399999999983e+03 2.087699626645410367e-01
1.562666600000000017e+03 2.154231349112537275e-01
1.568000000000000000e+03 2.344060735669252771e-01
1.573333399999999983e+03 2.633480694240399322e-01
1.578666600000000017e+03 2.893278498236486751e-01
1.584000000000000000e+03 3.147977981087138333e-01
1.589333399999999983e+03 3.377527939061049089e-01
1.594666600000000017e+03 3.614380766973583903e-01
1.600000000000000000e+03 3.857393711612148168e-01
1.605333399999999983e+03 4.002134909726777212e-01
1.610666600000000017e+03 3.996177569874481139e-01
1.616000000000000000e+03 4.055427249011655522e-01
1.621333399999999983e+03 4.300012657731240306e-01
1.626666600000000017e+03 4.830326339717785356e-01
1.632000000000000000e+03 5.588393871642280963e-01
1.637333399999999983e+03 6.366568382639198331e-01
1.642666600000000017e+03 7.074682366287726731e-01
1.648000000000000000e+03 7.715785483983101933e-01
1.653333399999999983e+03 8.290582362573259978e-01
1.658666600000000017e+03 8.799199290325880884e-01
1.664000000000000000e+03 9.039754164811523163e-01
1.669333399999999983e+03 8.763684684238460809e-01
1.674666600000000017e+03 7.934542134201767460e-01
1.680000000000000000e+03 6.630115493262631610e-01
1.685333399999999983e+03 5.084596266405739806e-01
1.690666600000000017e+03 3.601831756419547337e-01
1.696000000000000000e+03 2.354853527031114668e-01
1.701333399999999983e+03 1.411665365566644459e-01
1.706666600000000017e+03 7.797889128237332768e-02
1.712000000000000000e+03 3.759113447203891317e-02
1.717333399999999983e+03 1.700568311892843021e-02
1.722666600000000017e+03 1.626129563528354652e-02
1.728000000000000000e+03 2.568755475693239310e-02
1.733333399999999983e+03 3.769724544182847387e-02
1.738666600000000017e+03 4.566573040716243037e-02
1.744000000000000000e+03 4.192162112469734192e-02
1.749333399999999983e+03 3.612124507517440464e-02
1.754666600000000017e+03 4.046818015211114949e-02
1.760000000000000000e+03 5.570460298016222112e-02
1.765333399999999983e+03 7.765981107133745898e-02
1.770666600000000017e+03 9.611603826229726810e-02
1.776000000000000000e+03 9.572852799321643347e-02
1.781333399999999983e+03 7.638702919684826897e-02
1.786666600000000017e+03 4.628466794082369135e-02
1.792000000000000000e+03 1.791374486971746699e-02
1.797333399999999983e+03 6.947880633663449865e-03
1.802666600000000017e+03 2.673866666532376257e-02
