6.080000000000000000e+02 7.877281167831143294e-02
6.133333099999999831e+02 6.726953894984631643e-02
6.186666900000000169e+02 4.931792996350785330e-02
6.240000000000000000e+02 2.982506774050502907e-02
6.293333099999999831e+02 1.456269247616831519e-02
6.346666900000000169e+02 9.297691488368970553e-03
6.400000000000000000e+02 1.253814581914731649e-02
6.453333099999999831e+02 1.888752178815671784e-02
6.506666900000000169e+02 2.299620527541539755e-02
6.560000000000000000e+02 2.179958129552241053e-02
6.613333099999999831e+02 1.219593329993210774e-02
6.666666900000000169e+02 1.654812321356840740e-03
6.720000000000000000e+02 0.000000000000000000e+00
6.773333099999999831e+02 1.192823237159781197e-02
6.826666900000000169e+02 3.919886393115561141e-02
6.880000000000000000e+02 6.992897368662678859e-02
6.933333099999999831e+02 9.315167932064991052e-02
6.986666900000000169e+02 1.019660616179478285e-01
7.040000000000000000e+02 1.029076993306523580e-01
7.093333099999999831e+02 1.012757195375988684e-01
7.146666900000000169e+02 1.006177282597971040e-01
7.200000000000000000e+02 9.496269830415493551e-02
7.253333099999999831e+02 8.769163553235810593e-02
7.306666900000000169e+02 8.017840140823348505e-02
7.360000000000000000e+02 7.452450640032505513e-02
7.413333099999999831e+02 7.295428222830406539e-02
7.466666900000000169e+02 7.697789750721159563e-02
7.520000000000000000e+02 8.217468169281176571e-02
7.573333099999999831e+02 8.163865368861392136e-02
7.626666900000000169e+02 7.336496625961455575e-02
7.680000000000000000e+02 5.386683293531625838e-02
7.733333099999999831e+02 2.781168105890689454e-02
7.786666900000000169e+02 1.342895484472450551e-02
7.840000000000000000e+02 2.166230956248951789e-02
7.893333099999999831e+02 4.538622812016569752e-02
7.946666900000000169e+02 8.415472532300938280e-02
8.000000000000000000e+02 1.384474631220845575e-01
8.053333099999999831e+02 1.950438419148757818e-01
8.106666900000000169e+02 2.447509527727370904e-01
8.160000000000000000e+02 2.761620700194594713e-01
8.213333099999999831e+02 2.840765543760704892e-01
8.266666900000000169e+02 2.810162124399551153e-01
8.320000000000000000e+02 2.891324515502103898e-01
8.373333099999999831e+02 3.107682215759269284e-01
8.426666900000000169e+02 3.349848958298796697e-01
8.480000000000000000e+02 3.430956157286890185e-01
8.533333099999999831e+02 3.304333660619856450e-01
8.586666900000000169e+02 3.029580211743245211e-01
8.640000000000000000e+02 2.755496519512155018e-01
8.693333099999999831e+02 2.621481106493967483e-01
8.746666900000000169e+02 2.613653716573242081e-01
8.800000000000000000e+02 2.595824323709772785e-01
8.853333099999999831e+02 2.510282429583119979e-01
8.906666900000000169e+02 2.360358853024212278e-01
8.960000000000000000e+02 2.210692653969097698e-01
9.013333099999999831e+02 2.236128750454109415e-01
9.066666900000000169e+02 2.484515809988526724e-01
9.120000000000000000e+02 2.836876887865605323e-01
9.173333099999999831e+02 3.142795111089537463e-01
9.226666900000000169e+02 3.245163934003498230e-01
9.280000000000000000e+02 3.145304288262134595e-01
9.333333099999999831e+02 2.914276506002623779e-01
9.386666900000000169e+02 2.688454924480796482e-01
9.440000000000000000e+02 2.519610460251593964e-01
9.493333099999999831e+02 2.404748877734644019e-01
9.546666900000000169e+02 2.317295236114103318e-01
9.600000000000000000e+02 2.343906867782325210e-01
9.653333099999999831e+02 2.353451582199859449e-01
9.706666900000000169e+02 2.401840880269060508e-01
9.760000000000000000e+02 2.625591060083616313e-01
9.813333099999999831e+02 3.086866270872049567e-01
9.866666900000000169e+02 3.722375129020374929e-01
9.920000000000000000e+02 4.312256819809806019e-01
9.973333099999999831e+02 4.456268676669215001e-01
1.002666699999999992e+03 4.078020794682835071e-01
1.008000000000000000e+03 3.501699213445080283e-01
1.013333300000000008e+03 3.074831708633039562e-01
1.018666699999999992e+03 2.965858845037788738e-01
1.024000000000000000e+03 3.083213042367032308e-01
1.029333399999999983e+03 3.210326753358115903e-01
1.034666600000000017e+03 3.144464219941233152e-01
1.040000000000000000e+03 2.921846099645338257e-01
1.045333399999999983e+03 2.590742823742888112e-01
1.050666600000000017e+03 2.189661497565804360e-01
1.056000000000000000e+03 1.834568601561949730e-01
1.061333399999999983e+03 1.662076880752551278e-01
1.066666600000000017e+03 1.651072636790682779e-01
1.072000000000000000e+03 1.829943485999614428e-01
1.077333399999999983e+03 2.083409208220770858e-01
1.082666600000000017e+03 2.228836925625018728e-01
1.088000000000000000e+03 2.191993029446579477e-01
1.093333399999999983e+03 1.996567811464182440e-01
1.098666600000000017e+03 1.667281504537052039e-01
1.104000000000000000e+03 1.369592500544358771e-01
1.109333399999999983e+03 1.203432052370942001e-01
1.114666600000000017e+03 1.091748815581646131e-01
1.120000000000000000e+03 9.165150376755340500e-02
1.125333399999999983e+03 6.620552576346541707e-02
1.130666600000000017e+03 3.561736395555375329e-02
1.136000000000000000e+03 1.315497885985080981e-02
1.141333399999999983e+03 1.084666167942418408e-02
1.146666600000000017e+03 2.465820603623330651e-02
1.152000000000000000e+03 4.266421706651672696e-02
1.157333399999999983e+03 5.867152202173651909e-02
1.162666600000000017e+03 6.845339540920344912e-02
1.168000000000000000e+03 7.534977539567659643e-02
1.173333399999999983e+03 8.233923026182325688e-02
1.178666600000000017e+03 9.907460848885278615e-02
1.184000000000000000e+03 1.263110139325968606e-01
1.189333399999999983e+03 1.639860200281576252e-01
1.194666600000000017e+03 2.084050682948076494e-01
1.200000000000000000e+03 2.583499379144518771e-01
1.205333399999999983e+03 3.078059501004430376e-01
1.210666600000000017e+03 3.654555438066015016e-01
1.216000000000000000e+03 4.330218158725442357e-01
1.221333399999999983e+03 5.071045426566128667e-01
1.226666600000000017e+03 5.765893342383346942e-01
1.232000000000000000e+03 6.304965166302463064e-01
1.237333399999999983e+03 6.533283546121546603e-01
1.242666600000000017e+03 6.467132711924010735e-01
1.248000000000000000e+03 6.196046621023045819e-01
1.253333399999999983e+03 5.865081274856411842e-01
1.258666600000000017e+03 5.569267472614117809e-01
1.264000000000000000e+03 5.391311669749867530e-01
1.269333399999999983e+03 5.274623438910938100e-01
1.274666600000000017e+03 5.163982324166122018e-01
1.280000000000000000e+03 5.001627906680029545e-01
1.285333399999999983e+03 4.873064642517375700e-01
1.290666600000000017e+03 4.873446535352126685e-01
1.296000000000000000e+03 5.115544727338131592e-01
1.301333399999999983e+03 5.587182367820585638e-01
1.306666600000000017e+03 6.126155562275448219e-01
1.312000000000000000e+03 6.547361309712146360e-01
1.317333399999999983e+03 6.797083973164977921e-01
1.322666600000000017e+03 6.812180244970522658e-01
1.328000000000000000e+03 6.580275542948941236e-01
1.333333399999999983e+03 6.175484804012435491e-01
1.338666600000000017e+03 5.588602205732604578e-01
1.344000000000000000e+03 4.907477428664688279e-01
1.349333399999999983e+03 4.292281073739088182e-01
1.354666600000000017e+03 3.763824692586184018e-01
1.360000000000000000e+03 3.322695284470190691e-01
1.365333399999999983e+03 3.037241376796378511e-01
1.370666600000000017e+03 2.895249373813472693e-01
1.376000000000000000e+03 2.910868738375130826e-01
1.381333399999999983e+03 3.083383586982131330e-01
1.386666600000000017e+03 3.310945301085449488e-01
1.392000000000000000e+03 3.508657685000104443e-01
1.397333399999999983e+03 3.630313356011400927e-01
1.402666600000000017e+03 3.732010238600608210e-01
1.408000000000000000e+03 3.906897527529969438e-01
1.413333399999999983e+03 4.204806734938603685e-01
1.418666600000000017e+03 4.754052445159389628e-01
1.424000000000000000e+03 5.657526313042138266e-01
1.429333399999999983e+03 6.858566062240053496e-01
1.434666600000000017e+03 8.251518727968574218e-01
1.440000000000000000e+03 9.450860996347841825e-01
1.445333399999999983e+03 1.000000000000000000e+00
1.450666600000000017e+03 9.719298302513497134e-01
1.456000000000000000e+03 8.677429006295901415e-01
1.461333399999999983e+03 7.080588948741340927e-01
1.466666600000000017e+03 5.368427134089315267e-01
1.472000000000000000e+03 3.763656650369022194e-01
1.477333399999999983e+03 2.406229462194006963e-01
1.482666600000000017e+03 1.378468921656119672e-01
1.488000000000000000e+03 7.204009443590589368e-02
1.493333399999999983e+03 3.087649434211704388e-02
1.498666600000000017e+03 1.394756262772438998e-02
1.504000000000000000e+03 1.172838287896293616e-02
1.509333399999999983e+03 1.277642842430438096e-02
1.514666600000000017e+03 1.395706852514484557e-02
1.520000000000000000e+03 2.472390933916281813e-02
1.525333399999999983e+03 4.495812161119486228e-02
1.530666600000000017e+03 7.888011273170032756e-02
1.536000000000000000e+03 1.227630446437242145e-01
1.541333399999999983e+03 1.641343183887702950e-01
1.546666600000000017e+03 1.942496795727215730e-01
1.552000000000000000e+03 2.165326636780080805e-01
1.557333399999999983e+03 2.268796201485901443e-01
1.562666600000000017e+03 2.276318925981915819e-01
1.568000000000000000e+03 2.246611702904845742e-01
1.573333399999999983e+03 2.259362904620560164e-01
1.578666600000000017e+03 2.381560494648032322e-01
1.584000000000000000e+03 2.692541339509025855e-01
1.589333399999999983e+03 3.120058017613988044e-01
1.594666600000000017e+03 3.549202753539060229e-01
1.600000000000000000e+03 3.876837102525085843e-01
1.605333399999999983e+03 4.031825327509935275e-01
1.610666600000000017e+03 4.060439615649819034e-01
1.616000000000000000e+03 4.061475074851308431e-01
1.621333399999999983e+03 4.191870716732512547e-01
1.626666600000000017e+03 4.474841958051375967e-01
1.632000000000000000e+03 4.888381095328598325e-01
1.637333399999999983e+03 5.397138824472580421e-01
1.642666600000000017e+03 6.079845746555562203e-01
1.648000000000000000e+03 6.968253947036975315e-01
1.653333399999999983e+03 8.022600786265597916e-01
1.658666600000000017e+03 8.870762837879561102e-01
1.664000000000000000e+03 9.104598303625132116e-01
1.669333399999999983e+03 8.517066824310259854e-01
1.674666600000000017e+03 7.259535469790864282e-01
1.680000000000000000e+03 5.733203861628602960e-01
1.685333399999999983e+03 4.325394399912274035e-01
1.690666600000000017e+03 3.156359603193020225e-01
1.696000000000000000e+03 2.196339710068425655e-01
1.701333399999999983e+03 1.397683142539022372e-01
1.706666600000000017e+03 7.801338920410642863e-02
1.712000000000000000e+03 4.201712343588628190e-02
1.717333399999999983e+03 2.925662712467451063e-02
1.722666600000000017e+03 2.921988292163749459e-02
1.728000000000000000e+03 3.057434118704959250e-02
1.733333399999999983e+03 2.488497041976309512e-02
1.738666600000000017e+03 1.734530417787992149e-02
1.744000000000000000e+03 1.716217432735686263e-02
1.749333399999999983e+03 2.137210176991844596e-02
1.754666600000000017e+03 2.940114549886196915e-02
1.760000000000000000e+03 3.924424274652281441e-02
1.765333399999999983e+03 3.994585152168929343e-02
1.770666600000000017e+03 3.315465489855007331e-02
1.776000000000000000e+03 2.407047286416054768e-02
1.781333399999999983e+03 1.262967803309311687e-02
1.786666600000000017e+03 5.128061964043386517e-03
1.792000000000000000e+03 7.314852133124886274e-03
1.797333399999999983e+03 1.787213561267806533e-02
1.802666600000000017e+03 3.803683539511469591e-02
