6.080000000000000000e+02 9.409635261407163498e-02
6.133333099999999831e+02 1.009629726490178930e-01
6.186666900000000169e+02 1.018366809106689003e-01
6.240000000000000000e+02 9.691618406961284571e-02
6.293333099999999831e+02 8.635622919648158757e-02
6.346666900000000169e+02 7.023834925844933685e-02
6.400000000000000000e+02 4.796869479518924700e-02
6.453333099999999831e+02 2.550077022824837752e-02
6.506666900000000169e+02 6.827360937964016552e-03
6.560000000000000000e+02 0.000000000000000000e+00
6.613333099999999831e+02 1.467500632805380026e-02
6.666666900000000169e+02 4.768927504689043917e-02
6.720000000000000000e+02 8.746376477145137440e-02
6.773333099999999831e+02 1.250806019171675498e-01
6.826666900000000169e+02 1.508149003543695355e-01
6.880000000000000000e+02 1.694513781569567668e-01
6.933333099999999831e+02 1.830852740381317123e-01
6.986666900000000169e+02 1.880632388527744281e-01
7.040000000000000000e+02 1.871140579911385604e-01
7.093333099999999831e+02 1.846372458714405085e-01
7.146666900000000169e+02 1.824318213192401839e-01
7.200000000000000000e+02 1.839270541290794203e-01
7.253333099999999831e+02 1.802191169650519120e-01
7.306666900000000169e+02 1.713357778906319795e-01
7.360000000000000000e+02 1.600217591514428994e-01
7.413333099999999831e+02 1.506236124994129455e-01
7.466666900000000169e+02 1.466935120542303961e-01
7.520000000000000000e+02 1.476577973767148610e-01
7.573333099999999831e+02 1.441228810981855235e-01
7.626666900000000169e+02 1.442893740870852259e-01
7.680000000000000000e+02 1.436683421512925940e-01
7.733333099999999831e+02 1.369582422692622314e-01
7.786666900000000169e+02 1.324693887265326886e-01
7.840000000000000000e+02 1.369440872635372120e-01
7.893333099999999831e+02 1.570861695638383071e-01
7.946666900000000169e+02 2.043337471851203180e-01
8.000000000000000000e+02 2.624165076111176220e-01
8.053333099999999831e+02 3.070787119039675717e-01
8.106666900000000169e+02 3.342614198375272738e-01
8.160000000000000000e+02 3.416678980439576407e-01
8.213333099999999831e+02 3.379420394431671415e-01
8.266666900000000169e+02 3.390010611763585868e-01
8.320000000000000000e+02 3.526053767175738596e-01
8.373333099999999831e+02 3.722998702068414656e-01
8.426666900000000169e+02 3.907429779897694244e-01
8.480000000000000000e+02 3.959435386280704683e-01
8.533333099999999831e+02 3.840980555946941211e-01
8.586666900000000169e+02 3.634246152736271829e-01
8.640000000000000000e+02 3.484696673687978641e-01
8.693333099999999831e+02 3.444548209608113698e-01
8.746666900000000169e+02 3.398544108331041924e-01
8.800000000000000000e+02 3.295782435748083605e-01
8.853333099999999831e+02 3.182840272766236378e-01
8.906666900000000169e+02 3.132385159158221910e-01
8.960000000000000000e+02 3.181133911461098696e-01
9.013333099999999831e+02 3.358708710488427784e-01
9.066666900000000169e+02 3.504484147751806278e-01
9.120000000000000000e+02 3.627686940706761343e-01
9.173333099999999831e+02 3.741700746341744543e-01
9.226666900000000169e+02 3.833468898580005835e-01
9.280000000000000000e+02 3.855078419404495138e-01
9.333333099999999831e+02 3.795959767527581907e-01
9.386666900000000169e+02 3.636218879322271058e-01
9.440000000000000000e+02 3.515235806227810511e-01
9.493333099999999831e+02 3.442107956098749977e-01
9.546666900000000169e+02 3.400600527413893404e-01
9.600000000000000000e+02 3.362984869962994394e-01
9.653333099999999831e+02 3.305257183715396008e-01
9.706666900000000169e+02 3.282606827945932504e-01
9.760000000000000000e+02 3.479699543698396846e-01
9.813333099999999831e+02 3.910084247465466789e-01
9.866666900000000169e+02 4.473508516509321353e-01
9.920000000000000000e+02 4.905298244346263381e-01
9.973333099999999831e+02 4.913845855500669213e-01
1.002666699999999992e+03 4.461736261590213970e-01
1.008000000000000000e+03 3.878054995646385006e-01
1.013333300000000008e+03 3.466089672554258927e-01
1.018666699999999992e+03 3.419538047345548892e-01
1.024000000000000000e+03 3.621532282094681032e-01
1.029333399999999983e+03 3.792264364453428183e-01
1.034666600000000017e+03 3.764379251778600111e-01
1.040000000000000000e+03 3.577600648493363122e-01
1.045333399999999983e+03 3.252080029026556685e-01
1.050666600000000017e+03 2.898577966362368974e-01
1.056000000000000000e+03 2.622387486930009004e-01
1.061333399999999983e+03 2.473797035207698503e-01
1.066666600000000017e+03 2.460254930525906936e-01
1.072000000000000000e+03 2.586757885757767217e-01
1.077333399999999983e+03 2.743682151900430077e-01
1.082666600000000017e+03 2.873426327536011682e-01
1.088000000000000000e+03 2.903183913352799794e-01
1.093333399999999983e+03 2.773988307120212049e-01
1.098666600000000017e+03 2.490710358208572950e-01
1.104000000000000000e+03 2.144657539516726386e-01
1.109333399999999983e+03 1.790648982420322277e-01
1.114666600000000017e+03 1.440216034205868134e-01
1.120000000000000000e+03 1.031775216107713999e-01
1.125333399999999983e+03 5.881515148608115057e-02
1.130666600000000017e+03 2.415912946814163798e-02
1.136000000000000000e+03 1.103602337342163807e-02
1.141333399999999983e+03 1.771456747010000457e-02
1.146666600000000017e+03 3.602225605936304476e-02
1.152000000000000000e+03 5.525890322521825881e-02
1.157333399999999983e+03 7.228210513762078904e-02
1.162666600000000017e+03 9.073609765200614519e-02
1.168000000000000000e+03 1.132649798282116954e-01
1.173333399999999983e+03 1.323571324970581886e-01
1.178666600000000017e+03 1.521758807229103561e-01
1.184000000000000000e+03 1.737287739513150853e-01
1.189333399999999983e+03 2.018370402205043879e-01
1.194666600000000017e+03 2.415415051574906491e-01
1.200000000000000000e+03 2.935885558631043390e-01
1.205333399999999983e+03 3.477134536854483704e-01
1.210666600000000017e+03 4.086373703784597633e-01
1.216000000000000000e+03 4.729317247198732144e-01
1.221333399999999983e+03 5.422185495868918625e-01
1.226666600000000017e+03 6.108790444933618335e-01
1.232000000000000000e+03 6.644627800711777610e-01
1.237333399999999983e+03 6.875961524259220914e-01
1.242666600000000017e+03 6.829081104413234904e-01
1.248000000000000000e+03 6.606189958255870298e-01
1.253333399999999983e+03 6.372777067350913205e-01
1.258666600000000017e+03 6.147829817618390980e-01
1.264000000000000000e+03 5.971465204559885942e-01
1.269333399999999983e+03 5.838417257863637300e-01
1.274666600000000017e+03 5.707556763518706333e-01
1.280000000000000000e+03 5.613224057408031653e-01
1.285333399999999983e+03 5.594384821039827260e-01
1.290666600000000017e+03 5.594550265818220014e-01
1.296000000000000000e+03 5.697257997595008838e-01
1.301333399999999983e+03 5.905240500327930686e-01
1.306666600000000017e+03 6.130087726296139516e-01
1.312000000000000000e+03 6.322771074449585749e-01
1.317333399999999983e+03 6.479049686183472323e-01
1.322666600000000017e+03 6.554729229820486225e-01
1.328000000000000000e+03 6.491275386690548155e-01
1.333333399999999983e+03 6.197530768267311974e-01
1.338666600000000017e+03 5.633700579517613161e-01
1.344000000000000000e+03 4.854087397453978880e-01
1.349333399999999983e+03 4.033270641615538943e-01
1.354666600000000017e+03 3.389966157117075829e-01
1.360000000000000000e+03 3.011723179230184622e-01
1.365333399999999983e+03 2.896282722632796958e-01
1.370666600000000017e+03 2.997583660896698254e-01
1.376000000000000000e+03 3.228999922487318375e-01
1.381333399999999983e+03 3.466835313351084302e-01
1.386666600000000017e+03 3.703027258487711082e-01
1.392000000000000000e+03 3.929779948010315160e-01
1.397333399999999983e+03 4.141978299781491901e-01
1.402666600000000017e+03 4.351715086583715086e-01
1.408000000000000000e+03 4.591132143719034997e-01
1.413333399999999983e+03 4.898734752254046976e-01
1.418666600000000017e+03 5.378883140047919786e-01
1.424000000000000000e+03 6.186163110264503162e-01
1.429333399999999983e+03 7.318406544954229043e-01
1.434666600000000017e+03 8.566927870162623915e-01
1.440000000000000000e+03 9.578386157451221905e-01
1.445333399999999983e+03 9.999999999999998890e-01
1.450666600000000017e+03 9.613799394504453089e-01
1.456000000000000000e+03 8.572016633865675583e-01
1.461333399999999983e+03 7.090029131321654576e-01
1.466666600000000017e+03 5.448020998649618640e-01
1.472000000000000000e+03 3.845717986933354648e-01
1.477333399999999983e+03 2.437964299300360016e-01
1.482666600000000017e+03 1.341739421754334360e-01
1.488000000000000000e+03 6.511185621553206015e-02
1.493333399999999983e+03 2.744879777055934597e-02
1.498666600000000017e+03 1.346275263481435704e-02
1.504000000000000000e+03 1.063428658562374715e-02
1.509333399999999983e+03 1.499260426852444192e-02
1.514666600000000017e+03 2.883634747583204566e-02
1.520000000000000000e+03 5.237151110268337822e-02
1.525333399999999983e+03 7.918535617342560562e-02
1.530666600000000017e+03 1.076676907537024996e-01
1.536000000000000000e+03 1.365870654270485707e-01
1.541333399999999983e+03 1.618037019165240731e-01
1.546666600000000017e+03 1.844995476977271121e-01
1.552000000000000000e+03 2.026219487462404822e-01
1.557333399999999983e+03 2.143596612194349216e-01
1.562666600000000017e+03 2.246132849746461657e-01
1.568000000000000000e+03 2.403774005300061689e-01
1.573333399999999983e+03 2.532146229917748848e-01
1.578666600000000017e+03 2.685114705087509601e-01
1.584000000000000000e+03 2.837122423408632299e-01
1.589333399999999983e+03 3.026933199914295658e-01
1.594666600000000017e+03 3.296360869855188280e-01
1.600000000000000000e+03 3.639894442534543084e-01
1.605333399999999983e+03 3.895613190861148545e-01
1.610666600000000017e+03 4.046914431005547708e-01
1.616000000000000000e+03 4.106859133969884001e-01
1.621333399999999983e+03 4.238359939917180630e-01
1.626666600000000017e+03 4.592058585104744073e-01
1.632000000000000000e+03 5.229278203026189731e-01
1.637333399999999983e+03 6.038534842181932927e-01
1.642666600000000017e+03 6.899904156830805046e-01
1.648000000000000000e+03 7.747863067849521945e-01
1.653333399999999983e+03 8.523805853068691096e-01
1.658666600000000017e+03 9.076987727753832447e-01
1.664000000000000000e+03 9.205190766645867662e-01
1.669333399999999983e+03 8.695935235233047678e-01
1.674666600000000017e+03 7.571664446644245094e-01
1.680000000000000000e+03 6.100441739517401540e-01
1.685333399999999983e+03 4.611511108058689579e-01
1.690666600000000017e+03 3.339494510837587860e-01
1.696000000000000000e+03 2.351048962666680286e-01
1.701333399999999983e+03 1.570328205491531848e-01
1.706666600000000017e+03 9.678276126322452044e-02
1.712000000000000000e+03 5.439674557206695266e-02
1.717333399999999983e+03 3.009522626648089560e-02
1.722666600000000017e+03 2.269578240460042029e-02
1.728000000000000000e+03 2.421228333729679577e-02
1.733333399999999983e+03 2.555603322455503312e-02
1.738666600000000017e+03 2.554748184080803119e-02
1.744000000000000000e+03 2.618870237632544423e-02
1.749333399999999983e+03 2.987391108731596301e-02
1.754666600000000017e+03 3.802447788851077981e-02
1.760000000000000000e+03 4.742243752919497735e-02
1.765333399999999983e+03 5.018942458987463856e-02
1.770666600000000017e+03 4.743006202656131765e-02
1.776000000000000000e+03 3.997644990349832200e-02
1.781333399999999983e+03 3.057930080990804711e-02
1.786666600000000017e+03 2.246829656412391990e-02
1.792000000000000000e+03 1.731202416681198314e-02
1.797333399999999983e+03 1.371312252676357320e-02
1.802666600000000017e+03 1.145927249050780923e-02
