6.080000000000000000e+02 2.140418612408201415e-02
6.133333099999999831e+02 4.072321784009198808e-02
6.186666900000000169e+02 4.258612833503409856e-02
6.240000000000000000e+02 3.506924386897573159e-02
6.293333099999999831e+02 2.965632012255242644e-02
6.346666900000000169e+02 2.947511376102106978e-02
6.400000000000000000e+02 3.236542612400365032e-02
6.453333099999999831e+02 2.944774073945046616e-02
6.506666900000000169e+02 1.895622686734983395e-02
6.560000000000000000e+02 7.255380236879920702e-03
6.613333099999999831e+02 2.622466620735562290e-03
6.666666900000000169e+02 5.688525602066788617e-03
6.720000000000000000e+02 1.595554902568467603e-02
6.773333099999999831e+02 2.438606724174965934e-02
6.826666900000000169e+02 3.236373087276699090e-02
6.880000000000000000e+02 4.589786699709898221e-02
6.933333099999999831e+02 6.408664986996799595e-02
6.986666900000000169e+02 8.132347580437111756e-02
7.040000000000000000e+02 9.271965736749414322e-02
7.093333099999999831e+02 9.303513874027001529e-02
7.146666900000000169e+02 8.934605417873094091e-02
7.200000000000000000e+02 8.935021278379026710e-02
7.253333099999999831e+02 9.230210525337523286e-02
7.306666900000000169e+02 9.358398515825337716e-02
7.360000000000000000e+02 9.341953928616966718e-02
7.413333099999999831e+02 9.325921693611560759e-02
7.466666900000000169e+02 9.522464151913150043e-02
7.520000000000000000e+02 9.758629292297545110e-02
7.573333099999999831e+02 9.489180078680232999e-02
7.626666900000000169e+02 8.091610551713984689e-02
7.680000000000000000e+02 6.346356153247316445e-02
7.733333099999999831e+02 5.143389219506708243e-02
7.786666900000000169e+02 4.831726137724991210e-02
7.840000000000000000e+02 5.323226054924684592e-02
7.893333099999999831e+02 6.176252169977101969e-02
7.946666900000000169e+02 7.180313212172879933e-02
8.000000000000000000e+02 8.907709967934811235e-02
8.053333099999999831e+02 1.165028804996233458e-01
8.106666900000000169e+02 1.549769442884444959e-01
8.160000000000000000e+02 1.973981531341802154e-01
8.213333099999999831e+02 2.268889577239276700e-01
8.266666900000000169e+02 2.410092027715452501e-01
8.320000000000000000e+02 2.455597991163956662e-01
8.373333099999999831e+02 2.534253968717420924e-01
8.426666900000000169e+02 2.764529481108227715e-01
8.480000000000000000e+02 3.073716864504948409e-01
8.533333099999999831e+02 3.246921128323933536e-01
8.586666900000000169e+02 3.229764133433064011e-01
8.640000000000000000e+02 3.063464904949926848e-01
8.693333099999999831e+02 2.911533239858579702e-01
8.746666900000000169e+02 2.835704836229753778e-01
8.800000000000000000e+02 2.805378721169335954e-01
8.853333099999999831e+02 2.756212844016459607e-01
8.906666900000000169e+02 2.656621743542860181e-01
8.960000000000000000e+02 2.535917188408554623e-01
9.013333099999999831e+02 2.503672195466161710e-01
9.066666900000000169e+02 2.583554789901786330e-01
9.120000000000000000e+02 2.774732658551012920e-01
9.173333099999999831e+02 3.030018568155957714e-01
9.226666900000000169e+02 3.239541128013029847e-01
9.280000000000000000e+02 3.308079930688019310e-01
9.333333099999999831e+02 3.267223744456173029e-01
9.386666900000000169e+02 3.187101280590738384e-01
9.440000000000000000e+02 3.098319556485585324e-01
9.493333099999999831e+02 3.033135916498297391e-01
9.546666900000000169e+02 2.978140548648956498e-01
9.600000000000000000e+02 2.864870192629531132e-01
9.653333099999999831e+02 2.708998567869730367e-01
9.706666900000000169e+02 2.500277713859165862e-01
9.760000000000000000e+02 2.193763748389714330e-01
9.813333099999999831e+02 2.032110980430114899e-01
9.866666900000000169e+02 2.252663086071607368e-01
9.920000000000000000e+02 2.892854493960366202e-01
9.973333099999999831e+02 3.757012564385298070e-01
1.002666699999999992e+03 4.389655718294526165e-01
1.008000000000000000e+03 4.354773113091653935e-01
1.013333300000000008e+03 3.868369308882881885e-01
1.018666699999999992e+03 3.330667629016885178e-01
1.024000000000000000e+03 3.054781483882104687e-01
1.029333399999999983e+03 3.059029380355506866e-01
1.034666600000000017e+03 3.118427955738934942e-01
1.040000000000000000e+03 2.989781395498751770e-01
1.045333399999999983e+03 2.679608195292688677e-01
1.050666600000000017e+03 2.311727348254673242e-01
1.056000000000000000e+03 2.031067102484710729e-01
1.061333399999999983e+03 1.859397884306472626e-01
1.066666600000000017e+03 1.816758528138714690e-01
1.072000000000000000e+03 1.919942303584495913e-01
1.077333399999999983e+03 2.064648859388913127e-01
1.082666600000000017e+03 2.199595154848440204e-01
1.088000000000000000e+03 2.297888266879579977e-01
1.093333399999999983e+03 2.277543943505287993e-01
1.098666600000000017e+03 2.099761912519170770e-01
1.104000000000000000e+03 1.835594763603759783e-01
1.109333399999999983e+03 1.535873968273138712e-01
1.114666600000000017e+03 1.257618812804576769e-01
1.120000000000000000e+03 1.045169683288072471e-01
1.125333399999999983e+03 8.491932540525312656e-02
1.130666600000000017e+03 5.804915824240719502e-02
1.136000000000000000e+03 2.977361081537812509e-02
1.141333399999999983e+03 9.762488433013459879e-03
1.146666600000000017e+03 3.607276521071989782e-03
1.152000000000000000e+03 1.379613227195123151e-02
1.157333399999999983e+03 3.813393270837383414e-02
1.162666600000000017e+03 6.700755400215750723e-02
1.168000000000000000e+03 9.694834824150902475e-02
1.173333399999999983e+03 1.238450930713652087e-01
1.178666600000000017e+03 1.418823621849082672e-01
1.184000000000000000e+03 1.549126133037884989e-01
1.189333399999999983e+03 1.741089698251309936e-01
1.194666600000000017e+03 2.039246010721514069e-01
1.200000000000000000e+03 2.445813183373882482e-01
1.205333399999999983e+03 2.906151795710416041e-01
1.210666600000000017e+03 3.374840381180649329e-01
1.216000000000000000e+03 3.918258946672957266e-01
1.221333399999999983e+03 4.626863140331427537e-01
1.226666600000000017e+03 5.482154412500060969e-01
1.232000000000000000e+03 6.349996293536609437e-01
1.237333399999999983e+03 7.094753566906425446e-01
1.242666600000000017e+03 7.582088908746014155e-01
1.248000000000000000e+03 7.808259864054152288e-01
1.253333399999999983e+03 7.793039071220833058e-01
1.258666600000000017e+03 7.601781906010675050e-01
1.264000000000000000e+03 7.299840420138492547e-01
1.269333399999999983e+03 7.032307312904485519e-01
1.274666600000000017e+03 6.788606069955530620e-01
1.280000000000000000e+03 6.574664339223277310e-01
1.285333399999999983e+03 6.327652869763594756e-01
1.290666600000000017e+03 6.095647946383294657e-01
1.296000000000000000e+03 6.001891937342680450e-01
1.301333399999999983e+03 6.186759066007079255e-01
1.306666600000000017e+03 6.580264328872473811e-01
1.312000000000000000e+03 7.007832447726672909e-01
1.317333399999999983e+03 7.299749324895666858e-01
1.322666600000000017e+03 7.405782353417433850e-01
1.328000000000000000e+03 7.428432884992750562e-01
1.333333399999999983e+03 7.423925725692034350e-01
1.338666600000000017e+03 7.328011039606716626e-01
1.344000000000000000e+03 7.015823837595365209e-01
1.349333399999999983e+03 6.435580108093981178e-01
1.354666600000000017e+03 5.616255695200733644e-01
1.360000000000000000e+03 4.801983829497668554e-01
1.365333399999999983e+03 4.161251005613526011e-01
1.370666600000000017e+03 3.774633202297271173e-01
1.376000000000000000e+03 3.648854844767338568e-01
1.381333399999999983e+03 3.692633606447214834e-01
1.386666600000000017e+03 3.808295293546969384e-01
1.392000000000000000e+03 4.006544273066521833e-01
1.397333399999999983e+03 4.272413725997340483e-01
1.402666600000000017e+03 4.565602294503797176e-01
1.408000000000000000e+03 4.793937486776247980e-01
1.413333399999999983e+03 4.905051822745136736e-01
1.418666600000000017e+03 4.902927454557542974e-01
1.424000000000000000e+03 4.989671872247366524e-01
1.429333399999999983e+03 5.447199133337030652e-01
1.434666600000000017e+03 6.426137772252623614e-01
1.440000000000000000e+03 7.765288776213287170e-01
1.445333399999999983e+03 9.137770835123026902e-01
1.450666600000000017e+03 9.978592348496773123e-01
1.456000000000000000e+03 1.000000000000000000e+00
1.461333399999999983e+03 9.179096127864547761e-01
1.466666600000000017e+03 7.751374578720270359e-01
1.472000000000000000e+03 6.030851806118751046e-01
1.477333399999999983e+03 4.355660817034144316e-01
1.482666600000000017e+03 2.858448442622822383e-01
1.488000000000000000e+03 1.679931664842406469e-01
1.493333399999999983e+03 8.307359597888293312e-02
1.498666600000000017e+03 3.223329560373567465e-02
1.504000000000000000e+03 9.967519041982265959e-03
1.509333399999999983e+03 8.571316374663162305e-03
1.514666600000000017e+03 1.833962492521901827e-02
1.520000000000000000e+03 3.221804075461472128e-02
1.525333399999999983e+03 4.478203044868495075e-02
1.530666600000000017e+03 5.905295938163569736e-02
1.536000000000000000e+03 7.730321910851474521e-02
1.541333399999999983e+03 1.050186704719854730e-01
1.546666600000000017e+03 1.412757899454619714e-01
1.552000000000000000e+03 1.777797588827849107e-01
1.557333399999999983e+03 2.085150889985296074e-01
1.562666600000000017e+03 2.328495590284396510e-01
1.568000000000000000e+03 2.523891109449601933e-01
1.573333399999999983e+03 2.755571652699720930e-01
1.578666600000000017e+03 3.034989271251478105e-01
1.584000000000000000e+03 3.369253626441278127e-01
1.589333399999999983e+03 3.728990226234670247e-01
1.594666600000000017e+03 4.101724311309236093e-01
1.600000000000000000e+03 4.480956454661197408e-01
1.605333399999999983e+03 4.798260164564038255e-01
1.610666600000000017e+03 4.993277905894873414e-01
1.616000000000000000e+03 5.099667094082728225e-01
1.621333399999999983e+03 5.117201447200624420e-01
1.626666600000000017e+03 5.104919583722927756e-01
1.632000000000000000e+03 5.214218429167446489e-01
1.637333399999999983e+03 5.487242539734404900e-01
1.642666600000000017e+03 5.953111288761677722e-01
1.648000000000000000e+03 6.653409644393745159e-01
1.653333399999999983e+03 7.548596283004475049e-01
1.658666600000000017e+03 8.495637494850085680e-01
1.664000000000000000e+03 9.338940663946495579e-01
1.669333399999999983e+03 9.788255236916733049e-01
1.674666600000000017e+03 9.580950751240694396e-01
1.680000000000000000e+03 8.681667656956686407e-01
1.685333399999999983e+03 7.268298319422378251e-01
1.690666600000000017e+03 5.626873831616933108e-01
1.696000000000000000e+03 4.069822340436365371e-01
1.701333399999999983e+03 2.759450477961524761e-01
1.706666600000000017e+03 1.729968105985943139e-01
1.712000000000000000e+03 9.959171197588619073e-02
1.717333399999999983e+03 5.230431527871808040e-02
1.722666600000000017e+03 2.570362207850769923e-02
1.728000000000000000e+03 1.431757876830543931e-02
1.733333399999999983e+03 1.044737792707605209e-02
1.738666600000000017e+03 8.361214554382673941e-03
1.744000000000000000e+03 5.169587781264112225e-03
1.749333399999999983e+03 1.218790006501004573e-03
1.754666600000000017e+03 0.000000000000000000e+00
1.760000000000000000e+03 4.899697243741061789e-03
1.765333399999999983e+03 1.499002827499127700e-02
1.770666600000000017e+03 2.508758001124449313e-02
1.776000000000000000e+03 2.704538421726646047e-02
1.781333399999999983e+03 2.185518581494669960e-02
1.786666600000000017e+03 1.527287893924504300e-02
1.792000000000000000e+03 1.208475246517691851e-02
1.797333399999999983e+03 1.637354455702676181e-02
1.802666600000000017e+03 3.220132639446429690e-02
