6.080000000000000000e+02 4.760803895455002765e-02
6.133333099999999831e+02 3.233180733859957606e-02
6.186666900000000169e+02 3.325675472160943835e-02
6.240000000000000000e+02 4.068416451412194129e-02
6.293333099999999831e+02 4.043349146503270181e-02
6.346666900000000169e+02 2.777318782107044554e-02
6.400000000000000000e+02 1.041294013245353672e-02
6.453333099999999831e+02 0.000000000000000000e+00
6.506666900000000169e+02 1.743920647492968462e-04
6.560000000000000000e+02 7.220839045631182590e-03
6.613333099999999831e+02 1.494061633780838227e-02
6.666666900000000169e+02 2.122434018206686979e-02
6.720000000000000000e+02 3.040722146742156490e-02
6.773333099999999831e+02 4.688599883152884396e-02
6.826666900000000169e+02 6.730587998507250869e-02
6.880000000000000000e+02 8.727350632125413510e-02
6.933333099999999831e+02 1.074715288192278489e-01
6.986666900000000169e+02 1.242322363743145197e-01
7.040000000000000000e+02 1.282354746999505302e-01
7.093333099999999831e+02 1.178233445086671327e-01
7.146666900000000169e+02 9.944090748706760352e-02
7.200000000000000000e+02 8.207739927647757228e-02
7.253333099999999831e+02 7.129063030011041635e-02
7.306666900000000169e+02 6.848019181484274465e-02
7.360000000000000000e+02 6.479854242708193990e-02
7.413333099999999831e+02 5.947960902413613332e-02
7.466666900000000169e+02 5.730647266359500946e-02
7.520000000000000000e+02 5.604053217022708644e-02
7.573333099999999831e+02 5.000743467165205680e-02
7.626666900000000169e+02 4.491780317495587538e-02
7.680000000000000000e+02 4.387592576241065162e-02
7.733333099999999831e+02 4.749423199945661256e-02
7.786666900000000169e+02 5.408193644860788407e-02
7.840000000000000000e+02 5.701592309117835961e-02
7.893333099999999831e+02 6.052640507533387643e-02
7.946666900000000169e+02 8.164121543330019048e-02
8.000000000000000000e+02 1.309940946693013142e-01
8.053333099999999831e+02 2.006302268962198432e-01
8.106666900000000169e+02 2.683995738627487082e-01
8.160000000000000000e+02 3.078391560319780340e-01
8.213333099999999831e+02 3.132990919417598663e-01
8.266666900000000169e+02 2.994445564155496231e-01
8.320000000000000000e+02 2.871804312553602467e-01
8.373333099999999831e+02 2.873933289732843455e-01
8.426666900000000169e+02 2.932061029056846624e-01
8.480000000000000000e+02 2.899141633164575294e-01
8.533333099999999831e+02 2.712551823742350154e-01
8.586666900000000169e+02 2.454100928971648665e-01
8.640000000000000000e+02 2.221414671553987863e-01
8.693333099999999831e+02 2.126300315807281849e-01
8.746666900000000169e+02 2.134207015627493931e-01
8.800000000000000000e+02 2.155755557551934931e-01
8.853333099999999831e+02 2.149251134939711150e-01
8.906666900000000169e+02 2.146714901832837419e-01
8.960000000000000000e+02 2.169657631940019593e-01
9.013333099999999831e+02 2.320692436128067027e-01
9.066666900000000169e+02 2.534216269609655403e-01
9.120000000000000000e+02 2.730214579666545016e-01
9.173333099999999831e+02 2.889109752121153396e-01
9.226666900000000169e+02 3.002198322010503073e-01
9.280000000000000000e+02 3.064323879857248079e-01
9.333333099999999831e+02 3.074250718537531180e-01
9.386666900000000169e+02 2.969722855765268843e-01
9.440000000000000000e+02 2.778489860540305223e-01
9.493333099999999831e+02 2.583998890852653996e-01
9.546666900000000169e+02 2.479304583347889945e-01
9.600000000000000000e+02 2.497967291927045141e-01
9.653333099999999831e+02 2.531152380434352756e-01
9.706666900000000169e+02 2.538823628000214105e-01
9.760000000000000000e+02 2.729724122700500355e-01
9.813333099999999831e+02 3.245285156180436337e-01
9.866666900000000169e+02 4.066724705685265118e-01
9.920000000000000000e+02 4.887587048653246335e-01
9.973333099999999831e+02 5.198270000118326850e-01
1.002666699999999992e+03 4.779048674812083619e-01
1.008000000000000000e+03 4.018859966595285660e-01
1.013333300000000008e+03 3.339136387974314113e-01
1.018666699999999992e+03 3.011959113414499623e-01
1.024000000000000000e+03 2.957050072336340762e-01
1.029333399999999983e+03 2.861064611946336211e-01
1.034666600000000017e+03 2.566958152705136609e-01
1.040000000000000000e+03 2.211424788250251350e-01
1.045333399999999983e+03 1.946093915379037975e-01
1.050666600000000017e+03 1.836451189650953608e-01
1.056000000000000000e+03 1.848507953532588233e-01
1.061333399999999983e+03 1.885303243493646197e-01
1.066666600000000017e+03 1.910817311030131582e-01
1.072000000000000000e+03 1.935296858813445597e-01
1.077333399999999983e+03 2.011737548324970259e-01
1.082666600000000017e+03 2.104374224797022908e-01
1.088000000000000000e+03 2.196246696670785536e-01
1.093333399999999983e+03 2.191768221754624157e-01
1.098666600000000017e+03 2.103344220044557344e-01
1.104000000000000000e+03 1.961089588573249887e-01
1.109333399999999983e+03 1.793570527083979127e-01
1.114666600000000017e+03 1.557184252010226921e-01
1.120000000000000000e+03 1.248680518627954816e-01
1.125333399999999983e+03 8.033147530196572961e-02
1.130666600000000017e+03 3.812066023685260069e-02
1.136000000000000000e+03 1.108116727199027693e-02
1.141333399999999983e+03 4.948882843938700975e-03
1.146666600000000017e+03 1.439367073774657294e-02
1.152000000000000000e+03 3.429932794187941919e-02
1.157333399999999983e+03 5.789789951824621250e-02
1.162666600000000017e+03 8.271275084655882459e-02
1.168000000000000000e+03 1.046246770496048334e-01
1.173333399999999983e+03 1.220569535469988171e-01
1.178666600000000017e+03 1.339592763340438364e-01
1.184000000000000000e+03 1.452119931700412148e-01
1.189333399999999983e+03 1.659399584014225326e-01
1.194666600000000017e+03 1.921556853587995106e-01
1.200000000000000000e+03 2.239402346515914355e-01
1.205333399999999983e+03 2.671351549477350984e-01
1.210666600000000017e+03 3.289783572104599263e-01
1.216000000000000000e+03 4.120112635284529645e-01
1.221333399999999983e+03 5.042950637307500594e-01
1.226666600000000017e+03 5.844000056739905302e-01
1.232000000000000000e+03 6.382218968575519291e-01
1.237333399999999983e+03 6.553990832481606521e-01
1.242666600000000017e+03 6.449186271983053942e-01
1.248000000000000000e+03 6.174317082406496349e-01
1.253333399999999983e+03 5.799495041040622079e-01
1.258666600000000017e+03 5.475356098638903823e-01
1.264000000000000000e+03 5.284687337661858608e-01
1.269333399999999983e+03 5.151499611766381381e-01
1.274666600000000017e+03 5.113263471549837069e-01
1.280000000000000000e+03 5.090865437325128307e-01
1.285333399999999983e+03 5.079280470575922024e-01
1.290666600000000017e+03 5.173484440090203584e-01
1.296000000000000000e+03 5.429069586691613880e-01
1.301333399999999983e+03 5.802792602493966889e-01
1.306666600000000017e+03 6.301877053469172596e-01
1.312000000000000000e+03 6.773957435129646099e-01
1.317333399999999983e+03 7.053625758755873720e-01
1.322666600000000017e+03 7.082237986495804050e-01
1.328000000000000000e+03 6.852737964151074390e-01
1.333333399999999983e+03 6.335219131903220280e-01
1.338666600000000017e+03 5.680779066692150936e-01
1.344000000000000000e+03 4.996086919709125107e-01
1.349333399999999983e+03 4.289113644565231698e-01
1.354666600000000017e+03 3.654893896918437468e-01
1.360000000000000000e+03 3.156643708410322713e-01
1.365333399999999983e+03 2.766876238783634867e-01
1.370666600000000017e+03 2.619321956715297550e-01
1.376000000000000000e+03 2.763477118448432468e-01
1.381333399999999983e+03 3.066955292443687697e-01
1.386666600000000017e+03 3.426115131376732958e-01
1.392000000000000000e+03 3.708788405729533388e-01
1.397333399999999983e+03 3.832437069998587686e-01
1.402666600000000017e+03 3.926517561386014821e-01
1.408000000000000000e+03 4.068256622960279567e-01
1.413333399999999983e+03 4.285522265656465657e-01
1.418666600000000017e+03 4.718702589298368610e-01
1.424000000000000000e+03 5.486546758232501153e-01
1.429333399999999983e+03 6.643619396258431120e-01
1.434666600000000017e+03 8.068624479106063507e-01
1.440000000000000000e+03 9.343171187613042994e-01
1.445333399999999983e+03 9.999999999999998890e-01
1.450666600000000017e+03 9.773523076463889181e-01
1.456000000000000000e+03 8.726996901274707286e-01
1.461333399999999983e+03 7.127879167997853704e-01
1.466666600000000017e+03 5.278347801696701147e-01
1.472000000000000000e+03 3.521753817902466555e-01
1.477333399999999983e+03 2.094358727816911514e-01
1.482666600000000017e+03 1.057612101100807306e-01
1.488000000000000000e+03 4.472313789654011607e-02
1.493333399999999983e+03 1.686548046048418070e-02
1.498666600000000017e+03 5.797680016603502795e-03
1.504000000000000000e+03 7.278429216440129162e-03
1.509333399999999983e+03 1.551223333949679206e-02
1.514666600000000017e+03 2.217184884961806435e-02
1.520000000000000000e+03 2.935084965630133796e-02
1.525333399999999983e+03 4.410182784969304132e-02
1.530666600000000017e+03 7.074190350041210940e-02
1.536000000000000000e+03 1.091746360761063628e-01
1.541333399999999983e+03 1.509501190725414943e-01
1.546666600000000017e+03 1.786480218954363541e-01
1.552000000000000000e+03 1.886813519278719709e-01
1.557333399999999983e+03 1.960594383168170474e-01
1.562666600000000017e+03 2.047023946244975467e-01
1.568000000000000000e+03 2.182806281055663933e-01
1.573333399999999983e+03 2.397280622163277530e-01
1.578666600000000017e+03 2.658747146626278535e-01
1.584000000000000000e+03 2.955884240346564606e-01
1.589333399999999983e+03 3.419469396023983032e-01
1.594666600000000017e+03 3.827127508747247830e-01
1.600000000000000000e+03 4.057776194535629988e-01
1.605333399999999983e+03 4.114630550207357684e-01
1.610666600000000017e+03 4.073776572831330212e-01
1.616000000000000000e+03 3.978234154158427072e-01
1.621333399999999983e+03 4.053223723804206258e-01
1.626666600000000017e+03 4.228800718562006344e-01
1.632000000000000000e+03 4.508025386772953613e-01
1.637333399999999983e+03 4.984842355856328733e-01
1.642666600000000017e+03 5.733827080056072001e-01
1.648000000000000000e+03 6.736557740461546206e-01
1.653333399999999983e+03 7.877109212642927627e-01
1.658666600000000017e+03 8.754994429231514053e-01
1.664000000000000000e+03 8.974618117286724539e-01
1.669333399999999983e+03 8.365208521617973902e-01
1.674666600000000017e+03 7.084438643586015161e-01
1.680000000000000000e+03 5.548925617280882072e-01
1.685333399999999983e+03 4.131874048255421705e-01
1.690666600000000017e+03 2.980428989350163982e-01
1.696000000000000000e+03 2.067068933780909223e-01
1.701333399999999983e+03 1.296057092476591566e-01
1.706666600000000017e+03 6.538731146600061661e-02
1.712000000000000000e+03 2.200473025505394337e-02
1.717333399999999983e+03 4.328013925702688461e-03
1.722666600000000017e+03 5.978953955263318493e-03
1.728000000000000000e+03 1.628118291273872309e-02
1.733333399999999983e+03 2.489296211293860750e-02
1.738666600000000017e+03 2.759863532433477762e-02
1.744000000000000000e+03 2.972088527585042828e-02
1.749333399999999983e+03 3.462041230099126288e-02
1.754666600000000017e+03 4.176938648447807434e-02
1.760000000000000000e+03 4.555007729939668237e-02
1.765333399999999983e+03 4.080790493641958672e-02
1.770666600000000017e+03 2.843685526786874501e-02
1.776000000000000000e+03 1.523829735744486324e-02
1.781333399999999983e+03 7.198770478737596609e-03
1.786666600000000017e+03 8.586656922843372702e-03
1.792000000000000000e+03 1.649739420471045548e-02
1.797333399999999983e+03 2.540655662216942390e-02
1.802666600000000017e+03 3.144668859263874405e-02
