6.080000000000000000e+02 1.040711432027402322e-01
6.133333099999999831e+02 8.873524916516585537e-02
6.186666900000000169e+02 7.440347119814150201e-02
6.240000000000000000e+02 6.221505948196785762e-02
6.293333099999999831e+02 5.503209095400793394e-02
6.346666900000000169e+02 5.168960668455602203e-02
6.400000000000000000e+02 4.347580042579452658e-02
6.453333099999999831e+02 2.680545290436926395e-02
6.506666900000000169e+02 9.388608301029902070e-03
6.560000000000000000e+02 0.000000000000000000e+00
6.613333099999999831e+02 2.867037144009791302e-03
6.666666900000000169e+02 1.887259402467739849e-02
6.720000000000000000e+02 4.347219608302155952e-02
6.773333099999999831e+02 7.399457164971565137e-02
6.826666900000000169e+02 1.093745577557075910e-01
6.880000000000000000e+02 1.413927220858289535e-01
6.933333099999999831e+02 1.643120110802002432e-01
6.986666900000000169e+02 1.741086865198729905e-01
7.040000000000000000e+02 1.713160993701486612e-01
7.093333099999999831e+02 1.604275140696419522e-01
7.146666900000000169e+02 1.479417669494831611e-01
7.200000000000000000e+02 1.357572101816912902e-01
7.253333099999999831e+02 1.296610324868262831e-01
7.306666900000000169e+02 1.228899115562990529e-01
7.360000000000000000e+02 1.148572424761117455e-01
7.413333099999999831e+02 1.052941282039976389e-01
7.466666900000000169e+02 9.666497643310299759e-02
7.520000000000000000e+02 9.198878411625094342e-02
7.573333099999999831e+02 9.446389396239002201e-02
7.626666900000000169e+02 9.498964946633506323e-02
7.680000000000000000e+02 9.218474124067314868e-02
7.733333099999999831e+02 8.689547708375168489e-02
7.786666900000000169e+02 8.480723191157504837e-02
7.840000000000000000e+02 9.559844098452333072e-02
7.893333099999999831e+02 1.223942286184484252e-01
7.946666900000000169e+02 1.633454888916454906e-01
8.000000000000000000e+02 2.070498260181114492e-01
8.053333099999999831e+02 2.435580887409405648e-01
8.106666900000000169e+02 2.662672122772178906e-01
8.160000000000000000e+02 2.772927386527997973e-01
8.213333099999999831e+02 2.787667056552952105e-01
8.266666900000000169e+02 2.865266249037943802e-01
8.320000000000000000e+02 3.054251359679552302e-01
8.373333099999999831e+02 3.301975315984886916e-01
8.426666900000000169e+02 3.496010439969222117e-01
8.480000000000000000e+02 3.526143709922697211e-01
8.533333099999999831e+02 3.366372505420054950e-01
8.586666900000000169e+02 3.202435273378685943e-01
8.640000000000000000e+02 3.109179514798558475e-01
8.693333099999999831e+02 3.083099183034038737e-01
8.746666900000000169e+02 3.085714231344330871e-01
8.800000000000000000e+02 3.030845346785238092e-01
8.853333099999999831e+02 2.905275693434219986e-01
8.906666900000000169e+02 2.814801354533540967e-01
8.960000000000000000e+02 2.781838731987680835e-01
9.013333099999999831e+02 2.862257236421005824e-01
9.066666900000000169e+02 3.056440356934739255e-01
9.120000000000000000e+02 3.283316053156976055e-01
9.173333099999999831e+02 3.413898701558712445e-01
9.226666900000000169e+02 3.440669498243578150e-01
9.280000000000000000e+02 3.358752517624976619e-01
9.333333099999999831e+02 3.192850725446386151e-01
9.386666900000000169e+02 3.010472028112384790e-01
9.440000000000000000e+02 2.861727357456700371e-01
9.493333099999999831e+02 2.714472411682201103e-01
9.546666900000000169e+02 2.675096191338715568e-01
9.600000000000000000e+02 2.739022372259583560e-01
9.653333099999999831e+02 2.765573264850917923e-01
9.706666900000000169e+02 2.768974174821847156e-01
9.760000000000000000e+02 2.880297289632511304e-01
9.813333099999999831e+02 3.236654208385427167e-01
9.866666900000000169e+02 3.898153109506551361e-01
9.920000000000000000e+02 4.610090166199276029e-01
9.973333099999999831e+02 4.896623264316975477e-01
1.002666699999999992e+03 4.601811525702155237e-01
1.008000000000000000e+03 3.988940086714040656e-01
1.013333300000000008e+03 3.495126075980669045e-01
1.018666699999999992e+03 3.350483485183091137e-01
1.024000000000000000e+03 3.474523431669750417e-01
1.029333399999999983e+03 3.509311666573823318e-01
1.034666600000000017e+03 3.307869281016738716e-01
1.040000000000000000e+03 2.969746947678191806e-01
1.045333399999999983e+03 2.677811108710040355e-01
1.050666600000000017e+03 2.513051510570357694e-01
1.056000000000000000e+03 2.489520329263366083e-01
1.061333399999999983e+03 2.467431955188940929e-01
1.066666600000000017e+03 2.460831669964008150e-01
1.072000000000000000e+03 2.513695994495207531e-01
1.077333399999999983e+03 2.654265512093228474e-01
1.082666600000000017e+03 2.804693824451299777e-01
1.088000000000000000e+03 2.872525917527295469e-01
1.093333399999999983e+03 2.755034184974953226e-01
1.098666600000000017e+03 2.504826262496449574e-01
1.104000000000000000e+03 2.163099960723646464e-01
1.109333399999999983e+03 1.825633314059815770e-01
1.114666600000000017e+03 1.473588191772991218e-01
1.120000000000000000e+03 1.073672097224062649e-01
1.125333399999999983e+03 6.460242050905823374e-02
1.130666600000000017e+03 3.226166064338970019e-02
1.136000000000000000e+03 1.316633261313010506e-02
1.141333399999999983e+03 1.551359167956038385e-02
1.146666600000000017e+03 3.737693644037415330e-02
1.152000000000000000e+03 6.877432861564948541e-02
1.157333399999999983e+03 9.860514977958301230e-02
1.162666600000000017e+03 1.228579837561688676e-01
1.168000000000000000e+03 1.332439480495799244e-01
1.173333399999999983e+03 1.327021248354671168e-01
1.178666600000000017e+03 1.391015575006604443e-01
1.184000000000000000e+03 1.612531541052291406e-01
1.189333399999999983e+03 1.966593345667776160e-01
1.194666600000000017e+03 2.410376977600397208e-01
1.200000000000000000e+03 2.852191615498927413e-01
1.205333399999999983e+03 3.278802429985354649e-01
1.210666600000000017e+03 3.879429306136932265e-01
1.216000000000000000e+03 4.692926657715441596e-01
1.221333399999999983e+03 5.589498842314452043e-01
1.226666600000000017e+03 6.399142508960049547e-01
1.232000000000000000e+03 6.902177407863079317e-01
1.237333399999999983e+03 7.042302477078112855e-01
1.242666600000000017e+03 6.894136368715607643e-01
1.248000000000000000e+03 6.624601090315094254e-01
1.253333399999999983e+03 6.357253499495241211e-01
1.258666600000000017e+03 6.164569034060780606e-01
1.264000000000000000e+03 6.051759000202192595e-01
1.269333399999999983e+03 6.055816164152764136e-01
1.274666600000000017e+03 6.053491202736038801e-01
1.280000000000000000e+03 6.089320461107187166e-01
1.285333399999999983e+03 6.146049114426179738e-01
1.290666600000000017e+03 6.227075164440583066e-01
1.296000000000000000e+03 6.407271531845862844e-01
1.301333399999999983e+03 6.753547618599202718e-01
1.306666600000000017e+03 7.151084513542450560e-01
1.312000000000000000e+03 7.555570512147574691e-01
1.317333399999999983e+03 7.848335462697186848e-01
1.322666600000000017e+03 7.910994560524264863e-01
1.328000000000000000e+03 7.728333647798758532e-01
1.333333399999999983e+03 7.256046884698711397e-01
1.338666600000000017e+03 6.583030053347178612e-01
1.344000000000000000e+03 5.793168695080820330e-01
1.349333399999999983e+03 4.988611171314178971e-01
1.354666600000000017e+03 4.270144013941851724e-01
1.360000000000000000e+03 3.760875354460699871e-01
1.365333399999999983e+03 3.415331273719373062e-01
1.370666600000000017e+03 3.401681224624469868e-01
1.376000000000000000e+03 3.614123492025140827e-01
1.381333399999999983e+03 3.915136618924673906e-01
1.386666600000000017e+03 4.208237791730649602e-01
1.392000000000000000e+03 4.443869688955559005e-01
1.397333399999999983e+03 4.562246422395218604e-01
1.402666600000000017e+03 4.657077945747348791e-01
1.408000000000000000e+03 4.743643304666337324e-01
1.413333399999999983e+03 4.920140904916649460e-01
1.418666600000000017e+03 5.355663877181469079e-01
1.424000000000000000e+03 6.175416004944774828e-01
1.429333399999999983e+03 7.340724861198930640e-01
1.434666600000000017e+03 8.596958777416460196e-01
1.440000000000000000e+03 9.603830584392784031e-01
1.445333399999999983e+03 1.000000000000000000e+00
1.450666600000000017e+03 9.669014483533003856e-01
1.456000000000000000e+03 8.630483373677575454e-01
1.461333399999999983e+03 7.066365157593531565e-01
1.466666600000000017e+03 5.305365587069061917e-01
1.472000000000000000e+03 3.665376637255892134e-01
1.477333399999999983e+03 2.255655050230983283e-01
1.482666600000000017e+03 1.225302114966972111e-01
1.488000000000000000e+03 5.463041084148731463e-02
1.493333399999999983e+03 1.794386932683734656e-02
1.498666600000000017e+03 1.177739540891380512e-02
1.504000000000000000e+03 2.670150019899333871e-02
1.509333399999999983e+03 4.221611431099586698e-02
1.514666600000000017e+03 5.348486806077133726e-02
1.520000000000000000e+03 6.029831562099959019e-02
1.525333399999999983e+03 6.888561621195969653e-02
1.530666600000000017e+03 8.955661216315313755e-02
1.536000000000000000e+03 1.234504027573362916e-01
1.541333399999999983e+03 1.635332870666843796e-01
1.546666600000000017e+03 2.016512270334093748e-01
1.552000000000000000e+03 2.333669926650362436e-01
1.557333399999999983e+03 2.556109438839312409e-01
1.562666600000000017e+03 2.754955275188781805e-01
1.568000000000000000e+03 2.924434698061675886e-01
1.573333399999999983e+03 3.126761274178526118e-01
1.578666600000000017e+03 3.352656053612230735e-01
1.584000000000000000e+03 3.680469002508500176e-01
1.589333399999999983e+03 4.094186984133283413e-01
1.594666600000000017e+03 4.573545836267554066e-01
1.600000000000000000e+03 4.960189138149860288e-01
1.605333399999999983e+03 5.214314723399540163e-01
1.610666600000000017e+03 5.258250496355949544e-01
1.616000000000000000e+03 5.219827503473297714e-01
1.621333399999999983e+03 5.193704276603907655e-01
1.626666600000000017e+03 5.305535751819739909e-01
1.632000000000000000e+03 5.606527474767325492e-01
1.637333399999999983e+03 6.158923460288558971e-01
1.642666600000000017e+03 6.911211568438420105e-01
1.648000000000000000e+03 7.805448413633540028e-01
1.653333399999999983e+03 8.623412311916861528e-01
1.658666600000000017e+03 9.088004102760434133e-01
1.664000000000000000e+03 8.989837447557356143e-01
1.669333399999999983e+03 8.294454395578544359e-01
1.674666600000000017e+03 7.147786938514606447e-01
1.680000000000000000e+03 5.790504942666386823e-01
1.685333399999999983e+03 4.397625996748082966e-01
1.690666600000000017e+03 3.074436719223440639e-01
1.696000000000000000e+03 1.953904865466598861e-01
1.701333399999999983e+03 1.127932157031582144e-01
1.706666600000000017e+03 6.264708610893639229e-02
1.712000000000000000e+03 4.046115171979908220e-02
1.717333399999999983e+03 3.608945365136617678e-02
1.722666600000000017e+03 3.634238814834430537e-02
1.728000000000000000e+03 3.558962403532150293e-02
1.733333399999999983e+03 3.412261031623993468e-02
1.738666600000000017e+03 3.176604653910523879e-02
1.744000000000000000e+03 3.051057421874719955e-02
1.749333399999999983e+03 3.575615120248936546e-02
1.754666600000000017e+03 4.429483233247812068e-02
1.760000000000000000e+03 5.260431697942884177e-02
1.765333399999999983e+03 5.978416509612492769e-02
1.770666600000000017e+03 6.132960440128770729e-02
1.776000000000000000e+03 5.492172757795550642e-02
1.781333399999999983e+03 4.420041809062357635e-02
1.786666600000000017e+03 3.071259278052296954e-02
1.792000000000000000e+03 1.830437726542890817e-02
1.797333399999999983e+03 1.188854247167195517e-02
1.802666600000000017e+03 1.538789256140166845e-02
