6.080000000000000000e+02 7.752055417156455963e-02
6.133333099999999831e+02 8.475256217413840165e-02
6.186666900000000169e+02 7.761358827474575117e-02
6.240000000000000000e+02 6.154251031724328885e-02
6.293333099999999831e+02 4.243339468501744483e-02
6.346666900000000169e+02 2.583848975806628950e-02
6.400000000000000000e+02 1.481301465306002554e-02
6.453333099999999831e+02 8.004472560296899478e-03
6.506666900000000169e+02 3.906738284504355715e-03
6.560000000000000000e+02 2.344008693088795413e-03
6.613333099999999831e+02 0.000000000000000000e+00
6.666666900000000169e+02 3.959099580400785370e-04
6.720000000000000000e+02 7.747811508669379468e-03
6.773333099999999831e+02 2.349982897149224120e-02
6.826666900000000169e+02 4.547533166146051214e-02
6.880000000000000000e+02 6.725910659997892671e-02
6.933333099999999831e+02 8.573896713734123487e-02
6.986666900000000169e+02 9.712008564193591598e-02
7.040000000000000000e+02 9.592793785066619505e-02
7.093333099999999831e+02 8.157231073147284961e-02
7.146666900000000169e+02 6.304753089311455894e-02
7.200000000000000000e+02 4.174832148232190954e-02
7.253333099999999831e+02 3.292700219546228907e-02
7.306666900000000169e+02 3.875801768472870307e-02
7.360000000000000000e+02 4.884826258403935501e-02
7.413333099999999831e+02 5.529278242881491973e-02
7.466666900000000169e+02 5.661477613248858815e-02
7.520000000000000000e+02 4.267649882028364677e-02
7.573333099999999831e+02 2.335575809770953221e-02
7.626666900000000169e+02 1.078298864118063492e-02
7.680000000000000000e+02 5.172390537436205582e-03
7.733333099999999831e+02 1.130901734080492528e-02
7.786666900000000169e+02 2.613019012552691978e-02
7.840000000000000000e+02 4.062524286058032813e-02
7.893333099999999831e+02 5.249959136831276046e-02
7.946666900000000169e+02 6.693612969514595168e-02
8.000000000000000000e+02 8.427604348664234635e-02
8.053333099999999831e+02 1.134659272411923381e-01
8.106666900000000169e+02 1.497763890919330265e-01
8.160000000000000000e+02 1.869511663973333071e-01
8.213333099999999831e+02 2.190415198450114953e-01
8.266666900000000169e+02 2.427241670725609479e-01
8.320000000000000000e+02 2.608978697818921666e-01
8.373333099999999831e+02 2.860489317746217619e-01
8.426666900000000169e+02 3.108332739817238899e-01
8.480000000000000000e+02 3.172654030700383099e-01
8.533333099999999831e+02 2.971855685296403426e-01
8.586666900000000169e+02 2.529280714815831388e-01
8.640000000000000000e+02 2.024852809531948183e-01
8.693333099999999831e+02 1.803424588851433585e-01
8.746666900000000169e+02 1.915380261831262643e-01
8.800000000000000000e+02 2.163788062792522671e-01
8.853333099999999831e+02 2.394597937813182920e-01
8.906666900000000169e+02 2.495237037513367839e-01
8.960000000000000000e+02 2.439682793751261902e-01
9.013333099999999831e+02 2.414496474215482025e-01
9.066666900000000169e+02 2.459893420931549279e-01
9.120000000000000000e+02 2.536348947827911648e-01
9.173333099999999831e+02 2.709376092955224080e-01
9.226666900000000169e+02 2.898204816822092522e-01
9.280000000000000000e+02 3.000616734410551101e-01
9.333333099999999831e+02 2.983946302412203155e-01
9.386666900000000169e+02 2.821122879481643975e-01
9.440000000000000000e+02 2.560859948599081837e-01
9.493333099999999831e+02 2.439512433087054899e-01
9.546666900000000169e+02 2.449292349065024799e-01
9.600000000000000000e+02 2.546139996660531923e-01
9.653333099999999831e+02 2.574834032735004441e-01
9.706666900000000169e+02 2.407645413228219622e-01
9.760000000000000000e+02 2.224323140603594595e-01
9.813333099999999831e+02 2.400067981047726839e-01
9.866666900000000169e+02 3.015867426699705978e-01
9.920000000000000000e+02 3.873198269970125063e-01
9.973333099999999831e+02 4.435647195440343693e-01
1.002666699999999992e+03 4.280718195645118462e-01
1.008000000000000000e+03 3.648945669744920739e-01
1.013333300000000008e+03 3.046215111282552512e-01
1.018666699999999992e+03 2.766188426893180785e-01
1.024000000000000000e+03 2.852991884243323284e-01
1.029333399999999983e+03 3.014870615358280492e-01
1.034666600000000017e+03 2.966249285414866987e-01
1.040000000000000000e+03 2.768731020913187124e-01
1.045333399999999983e+03 2.522391353282524840e-01
1.050666600000000017e+03 2.237154009286496104e-01
1.056000000000000000e+03 2.059602536368028425e-01
1.061333399999999983e+03 2.056998387908731130e-01
1.066666600000000017e+03 2.181768003093467190e-01
1.072000000000000000e+03 2.399273427337337006e-01
1.077333399999999983e+03 2.557093767159432929e-01
1.082666600000000017e+03 2.498420158392123669e-01
1.088000000000000000e+03 2.313474092225663858e-01
1.093333399999999983e+03 2.138562141128227123e-01
1.098666600000000017e+03 2.003227335161907596e-01
1.104000000000000000e+03 1.973127736700387436e-01
1.109333399999999983e+03 1.947830892037474837e-01
1.114666600000000017e+03 1.795593812760317431e-01
1.120000000000000000e+03 1.489639739324120360e-01
1.125333399999999983e+03 1.069336916643318230e-01
1.130666600000000017e+03 5.699534709322680998e-02
1.136000000000000000e+03 2.507209047518334927e-02
1.141333399999999983e+03 2.091849319070426469e-02
1.146666600000000017e+03 3.604544840907421971e-02
1.152000000000000000e+03 5.901330339114715939e-02
1.157333399999999983e+03 7.456757633534537300e-02
1.162666600000000017e+03 7.431851125403644842e-02
1.168000000000000000e+03 7.177535427428111126e-02
1.173333399999999983e+03 7.332266469733378367e-02
1.178666600000000017e+03 7.770220940406345755e-02
1.184000000000000000e+03 9.462831339587776669e-02
1.189333399999999983e+03 1.245679607608913969e-01
1.194666600000000017e+03 1.696784130862692419e-01
1.200000000000000000e+03 2.295821694367613242e-01
1.205333399999999983e+03 2.927948741958754653e-01
1.210666600000000017e+03 3.501307467033285548e-01
1.216000000000000000e+03 4.100807580529273744e-01
1.221333399999999983e+03 4.731424324176451424e-01
1.226666600000000017e+03 5.370068055115158057e-01
1.232000000000000000e+03 5.957630521273737934e-01
1.237333399999999983e+03 6.296255728894302184e-01
1.242666600000000017e+03 6.333705478188945692e-01
1.248000000000000000e+03 6.178662189327720489e-01
1.253333399999999983e+03 5.950115975274392621e-01
1.258666600000000017e+03 5.772947057244298685e-01
1.264000000000000000e+03 5.698807233202708433e-01
1.269333399999999983e+03 5.551998774566513362e-01
1.274666600000000017e+03 5.399606527379126053e-01
1.280000000000000000e+03 5.264739748297098121e-01
1.285333399999999983e+03 5.194780163344056012e-01
1.290666600000000017e+03 5.351174928088338056e-01
1.296000000000000000e+03 5.724098807288484636e-01
1.301333399999999983e+03 6.095740210839944995e-01
1.306666600000000017e+03 6.460738101327647698e-01
1.312000000000000000e+03 6.711521453416658956e-01
1.317333399999999983e+03 6.793456721306855295e-01
1.322666600000000017e+03 6.856918091663813941e-01
1.328000000000000000e+03 6.876390297772434490e-01
1.333333399999999983e+03 6.738311293316060491e-01
1.338666600000000017e+03 6.359306814304893640e-01
1.344000000000000000e+03 5.720645550565566229e-01
1.349333399999999983e+03 4.885255824818843240e-01
1.354666600000000017e+03 4.080495520469533677e-01
1.360000000000000000e+03 3.454996184875340215e-01
1.365333399999999983e+03 3.136107792137969308e-01
1.370666600000000017e+03 3.093050068199716951e-01
1.376000000000000000e+03 3.266555154420926477e-01
1.381333399999999983e+03 3.508850891438458630e-01
1.386666600000000017e+03 3.710668430431843801e-01
1.392000000000000000e+03 3.833558263990229364e-01
1.397333399999999983e+03 3.919931532370373173e-01
1.402666600000000017e+03 4.018106144137872926e-01
1.408000000000000000e+03 4.151684437306178421e-01
1.413333399999999983e+03 4.314808322590474865e-01
1.418666600000000017e+03 4.654605488780926836e-01
1.424000000000000000e+03 5.425689672979426836e-01
1.429333399999999983e+03 6.655272972758402572e-01
1.434666600000000017e+03 8.142003411456202322e-01
1.440000000000000000e+03 9.419303489521717587e-01
1.445333399999999983e+03 1.000000000000000222e+00
1.450666600000000017e+03 9.765597722159966576e-01
1.456000000000000000e+03 8.919020714299480401e-01
1.461333399999999983e+03 7.610809471233935808e-01
1.466666600000000017e+03 6.002512444899220645e-01
1.472000000000000000e+03 4.259501878894742521e-01
1.477333399999999983e+03 2.586790087067821764e-01
1.482666600000000017e+03 1.263967902970781487e-01
1.488000000000000000e+03 4.584100749192552421e-02
1.493333399999999983e+03 1.133151039435838052e-02
1.498666600000000017e+03 5.070727200388038328e-03
1.504000000000000000e+03 1.221203148103022426e-02
1.509333399999999983e+03 2.342926204865170697e-02
1.514666600000000017e+03 3.237437761587697027e-02
1.520000000000000000e+03 3.634364851811838770e-02
1.525333399999999983e+03 4.358237428004771430e-02
1.530666600000000017e+03 6.227141667989172930e-02
1.536000000000000000e+03 9.455100821788495202e-02
1.541333399999999983e+03 1.353219334272599828e-01
1.546666600000000017e+03 1.688992616019884263e-01
1.552000000000000000e+03 1.902582750688265323e-01
1.557333399999999983e+03 2.081489625342247685e-01
1.562666600000000017e+03 2.288228280605537901e-01
1.568000000000000000e+03 2.511432840428359792e-01
1.573333399999999983e+03 2.731695912880010013e-01
1.578666600000000017e+03 2.838896826582091859e-01
1.584000000000000000e+03 2.990853704459995321e-01
1.589333399999999983e+03 3.237665855177447871e-01
1.594666600000000017e+03 3.618326620314350484e-01
1.600000000000000000e+03 4.062845465458414518e-01
1.605333399999999983e+03 4.418928466349432149e-01
1.610666600000000017e+03 4.531210147549806222e-01
1.616000000000000000e+03 4.573897471036377227e-01
1.621333399999999983e+03 4.469608025462548651e-01
1.626666600000000017e+03 4.461596956966670247e-01
1.632000000000000000e+03 4.662046263546348879e-01
1.637333399999999983e+03 5.068387908708422707e-01
1.642666600000000017e+03 5.774620215943937485e-01
1.648000000000000000e+03 6.844162550418559920e-01
1.653333399999999983e+03 7.958991521524531043e-01
1.658666600000000017e+03 8.915138839499846535e-01
1.664000000000000000e+03 9.324964448715991061e-01
1.669333399999999983e+03 8.928811094958479799e-01
1.674666600000000017e+03 7.872519041641633519e-01
1.680000000000000000e+03 6.464097485279270972e-01
1.685333399999999983e+03 4.975678351357969986e-01
1.690666600000000017e+03 3.625631742976346272e-01
1.696000000000000000e+03 2.459816157121638980e-01
1.701333399999999983e+03 1.460504977898132439e-01
1.706666600000000017e+03 6.931788793843544905e-02
1.712000000000000000e+03 2.248551607494823218e-02
1.717333399999999983e+03 2.761964559677059471e-03
1.722666600000000017e+03 4.424204467752320541e-03
1.728000000000000000e+03 1.911484364378152404e-02
1.733333399999999983e+03 3.501689838791714748e-02
1.738666600000000017e+03 4.906670003705080468e-02
1.744000000000000000e+03 5.943464138325701973e-02
1.749333399999999983e+03 6.293204961123853580e-02
1.754666600000000017e+03 6.591628536539985428e-02
1.760000000000000000e+03 7.025907394056470079e-02
1.765333399999999983e+03 7.264872164041263902e-02
1.770666600000000017e+03 6.914209405058489855e-02
1.776000000000000000e+03 5.454997443976489918e-02
1.781333399999999983e+03 3.214798015629258265e-02
1.786666600000000017e+03 1.294479016257599029e-02
1.792000000000000000e+03 3.592784650062620828e-03
1.797333399999999983e+03 9.642866400343971453e-03
1.802666600000000017e+03 3.741009748394169554e-02
