6.080000000000000000e+02 1.147797614285969159e-01
6.133333099999999831e+02 7.427554321764597012e-02
6.186666900000000169e+02 5.140998009605738522e-02
6.240000000000000000e+02 4.005794864219733298e-02
6.293333099999999831e+02 3.330927960092273932e-02
6.346666900000000169e+02 2.248299971143100096e-02
6.400000000000000000e+02 1.195421318049922146e-02
6.453333099999999831e+02 3.796602889528165152e-03
6.506666900000000169e+02 0.000000000000000000e+00
6.560000000000000000e+02 2.256502003005866897e-03
6.613333099999999831e+02 5.470808841764329862e-03
6.666666900000000169e+02 6.609962139181334469e-03
6.720000000000000000e+02 1.877321307544450868e-02
6.773333099999999831e+02 4.159653870031419093e-02
6.826666900000000169e+02 7.364811129913587107e-02
6.880000000000000000e+02 1.072430339741265864e-01
6.933333099999999831e+02 1.302320946565381499e-01
6.986666900000000169e+02 1.360949380322028779e-01
7.040000000000000000e+02 1.293955309262559417e-01
7.093333099999999831e+02 1.125756843004813573e-01
7.146666900000000169e+02 9.344046005555557699e-02
7.200000000000000000e+02 8.103221577688257682e-02
7.253333099999999831e+02 7.632290254507598237e-02
7.306666900000000169e+02 7.676505450250940832e-02
7.360000000000000000e+02 7.623529840555259840e-02
7.413333099999999831e+02 7.072737716841030753e-02
7.466666900000000169e+02 5.845596342503860815e-02
7.520000000000000000e+02 4.270633867493017072e-02
7.573333099999999831e+02 3.063672844035027903e-02
7.626666900000000169e+02 2.715017541017011871e-02
7.680000000000000000e+02 2.679262604080621946e-02
7.733333099999999831e+02 3.106763351507740162e-02
7.786666900000000169e+02 3.500813667755253711e-02
7.840000000000000000e+02 4.008566487397929173e-02
7.893333099999999831e+02 5.550327462992323685e-02
7.946666900000000169e+02 8.500692403691027799e-02
8.000000000000000000e+02 1.205705437786163542e-01
8.053333099999999831e+02 1.609921809937278347e-01
8.106666900000000169e+02 1.912063667888207474e-01
8.160000000000000000e+02 2.100515266074043097e-01
8.213333099999999831e+02 2.197889727923780234e-01
8.266666900000000169e+02 2.272360443049006862e-01
8.320000000000000000e+02 2.378636096978322956e-01
8.373333099999999831e+02 2.550482624022021305e-01
8.426666900000000169e+02 2.713095927661494655e-01
8.480000000000000000e+02 2.867422435633195654e-01
8.533333099999999831e+02 2.933724333309293275e-01
8.586666900000000169e+02 2.928679848974117261e-01
8.640000000000000000e+02 2.890789789512738239e-01
8.693333099999999831e+02 2.787206452042284011e-01
8.746666900000000169e+02 2.624506724573610894e-01
8.800000000000000000e+02 2.471034638092219349e-01
8.853333099999999831e+02 2.308964852221433717e-01
8.906666900000000169e+02 2.209721455274180624e-01
8.960000000000000000e+02 2.263964916225810475e-01
9.013333099999999831e+02 2.419060769188940418e-01
9.066666900000000169e+02 2.641815115063780306e-01
9.120000000000000000e+02 2.936761323942850277e-01
9.173333099999999831e+02 3.171637601627685932e-01
9.226666900000000169e+02 3.281333887426899909e-01
9.280000000000000000e+02 3.273536769043228767e-01
9.333333099999999831e+02 3.131451172160090723e-01
9.386666900000000169e+02 2.905047517097887333e-01
9.440000000000000000e+02 2.731640525498252869e-01
9.493333099999999831e+02 2.626171697262477678e-01
9.546666900000000169e+02 2.578788561132294155e-01
9.600000000000000000e+02 2.548084595466518221e-01
9.653333099999999831e+02 2.471208726223659558e-01
9.706666900000000169e+02 2.408697514982909849e-01
9.760000000000000000e+02 2.542114715203199760e-01
9.813333099999999831e+02 2.998032570414910780e-01
9.866666900000000169e+02 3.676407644418608345e-01
9.920000000000000000e+02 4.237101239393528118e-01
9.973333099999999831e+02 4.320313840435867636e-01
1.002666699999999992e+03 3.900855509506710450e-01
1.008000000000000000e+03 3.265340393171449196e-01
1.013333300000000008e+03 2.839277733236763024e-01
1.018666699999999992e+03 2.780654412370914819e-01
1.024000000000000000e+03 2.943103211369360594e-01
1.029333399999999983e+03 3.062184474376816734e-01
1.034666600000000017e+03 3.037325244288913151e-01
1.040000000000000000e+03 2.874134201317329884e-01
1.045333399999999983e+03 2.662756975838644902e-01
1.050666600000000017e+03 2.461567158783249942e-01
1.056000000000000000e+03 2.307328357563139254e-01
1.061333399999999983e+03 2.200007611578701228e-01
1.066666600000000017e+03 2.202683570616945918e-01
1.072000000000000000e+03 2.276469008338201372e-01
1.077333399999999983e+03 2.357791250684833639e-01
1.082666600000000017e+03 2.400335473213943138e-01
1.088000000000000000e+03 2.392441906996634615e-01
1.093333399999999983e+03 2.301335448835686026e-01
1.098666600000000017e+03 2.108484118587558021e-01
1.104000000000000000e+03 1.817096377020844533e-01
1.109333399999999983e+03 1.479008406755658867e-01
1.114666600000000017e+03 1.081404835215808713e-01
1.120000000000000000e+03 6.954849456847519984e-02
1.125333399999999983e+03 3.811550768245230980e-02
1.130666600000000017e+03 1.548923480329212135e-02
1.136000000000000000e+03 8.505600940870845089e-03
1.141333399999999983e+03 2.020315929262012089e-02
1.146666600000000017e+03 3.880362786527597613e-02
1.152000000000000000e+03 6.183290976904096820e-02
1.157333399999999983e+03 8.164307817660443334e-02
1.162666600000000017e+03 9.189708176526147076e-02
1.168000000000000000e+03 9.545526466459736126e-02
1.173333399999999983e+03 9.641785279264529496e-02
1.178666600000000017e+03 1.028901433882037780e-01
1.184000000000000000e+03 1.292503268287628349e-01
1.189333399999999983e+03 1.742656452828942049e-01
1.194666600000000017e+03 2.300330173028889147e-01
1.200000000000000000e+03 2.888098621308086145e-01
1.205333399999999983e+03 3.415597641969199127e-01
1.210666600000000017e+03 3.939045972175168053e-01
1.216000000000000000e+03 4.581159298065003993e-01
1.221333399999999983e+03 5.379863187901021693e-01
1.226666600000000017e+03 6.232335276759708442e-01
1.232000000000000000e+03 6.910655585776455112e-01
1.237333399999999983e+03 7.245732179724534427e-01
1.242666600000000017e+03 7.204013005451794793e-01
1.248000000000000000e+03 6.911502642993661016e-01
1.253333399999999983e+03 6.581455473045302318e-01
1.258666600000000017e+03 6.321787215350097577e-01
1.264000000000000000e+03 6.090687090202844267e-01
1.269333399999999983e+03 5.913795193579108878e-01
1.274666600000000017e+03 5.743279814670361194e-01
1.280000000000000000e+03 5.564261017191687309e-01
1.285333399999999983e+03 5.447968816063640807e-01
1.290666600000000017e+03 5.432841426008334640e-01
1.296000000000000000e+03 5.528328269351117097e-01
1.301333399999999983e+03 5.746554677601753980e-01
1.306666600000000017e+03 6.006824050133979798e-01
1.312000000000000000e+03 6.235461414733612928e-01
1.317333399999999983e+03 6.395647920830280775e-01
1.322666600000000017e+03 6.472538414286826969e-01
1.328000000000000000e+03 6.433672491043050945e-01
1.333333399999999983e+03 6.180442314679209792e-01
1.338666600000000017e+03 5.687046064009929625e-01
1.344000000000000000e+03 5.020082514907998616e-01
1.349333399999999983e+03 4.307999760026352543e-01
1.354666600000000017e+03 3.713901410770475420e-01
1.360000000000000000e+03 3.315471525493051685e-01
1.365333399999999983e+03 3.089232248677752923e-01
1.370666600000000017e+03 3.050170501156967973e-01
1.376000000000000000e+03 3.163981632037942138e-01
1.381333399999999983e+03 3.424292994395494172e-01
1.386666600000000017e+03 3.755026350190111550e-01
1.392000000000000000e+03 4.032636476332137621e-01
1.397333399999999983e+03 4.220621738579328208e-01
1.402666600000000017e+03 4.361476860856050020e-01
1.408000000000000000e+03 4.511467227660736490e-01
1.413333399999999983e+03 4.785780202483145285e-01
1.418666600000000017e+03 5.305754689629201826e-01
1.424000000000000000e+03 6.100550047495183481e-01
1.429333399999999983e+03 7.182646142101430931e-01
1.434666600000000017e+03 8.402332593130137361e-01
1.440000000000000000e+03 9.443940870182953029e-01
1.445333399999999983e+03 9.908881629881619579e-01
1.450666600000000017e+03 9.679254289221002061e-01
1.456000000000000000e+03 8.710256481877485246e-01
1.461333399999999983e+03 7.205664720234133958e-01
1.466666600000000017e+03 5.485862015346663068e-01
1.472000000000000000e+03 3.834415299280143907e-01
1.477333399999999983e+03 2.386929166805389357e-01
1.482666600000000017e+03 1.328693539025930792e-01
1.488000000000000000e+03 6.230743979707340646e-02
1.493333399999999983e+03 2.348727912496299114e-02
1.498666600000000017e+03 9.872992875570231475e-03
1.504000000000000000e+03 1.192367403739046788e-02
1.509333399999999983e+03 1.913118222697136883e-02
1.514666600000000017e+03 3.057183378860018480e-02
1.520000000000000000e+03 4.386963311669566518e-02
1.525333399999999983e+03 6.193169356782241702e-02
1.530666600000000017e+03 8.580231540941382629e-02
1.536000000000000000e+03 1.153276276646061360e-01
1.541333399999999983e+03 1.463830436586049388e-01
1.546666600000000017e+03 1.783722056452517191e-01
1.552000000000000000e+03 2.021261638606519639e-01
1.557333399999999983e+03 2.157822163630091772e-01
1.562666600000000017e+03 2.191077627604625100e-01
1.568000000000000000e+03 2.219476814390865804e-01
1.573333399999999983e+03 2.283975246012484583e-01
1.578666600000000017e+03 2.492830520104435121e-01
1.584000000000000000e+03 2.816843117844763378e-01
1.589333399999999983e+03 3.236918503781279211e-01
1.594666600000000017e+03 3.679729063938804723e-01
1.600000000000000000e+03 4.079326087438537307e-01
1.605333399999999983e+03 4.314241952473354957e-01
1.610666600000000017e+03 4.416493932259863975e-01
1.616000000000000000e+03 4.468650849153597004e-01
1.621333399999999983e+03 4.564915777061961388e-01
1.626666600000000017e+03 4.849925213204435703e-01
1.632000000000000000e+03 5.384593800321153534e-01
1.637333399999999983e+03 6.136885083979488620e-01
1.642666600000000017e+03 7.105197271686084504e-01
1.648000000000000000e+03 8.235503245482271861e-01
1.653333399999999983e+03 9.280105850181183946e-01
1.658666600000000017e+03 9.957090894598645825e-01
1.664000000000000000e+03 9.999999999999998890e-01
1.669333399999999983e+03 9.277297871539315066e-01
1.674666600000000017e+03 8.000837852437802100e-01
1.680000000000000000e+03 6.480745957477880292e-01
1.685333399999999983e+03 4.959642943127282044e-01
1.690666600000000017e+03 3.601352421456961439e-01
1.696000000000000000e+03 2.476864851037151316e-01
1.701333399999999983e+03 1.592237657531219708e-01
1.706666600000000017e+03 1.003520163917739627e-01
1.712000000000000000e+03 6.652466038904532308e-02
1.717333399999999983e+03 4.975175883605325450e-02
1.722666600000000017e+03 4.439961640459251513e-02
1.728000000000000000e+03 4.619671439511548183e-02
1.733333399999999983e+03 5.096710092482786142e-02
1.738666600000000017e+03 5.319757513308703833e-02
1.744000000000000000e+03 5.130574370021544206e-02
1.749333399999999983e+03 4.691239896592164921e-02
1.754666600000000017e+03 4.246707666939148612e-02
1.760000000000000000e+03 4.246866334795903336e-02
1.765333399999999983e+03 4.706078312635359612e-02
1.770666600000000017e+03 4.979359288973520675e-02
1.776000000000000000e+03 5.009352622795029686e-02
1.781333399999999983e+03 4.903672787467409921e-02
1.786666600000000017e+03 4.585694797853849536e-02
1.792000000000000000e+03 4.039358648903228211e-02
1.797333399999999983e+03 2.931513172139659645e-02
1.802666600000000017e+03 1.024833468678709204e-02
