6.080000000000000000e+02 1.354062242888580403e-01
6.133333099999999831e+02 1.543360421349722067e-01
6.186666900000000169e+02 1.348918856960778512e-01
6.240000000000000000e+02 9.345702487591052432e-02
6.293333099999999831e+02 4.937915823554459016e-02
6.346666900000000169e+02 1.599110042191298833e-02
6.400000000000000000e+02 2.011169151824235626e-03
6.453333099999999831e+02 0.000000000000000000e+00
6.506666900000000169e+02 1.647690093246660659e-03
6.560000000000000000e+02 5.759570021355119376e-03
6.613333099999999831e+02 1.040472746950157727e-02
6.666666900000000169e+02 1.666939380576316215e-02
6.720000000000000000e+02 3.261649612885507421e-02
6.773333099999999831e+02 5.533174214303440697e-02
6.826666900000000169e+02 8.229731319540146972e-02
6.880000000000000000e+02 1.185040780350165301e-01
6.933333099999999831e+02 1.542498151588579669e-01
6.986666900000000169e+02 1.785816408114329623e-01
7.040000000000000000e+02 1.881281353327304562e-01
7.093333099999999831e+02 1.836487669774609643e-01
7.146666900000000169e+02 1.737014338600350316e-01
7.200000000000000000e+02 1.681785698574530252e-01
7.253333099999999831e+02 1.629616055832450172e-01
7.306666900000000169e+02 1.546390008245444592e-01
7.360000000000000000e+02 1.403200377244069041e-01
7.413333099999999831e+02 1.246955240555984029e-01
7.466666900000000169e+02 1.120660087346247585e-01
7.520000000000000000e+02 9.898609122982365838e-02
7.573333099999999831e+02 8.424337238748798307e-02
7.626666900000000169e+02 7.253422093506790846e-02
7.680000000000000000e+02 6.161524938461070133e-02
7.733333099999999831e+02 6.343088546231309688e-02
7.786666900000000169e+02 7.762580767606062915e-02
7.840000000000000000e+02 9.754430222337295842e-02
7.893333099999999831e+02 1.234998506585619910e-01
7.946666900000000169e+02 1.578307281550808960e-01
8.000000000000000000e+02 1.944942555676887341e-01
8.053333099999999831e+02 2.365132582045198772e-01
8.106666900000000169e+02 2.724981931503069332e-01
8.160000000000000000e+02 2.941930785906920476e-01
8.213333099999999831e+02 3.007829202685212144e-01
8.266666900000000169e+02 3.054122672768397329e-01
8.320000000000000000e+02 3.177050977548820376e-01
8.373333099999999831e+02 3.370403960519935405e-01
8.426666900000000169e+02 3.502699241629003146e-01
8.480000000000000000e+02 3.505084004521925589e-01
8.533333099999999831e+02 3.364463248904008830e-01
8.586666900000000169e+02 3.231128340368413787e-01
8.640000000000000000e+02 3.199867732126853159e-01
8.693333099999999831e+02 3.225741351085186781e-01
8.746666900000000169e+02 3.232121627276456355e-01
8.800000000000000000e+02 3.153516997605585459e-01
8.853333099999999831e+02 2.987990380647031485e-01
8.906666900000000169e+02 2.835270069492227263e-01
8.960000000000000000e+02 2.761156044488182748e-01
9.013333099999999831e+02 2.798494281557062924e-01
9.066666900000000169e+02 3.006537845022109745e-01
9.120000000000000000e+02 3.279542675723513545e-01
9.173333099999999831e+02 3.475039225352533068e-01
9.226666900000000169e+02 3.507339499596913157e-01
9.280000000000000000e+02 3.303326128353830105e-01
9.333333099999999831e+02 2.931449373565121475e-01
9.386666900000000169e+02 2.570497968104622499e-01
9.440000000000000000e+02 2.323817019753342539e-01
9.493333099999999831e+02 2.220983199098463812e-01
9.546666900000000169e+02 2.232765004486181593e-01
9.600000000000000000e+02 2.236501517705466457e-01
9.653333099999999831e+02 2.171940324391878341e-01
9.706666900000000169e+02 2.089179171438401705e-01
9.760000000000000000e+02 2.258390795978016674e-01
9.813333099999999831e+02 2.835328168192856046e-01
9.866666900000000169e+02 3.726192477661998126e-01
9.920000000000000000e+02 4.530327456563560951e-01
9.973333099999999831e+02 4.762889023309999081e-01
1.002666699999999992e+03 4.291652591771066283e-01
1.008000000000000000e+03 3.574175280453506520e-01
1.013333300000000008e+03 3.067981811093901667e-01
1.018666699999999992e+03 2.992789651030512976e-01
1.024000000000000000e+03 3.164163320167668325e-01
1.029333399999999983e+03 3.220417403032486137e-01
1.034666600000000017e+03 3.015285037530842094e-01
1.040000000000000000e+03 2.713636980107758112e-01
1.045333399999999983e+03 2.439174799988813314e-01
1.050666600000000017e+03 2.284343934484898420e-01
1.056000000000000000e+03 2.187507672913565071e-01
1.061333399999999983e+03 2.050976311525319618e-01
1.066666600000000017e+03 1.923908683837545763e-01
1.072000000000000000e+03 1.928127973725766997e-01
1.077333399999999983e+03 2.038082671854447026e-01
1.082666600000000017e+03 2.260383243948041465e-01
1.088000000000000000e+03 2.418027302277021839e-01
1.093333399999999983e+03 2.318941463962054528e-01
1.098666600000000017e+03 2.012885090650073927e-01
1.104000000000000000e+03 1.664687594617052790e-01
1.109333399999999983e+03 1.380508527526998208e-01
1.114666600000000017e+03 1.249553232443581796e-01
1.120000000000000000e+03 1.113264815612836772e-01
1.125333399999999983e+03 8.450037400483371985e-02
1.130666600000000017e+03 5.042660520343715536e-02
1.136000000000000000e+03 2.193211409070663573e-02
1.141333399999999983e+03 1.274744232237866835e-02
1.146666600000000017e+03 2.815144842459353994e-02
1.152000000000000000e+03 5.703271988271729764e-02
1.157333399999999983e+03 9.069785566493762663e-02
1.162666600000000017e+03 1.182511003919086562e-01
1.168000000000000000e+03 1.321556491317938953e-01
1.173333399999999983e+03 1.337316807534220109e-01
1.178666600000000017e+03 1.380171278926271838e-01
1.184000000000000000e+03 1.591555176116524750e-01
1.189333399999999983e+03 2.012927901500125294e-01
1.194666600000000017e+03 2.518219634830160536e-01
1.200000000000000000e+03 2.976215979191499383e-01
1.205333399999999983e+03 3.320792393576457169e-01
1.210666600000000017e+03 3.733504683791851742e-01
1.216000000000000000e+03 4.369013147646150785e-01
1.221333399999999983e+03 5.200305267860947378e-01
1.226666600000000017e+03 6.080480805851067316e-01
1.232000000000000000e+03 6.757314913690281033e-01
1.237333399999999983e+03 7.034903261957841103e-01
1.242666600000000017e+03 6.936128975471976821e-01
1.248000000000000000e+03 6.537646857120988919e-01
1.253333399999999983e+03 6.015377151211043216e-01
1.258666600000000017e+03 5.588586568201031612e-01
1.264000000000000000e+03 5.326448387405157137e-01
1.269333399999999983e+03 5.228799819961962303e-01
1.274666600000000017e+03 5.265388850250050101e-01
1.280000000000000000e+03 5.313543753281242399e-01
1.285333399999999983e+03 5.369259070930471056e-01
1.290666600000000017e+03 5.501218478959983837e-01
1.296000000000000000e+03 5.700448003314797507e-01
1.301333399999999983e+03 5.914048450214085539e-01
1.306666600000000017e+03 6.160796182632439777e-01
1.312000000000000000e+03 6.388865184160824606e-01
1.317333399999999983e+03 6.543088241677076367e-01
1.322666600000000017e+03 6.582716913651311952e-01
1.328000000000000000e+03 6.408182220563666265e-01
1.333333399999999983e+03 5.905957702040266488e-01
1.338666600000000017e+03 5.165657899840083722e-01
1.344000000000000000e+03 4.363551441354950877e-01
1.349333399999999983e+03 3.642733859030742871e-01
1.354666600000000017e+03 3.143839296522943916e-01
1.360000000000000000e+03 2.889096562064566442e-01
1.365333399999999983e+03 2.777517520893038050e-01
1.370666600000000017e+03 2.756118384388602238e-01
1.376000000000000000e+03 2.803661626581954169e-01
1.381333399999999983e+03 2.911275765018253026e-01
1.386666600000000017e+03 3.142071229637360963e-01
1.392000000000000000e+03 3.439571516394071549e-01
1.397333399999999983e+03 3.757007204755293261e-01
1.402666600000000017e+03 4.074262835794841275e-01
1.408000000000000000e+03 4.319690507818373382e-01
1.413333399999999983e+03 4.561155897775981405e-01
1.418666600000000017e+03 5.005980614645710869e-01
1.424000000000000000e+03 5.771004601550266955e-01
1.429333399999999983e+03 6.954133057700494502e-01
1.434666600000000017e+03 8.362994276031615604e-01
1.440000000000000000e+03 9.524599427430904264e-01
1.445333399999999983e+03 1.000000000000000000e+00
1.450666600000000017e+03 9.578195348638167683e-01
1.456000000000000000e+03 8.371182060060253782e-01
1.461333399999999983e+03 6.763921527609542128e-01
1.466666600000000017e+03 5.014339866271400048e-01
1.472000000000000000e+03 3.404056065265834707e-01
1.477333399999999983e+03 2.063102448996340099e-01
1.482666600000000017e+03 1.045992614931474107e-01
1.488000000000000000e+03 4.297495368127604576e-02
1.493333399999999983e+03 1.836162266354229855e-02
1.498666600000000017e+03 1.161424396500884172e-02
1.504000000000000000e+03 1.488067901577708359e-02
1.509333399999999983e+03 1.710223818807587309e-02
1.514666600000000017e+03 2.113406902022545511e-02
1.520000000000000000e+03 3.563436915712762942e-02
1.525333399999999983e+03 6.291618673854375288e-02
1.530666600000000017e+03 1.007316074267404632e-01
1.536000000000000000e+03 1.407765375333916158e-01
1.541333399999999983e+03 1.717646560941981093e-01
1.546666600000000017e+03 1.918547569306607303e-01
1.552000000000000000e+03 2.017397107282961066e-01
1.557333399999999983e+03 2.035027069716645876e-01
1.562666600000000017e+03 2.035615031248023121e-01
1.568000000000000000e+03 2.056052348562362742e-01
1.573333399999999983e+03 2.137954750251481462e-01
1.578666600000000017e+03 2.320796685657606773e-01
1.584000000000000000e+03 2.655790280865114594e-01
1.589333399999999983e+03 3.124183274132974475e-01
1.594666600000000017e+03 3.619732654808643368e-01
1.600000000000000000e+03 3.994707547809266956e-01
1.605333399999999983e+03 4.174362971262579047e-01
1.610666600000000017e+03 4.198993870819428542e-01
1.616000000000000000e+03 4.224662802161043840e-01
1.621333399999999983e+03 4.368120470034145275e-01
1.626666600000000017e+03 4.654629856175777070e-01
1.632000000000000000e+03 5.047419399302961462e-01
1.637333399999999983e+03 5.581868924904174190e-01
1.642666600000000017e+03 6.325388071394876244e-01
1.648000000000000000e+03 7.278638979671138154e-01
1.653333399999999983e+03 8.262539490476298321e-01
1.658666600000000017e+03 9.013172898973905722e-01
1.664000000000000000e+03 9.199766699423760352e-01
1.669333399999999983e+03 8.714393997195829522e-01
1.674666600000000017e+03 7.662631173621334835e-01
1.680000000000000000e+03 6.269684592452064997e-01
1.685333399999999983e+03 4.772585314851779392e-01
1.690666600000000017e+03 3.382749918236098718e-01
1.696000000000000000e+03 2.195992220464368372e-01
1.701333399999999983e+03 1.292803444449706074e-01
1.706666600000000017e+03 7.058261157720732704e-02
1.712000000000000000e+03 3.984860638220927981e-02
1.717333399999999983e+03 2.717045839322013850e-02
1.722666600000000017e+03 2.391718319717424379e-02
1.728000000000000000e+03 2.708800046704246817e-02
1.733333399999999983e+03 3.395128090715261726e-02
1.738666600000000017e+03 4.285476697388346246e-02
1.744000000000000000e+03 5.283192428643936067e-02
1.749333399999999983e+03 5.984035784658872648e-02
1.754666600000000017e+03 6.428737497710398929e-02
1.760000000000000000e+03 7.136859673653693503e-02
1.765333399999999983e+03 8.058069494631482643e-02
1.770666600000000017e+03 8.948752094333960183e-02
1.776000000000000000e+03 9.320089758457454632e-02
1.781333399999999983e+03 8.528958314376966499e-02
1.786666600000000017e+03 6.536173213775473001e-02
1.792000000000000000e+03 4.061287309582584104e-02
1.797333399999999983e+03 2.081857723976150709e-02
1.802666600000000017e+03 1.393502913206034859e-02
