6.080000000000000000e+02 1.107130680534395423e-01
6.133333099999999831e+02 9.786156037349588721e-02
6.186666900000000169e+02 8.167009396869213955e-02
6.240000000000000000e+02 6.556388346747796247e-02
6.293333099999999831e+02 5.532796039259565979e-02
6.346666900000000169e+02 5.273102193985691744e-02
6.400000000000000000e+02 4.627837963428090701e-02
6.453333099999999831e+02 3.374508164709227181e-02
6.506666900000000169e+02 1.586286178746345102e-02
6.560000000000000000e+02 0.000000000000000000e+00
6.613333099999999831e+02 4.468861692764874299e-04
6.666666900000000169e+02 2.563300533483826860e-02
6.720000000000000000e+02 6.121233181865130824e-02
6.773333099999999831e+02 1.002255630330932262e-01
6.826666900000000169e+02 1.318625216740099138e-01
6.880000000000000000e+02 1.530250959962994040e-01
6.933333099999999831e+02 1.662212291024786903e-01
6.986666900000000169e+02 1.747028322666252242e-01
7.040000000000000000e+02 1.741655620938512006e-01
7.093333099999999831e+02 1.668688341288672439e-01
7.146666900000000169e+02 1.582511453381877931e-01
7.200000000000000000e+02 1.506692312341919304e-01
7.253333099999999831e+02 1.452706723901527885e-01
7.306666900000000169e+02 1.438197752099751037e-01
7.360000000000000000e+02 1.409676060441317491e-01
7.413333099999999831e+02 1.362973064318546146e-01
7.466666900000000169e+02 1.335429342363148031e-01
7.520000000000000000e+02 1.300338895790147942e-01
7.573333099999999831e+02 1.269235039051774816e-01
7.626666900000000169e+02 1.275010964561255622e-01
7.680000000000000000e+02 1.242481552688306096e-01
7.733333099999999831e+02 1.200711176112885109e-01
7.786666900000000169e+02 1.203336297149457390e-01
7.840000000000000000e+02 1.307706360909295928e-01
7.893333099999999831e+02 1.558526498293864582e-01
7.946666900000000169e+02 1.948884398190287581e-01
8.000000000000000000e+02 2.351972959570707289e-01
8.053333099999999831e+02 2.673353033094748588e-01
8.106666900000000169e+02 2.855060801605011078e-01
8.160000000000000000e+02 2.922870928998185791e-01
8.213333099999999831e+02 2.939983642649568463e-01
8.266666900000000169e+02 3.002775512499833432e-01
8.320000000000000000e+02 3.181779103677169762e-01
8.373333099999999831e+02 3.473983421242259895e-01
8.426666900000000169e+02 3.768100923509960509e-01
8.480000000000000000e+02 3.907328301817227789e-01
8.533333099999999831e+02 3.848238558619991312e-01
8.586666900000000169e+02 3.666826051478616622e-01
8.640000000000000000e+02 3.531400731570274454e-01
8.693333099999999831e+02 3.505306681243399725e-01
8.746666900000000169e+02 3.481759696399480686e-01
8.800000000000000000e+02 3.378317566463840405e-01
8.853333099999999831e+02 3.212122759885925882e-01
8.906666900000000169e+02 3.027176912365052708e-01
8.960000000000000000e+02 2.968202694838112943e-01
9.013333099999999831e+02 3.059604609197364988e-01
9.066666900000000169e+02 3.201567118981601956e-01
9.120000000000000000e+02 3.393073547264971457e-01
9.173333099999999831e+02 3.568738252667214006e-01
9.226666900000000169e+02 3.638715033390464981e-01
9.280000000000000000e+02 3.642604078739311579e-01
9.333333099999999831e+02 3.589398123245169936e-01
9.386666900000000169e+02 3.460274453104437153e-01
9.440000000000000000e+02 3.322333980148741706e-01
9.493333099999999831e+02 3.199627801814801664e-01
9.546666900000000169e+02 3.120801406132179823e-01
9.600000000000000000e+02 3.102712325444786368e-01
9.653333099999999831e+02 3.084619336070845153e-01
9.706666900000000169e+02 3.053732440011142635e-01
9.760000000000000000e+02 3.166611372503549404e-01
9.813333099999999831e+02 3.560269323384149809e-01
9.866666900000000169e+02 4.201425929018687278e-01
9.920000000000000000e+02 4.779120354861620679e-01
9.973333099999999831e+02 4.917394064678407006e-01
1.002666699999999992e+03 4.513383277183661835e-01
1.008000000000000000e+03 3.920796111020107833e-01
1.013333300000000008e+03 3.532763850435669539e-01
1.018666699999999992e+03 3.518586487314339650e-01
1.024000000000000000e+03 3.733295756615367944e-01
1.029333399999999983e+03 3.913889805616181938e-01
1.034666600000000017e+03 3.876359632420213197e-01
1.040000000000000000e+03 3.614955375417237549e-01
1.045333399999999983e+03 3.221928384929493294e-01
1.050666600000000017e+03 2.791775628241924267e-01
1.056000000000000000e+03 2.473562765880548131e-01
1.061333399999999983e+03 2.377614231000710621e-01
1.066666600000000017e+03 2.482309731186102542e-01
1.072000000000000000e+03 2.626633934697529815e-01
1.077333399999999983e+03 2.725277216467584807e-01
1.082666600000000017e+03 2.687657306768178045e-01
1.088000000000000000e+03 2.576567826498582514e-01
1.093333399999999983e+03 2.434020039791356393e-01
1.098666600000000017e+03 2.263014227906608444e-01
1.104000000000000000e+03 2.048622638281882846e-01
1.109333399999999983e+03 1.806298968381289394e-01
1.114666600000000017e+03 1.488096166550459398e-01
1.120000000000000000e+03 1.118137180730946340e-01
1.125333399999999983e+03 6.991551672312090737e-02
1.130666600000000017e+03 3.228008883216970659e-02
1.136000000000000000e+03 1.225792297699619150e-02
1.141333399999999983e+03 1.575420608221020022e-02
1.146666600000000017e+03 3.767947676910529675e-02
1.152000000000000000e+03 7.229012537431074581e-02
1.157333399999999983e+03 1.039186204179208123e-01
1.162666600000000017e+03 1.210817668622315713e-01
1.168000000000000000e+03 1.232836802822361022e-01
1.173333399999999983e+03 1.153336870457101065e-01
1.178666600000000017e+03 1.113435763948585761e-01
1.184000000000000000e+03 1.316848632574434408e-01
1.189333399999999983e+03 1.738726481261562151e-01
1.194666600000000017e+03 2.237474363925548437e-01
1.200000000000000000e+03 2.724898166271367272e-01
1.205333399999999983e+03 3.164649386360982586e-01
1.210666600000000017e+03 3.673515514440343632e-01
1.216000000000000000e+03 4.395813522234639503e-01
1.221333399999999983e+03 5.237998273968784702e-01
1.226666600000000017e+03 6.007305156796890477e-01
1.232000000000000000e+03 6.535883372848525497e-01
1.237333399999999983e+03 6.693117476552703504e-01
1.242666600000000017e+03 6.545882012701044195e-01
1.248000000000000000e+03 6.274571938128581383e-01
1.253333399999999983e+03 5.966585647336556386e-01
1.258666600000000017e+03 5.726712638602997618e-01
1.264000000000000000e+03 5.597330442441995624e-01
1.269333399999999983e+03 5.507981258836724958e-01
1.274666600000000017e+03 5.433706807675197092e-01
1.280000000000000000e+03 5.376171852647094740e-01
1.285333399999999983e+03 5.302580217388620509e-01
1.290666600000000017e+03 5.293655729361471662e-01
1.296000000000000000e+03 5.369036680944110351e-01
1.301333399999999983e+03 5.524362478149774658e-01
1.306666600000000017e+03 5.744320040298871444e-01
1.312000000000000000e+03 5.989758585190811946e-01
1.317333399999999983e+03 6.206722746592782114e-01
1.322666600000000017e+03 6.349672672669812723e-01
1.328000000000000000e+03 6.286978414685469030e-01
1.333333399999999983e+03 5.976767264811781999e-01
1.338666600000000017e+03 5.431207127559948278e-01
1.344000000000000000e+03 4.755191606982085983e-01
1.349333399999999983e+03 4.063177240447135019e-01
1.354666600000000017e+03 3.503593409420511784e-01
1.360000000000000000e+03 3.125213653755260501e-01
1.365333399999999983e+03 2.946474584544350184e-01
1.370666600000000017e+03 2.923342490365694601e-01
1.376000000000000000e+03 3.010615319710019389e-01
1.381333399999999983e+03 3.128362392115994761e-01
1.386666600000000017e+03 3.320969415109436551e-01
1.392000000000000000e+03 3.573403774130111121e-01
1.397333399999999983e+03 3.869226329581916257e-01
1.402666600000000017e+03 4.134794957181468500e-01
1.408000000000000000e+03 4.311044341285787396e-01
1.413333399999999983e+03 4.502768429748186252e-01
1.418666600000000017e+03 4.902838910973982833e-01
1.424000000000000000e+03 5.676569232937057619e-01
1.429333399999999983e+03 6.882681706176269065e-01
1.434666600000000017e+03 8.265658561547397642e-01
1.440000000000000000e+03 9.411425802894485271e-01
1.445333399999999983e+03 1.000000000000000000e+00
1.450666600000000017e+03 9.768231576282933037e-01
1.456000000000000000e+03 8.761355485616605376e-01
1.461333399999999983e+03 7.214062823220985798e-01
1.466666600000000017e+03 5.409404520824590001e-01
1.472000000000000000e+03 3.694146705453118518e-01
1.477333399999999983e+03 2.294830174047239879e-01
1.482666600000000017e+03 1.249223548768283454e-01
1.488000000000000000e+03 5.764665414708031177e-02
1.493333399999999983e+03 2.227011576312751609e-02
1.498666600000000017e+03 1.072561477453428530e-02
1.504000000000000000e+03 1.632866179883081525e-02
1.509333399999999983e+03 2.830506357831242409e-02
1.514666600000000017e+03 3.861372815778259943e-02
1.520000000000000000e+03 5.108137718350085760e-02
1.525333399999999983e+03 7.259728924604688660e-02
1.530666600000000017e+03 1.031818810073109605e-01
1.536000000000000000e+03 1.362079323786532514e-01
1.541333399999999983e+03 1.637952630800630638e-01
1.546666600000000017e+03 1.818691977087829870e-01
1.552000000000000000e+03 1.956264379013412102e-01
1.557333399999999983e+03 2.067500934770119536e-01
1.562666600000000017e+03 2.171953563948608446e-01
1.568000000000000000e+03 2.221355106733308438e-01
1.573333399999999983e+03 2.264345724916944080e-01
1.578666600000000017e+03 2.340346057235820343e-01
1.584000000000000000e+03 2.527451356797340565e-01
1.589333399999999983e+03 2.768826154442582399e-01
1.594666600000000017e+03 3.080881818702803643e-01
1.600000000000000000e+03 3.370951937566157297e-01
1.605333399999999983e+03 3.642382754935676870e-01
1.610666600000000017e+03 3.862387238528890987e-01
1.616000000000000000e+03 4.070109332896292287e-01
1.621333399999999983e+03 4.261401564419738941e-01
1.626666600000000017e+03 4.543262512836458988e-01
1.632000000000000000e+03 4.971948219733422492e-01
1.637333399999999983e+03 5.582617943142533790e-01
1.642666600000000017e+03 6.402932243315938576e-01
1.648000000000000000e+03 7.347048250327692376e-01
1.653333399999999983e+03 8.255406021159037433e-01
1.658666600000000017e+03 8.903177538170838901e-01
1.664000000000000000e+03 9.042667742764214367e-01
1.669333399999999983e+03 8.536000084621112594e-01
1.674666600000000017e+03 7.510021412947895936e-01
1.680000000000000000e+03 6.162259396620849428e-01
1.685333399999999983e+03 4.734886730432267266e-01
1.690666600000000017e+03 3.402423734739228323e-01
1.696000000000000000e+03 2.275060365510019611e-01
1.701333399999999983e+03 1.398537998497772217e-01
1.706666600000000017e+03 8.319305607024096716e-02
1.712000000000000000e+03 5.480772953145184034e-02
1.717333399999999983e+03 4.110091074822686680e-02
1.722666600000000017e+03 3.151366134741260400e-02
1.728000000000000000e+03 2.303146332619618319e-02
1.733333399999999983e+03 1.625407050835586675e-02
1.738666600000000017e+03 1.680927002744750029e-02
1.744000000000000000e+03 2.574859029072181643e-02
1.749333399999999983e+03 3.602513938413179351e-02
1.754666600000000017e+03 4.447170606685307837e-02
1.760000000000000000e+03 4.949889067747929167e-02
1.765333399999999983e+03 5.020973419516671504e-02
1.770666600000000017e+03 4.684131194045040164e-02
1.776000000000000000e+03 4.089642820610941976e-02
1.781333399999999983e+03 3.317301016307643013e-02
1.786666600000000017e+03 2.636944936969572856e-02
1.792000000000000000e+03 2.116592137553836156e-02
1.797333399999999983e+03 1.560241510698289619e-02
1.802666600000000017e+03 8.770993259393605052e-03
