6.080000000000000000e+02 9.654398163636182528e-02
6.133333099999999831e+02 9.111384872237074384e-02
6.186666900000000169e+02 8.462545827009658461e-02
6.240000000000000000e+02 7.556252831838894402e-02
6.293333099999999831e+02 5.893634593403895144e-02
6.346666900000000169e+02 4.201842578916484272e-02
6.400000000000000000e+02 2.427622838115371662e-02
6.453333099999999831e+02 8.345251569345285905e-03
6.506666900000000169e+02 0.000000000000000000e+00
6.560000000000000000e+02 1.312293714537469957e-03
6.613333099999999831e+02 7.713375687656539095e-03
6.666666900000000169e+02 2.525919061159592055e-02
6.720000000000000000e+02 5.229328609725895916e-02
6.773333099999999831e+02 8.758619820538462997e-02
6.826666900000000169e+02 1.187069072641421391e-01
6.880000000000000000e+02 1.427886285604049177e-01
6.933333099999999831e+02 1.586878927246269666e-01
6.986666900000000169e+02 1.683887582504701164e-01
7.040000000000000000e+02 1.743696351613643336e-01
7.093333099999999831e+02 1.770745347007362525e-01
7.146666900000000169e+02 1.692180598932393476e-01
7.200000000000000000e+02 1.578405620730551351e-01
7.253333099999999831e+02 1.484715329291912411e-01
7.306666900000000169e+02 1.466984691476116986e-01
7.360000000000000000e+02 1.510380560459811949e-01
7.413333099999999831e+02 1.543572020067262573e-01
7.466666900000000169e+02 1.520534014287511781e-01
7.520000000000000000e+02 1.453980991948207735e-01
7.573333099999999831e+02 1.324397251105147166e-01
7.626666900000000169e+02 1.237353026133970607e-01
7.680000000000000000e+02 1.252259348477438583e-01
7.733333099999999831e+02 1.373897475259721612e-01
7.786666900000000169e+02 1.614619305258132576e-01
7.840000000000000000e+02 1.892391746882319259e-01
7.893333099999999831e+02 2.123506853901993563e-01
7.946666900000000169e+02 2.362211428259735624e-01
8.000000000000000000e+02 2.645858305938877386e-01
8.053333099999999831e+02 3.011045913963412146e-01
8.106666900000000169e+02 3.434008845588010783e-01
8.160000000000000000e+02 3.764443190418705898e-01
8.213333099999999831e+02 3.942585652770089211e-01
8.266666900000000169e+02 3.966177111231061758e-01
8.320000000000000000e+02 3.925888175154020332e-01
8.373333099999999831e+02 3.915896876358829215e-01
8.426666900000000169e+02 3.925701658226848911e-01
8.480000000000000000e+02 3.876661713847406876e-01
8.533333099999999831e+02 3.776146122263089322e-01
8.586666900000000169e+02 3.613160392489649930e-01
8.640000000000000000e+02 3.523141182990950915e-01
8.693333099999999831e+02 3.526319842484060274e-01
8.746666900000000169e+02 3.542053766228008826e-01
8.800000000000000000e+02 3.518617613659278942e-01
8.853333099999999831e+02 3.439696765355328978e-01
8.906666900000000169e+02 3.263789986248699648e-01
8.960000000000000000e+02 3.105071652106515812e-01
9.013333099999999831e+02 3.030121770806282200e-01
9.066666900000000169e+02 3.055686130683320512e-01
9.120000000000000000e+02 3.204625755362563999e-01
9.173333099999999831e+02 3.419702086055020351e-01
9.226666900000000169e+02 3.582474565922628140e-01
9.280000000000000000e+02 3.624416588493696301e-01
9.333333099999999831e+02 3.536522872202644829e-01
9.386666900000000169e+02 3.373060123864428106e-01
9.440000000000000000e+02 3.241721369930796182e-01
9.493333099999999831e+02 3.222460407622534939e-01
9.546666900000000169e+02 3.338310791388041099e-01
9.600000000000000000e+02 3.464293012020474016e-01
9.653333099999999831e+02 3.468002674754147585e-01
9.706666900000000169e+02 3.404987936100879464e-01
9.760000000000000000e+02 3.507465530005029475e-01
9.813333099999999831e+02 3.982753906324791315e-01
9.866666900000000169e+02 4.764865104730861001e-01
9.920000000000000000e+02 5.447463897098382413e-01
9.973333099999999831e+02 5.561687035723237305e-01
1.002666699999999992e+03 5.017701337940411177e-01
1.008000000000000000e+03 4.195950275403726448e-01
1.013333300000000008e+03 3.609608962628289563e-01
1.018666699999999992e+03 3.485570336135871972e-01
1.024000000000000000e+03 3.699056225395637720e-01
1.029333399999999983e+03 3.927743640153448790e-01
1.034666600000000017e+03 3.924297240011922483e-01
1.040000000000000000e+03 3.661145840281389008e-01
1.045333399999999983e+03 3.234581767996262958e-01
1.050666600000000017e+03 2.761005499476132941e-01
1.056000000000000000e+03 2.400289444868372590e-01
1.061333399999999983e+03 2.242736887469629625e-01
1.066666600000000017e+03 2.260610188363859629e-01
1.072000000000000000e+03 2.402822138243626005e-01
1.077333399999999983e+03 2.575730631294421702e-01
1.082666600000000017e+03 2.683179773560517845e-01
1.088000000000000000e+03 2.724442468507722315e-01
1.093333399999999983e+03 2.632688659387957264e-01
1.098666600000000017e+03 2.367851683992348022e-01
1.104000000000000000e+03 2.026169109132152646e-01
1.109333399999999983e+03 1.705543562600837504e-01
1.114666600000000017e+03 1.405568639864429037e-01
1.120000000000000000e+03 1.099552425788754145e-01
1.125333399999999983e+03 7.240251249044368786e-02
1.130666600000000017e+03 3.403743329817965346e-02
1.136000000000000000e+03 1.122835047497228178e-02
1.141333399999999983e+03 1.548870727857064138e-02
1.146666600000000017e+03 4.244309345942355594e-02
1.152000000000000000e+03 7.519633821186791356e-02
1.157333399999999983e+03 1.009185693722800120e-01
1.162666600000000017e+03 1.164325756152092689e-01
1.168000000000000000e+03 1.228092795343816851e-01
1.173333399999999983e+03 1.364837156806106566e-01
1.178666600000000017e+03 1.652458100177994771e-01
1.184000000000000000e+03 2.029372177030299151e-01
1.189333399999999983e+03 2.487589388396181378e-01
1.194666600000000017e+03 2.920022620337219266e-01
1.200000000000000000e+03 3.205584853606595619e-01
1.205333399999999983e+03 3.567536147033972260e-01
1.210666600000000017e+03 4.126926401131621458e-01
1.216000000000000000e+03 4.896568536470117250e-01
1.221333399999999983e+03 5.882516640287739351e-01
1.226666600000000017e+03 6.777886998010587138e-01
1.232000000000000000e+03 7.272207388044417131e-01
1.237333399999999983e+03 7.333978517493057181e-01
1.242666600000000017e+03 7.068005466709498252e-01
1.248000000000000000e+03 6.646193105133533230e-01
1.253333399999999983e+03 6.332195845972916626e-01
1.258666600000000017e+03 6.094633676276006717e-01
1.264000000000000000e+03 5.920544517343879765e-01
1.269333399999999983e+03 5.757939937135860831e-01
1.274666600000000017e+03 5.630959903943092426e-01
1.280000000000000000e+03 5.503459090059099612e-01
1.285333399999999983e+03 5.445607933435563375e-01
1.290666600000000017e+03 5.412663841157157041e-01
1.296000000000000000e+03 5.524121545159356161e-01
1.301333399999999983e+03 5.810844009945224098e-01
1.306666600000000017e+03 6.211296599758674430e-01
1.312000000000000000e+03 6.591452355811263653e-01
1.317333399999999983e+03 6.830745683517397415e-01
1.322666600000000017e+03 6.826635392349600373e-01
1.328000000000000000e+03 6.629459908853608807e-01
1.333333399999999983e+03 6.217402933704434531e-01
1.338666600000000017e+03 5.576020042638740737e-01
1.344000000000000000e+03 4.777961540091885673e-01
1.349333399999999983e+03 3.954036154257166147e-01
1.354666600000000017e+03 3.290177811860731105e-01
1.360000000000000000e+03 2.923991401915269073e-01
1.365333399999999983e+03 2.812852119846085963e-01
1.370666600000000017e+03 2.885506203156462113e-01
1.376000000000000000e+03 3.055288270220007929e-01
1.381333399999999983e+03 3.286208887207694995e-01
1.386666600000000017e+03 3.538809469124708507e-01
1.392000000000000000e+03 3.786059520640477349e-01
1.397333399999999983e+03 4.025934723952149796e-01
1.402666600000000017e+03 4.242277568074951377e-01
1.408000000000000000e+03 4.469061417923886892e-01
1.413333399999999983e+03 4.819430423779928474e-01
1.418666600000000017e+03 5.378535954575099920e-01
1.424000000000000000e+03 6.241103821484218495e-01
1.429333399999999983e+03 7.428418384368127292e-01
1.434666600000000017e+03 8.662740568643175765e-01
1.440000000000000000e+03 9.620573422946481212e-01
1.445333399999999983e+03 1.000000000000000000e+00
1.450666600000000017e+03 9.580394671644677507e-01
1.456000000000000000e+03 8.391589493707249936e-01
1.461333399999999983e+03 6.718115422795967184e-01
1.466666600000000017e+03 4.863660831025736764e-01
1.472000000000000000e+03 3.210773754865551277e-01
1.477333399999999983e+03 1.938139188076833386e-01
1.482666600000000017e+03 1.031620980529349280e-01
1.488000000000000000e+03 4.427147127588641762e-02
1.493333399999999983e+03 1.455307850245216549e-02
1.498666600000000017e+03 9.571400073890760571e-03
1.504000000000000000e+03 2.398853239838719467e-02
1.509333399999999983e+03 3.906302322790054793e-02
1.514666600000000017e+03 4.494119958786080976e-02
1.520000000000000000e+03 4.674474773918966403e-02
1.525333399999999983e+03 5.786932658802623752e-02
1.530666600000000017e+03 8.671696587077488971e-02
1.536000000000000000e+03 1.279904483872456311e-01
1.541333399999999983e+03 1.614518963995631995e-01
1.546666600000000017e+03 1.804083901312932281e-01
1.552000000000000000e+03 1.827158546140602580e-01
1.557333399999999983e+03 1.786147264990831096e-01
1.562666600000000017e+03 1.797248307359975428e-01
1.568000000000000000e+03 1.911735547824632842e-01
1.573333399999999983e+03 2.042438639919826326e-01
1.578666600000000017e+03 2.290682614684246832e-01
1.584000000000000000e+03 2.624595824127152754e-01
1.589333399999999983e+03 3.050108582934282220e-01
1.594666600000000017e+03 3.535691318967703056e-01
1.600000000000000000e+03 3.961049864039158930e-01
1.605333399999999983e+03 4.115368532947658586e-01
1.610666600000000017e+03 4.083902944385826017e-01
1.616000000000000000e+03 3.941648807324193426e-01
1.621333399999999983e+03 3.884352266217230287e-01
1.626666600000000017e+03 4.027911031406178899e-01
1.632000000000000000e+03 4.454046262497465825e-01
1.637333399999999983e+03 5.126805936650179474e-01
1.642666600000000017e+03 6.061975567796791253e-01
1.648000000000000000e+03 7.169576883920999455e-01
1.653333399999999983e+03 8.298928748641329900e-01
1.658666600000000017e+03 9.105395370242117536e-01
1.664000000000000000e+03 9.332853026990470813e-01
1.669333399999999983e+03 8.823391190550533558e-01
1.674666600000000017e+03 7.701128183605542299e-01
1.680000000000000000e+03 6.256377026445879563e-01
1.685333399999999983e+03 4.804322487835482880e-01
1.690666600000000017e+03 3.509023447145978580e-01
1.696000000000000000e+03 2.435292785190295572e-01
1.701333399999999983e+03 1.582809092365494719e-01
1.706666600000000017e+03 9.442412051657073091e-02
1.712000000000000000e+03 4.960283708917191670e-02
1.717333399999999983e+03 2.545712920672361240e-02
1.722666600000000017e+03 1.861629156104820104e-02
1.728000000000000000e+03 2.255678159907725105e-02
1.733333399999999983e+03 3.346269715014217605e-02
1.738666600000000017e+03 4.041665289592465127e-02
1.744000000000000000e+03 3.581056236459644743e-02
1.749333399999999983e+03 2.832486598104621764e-02
1.754666600000000017e+03 2.469282017055460243e-02
1.760000000000000000e+03 2.630823357967405560e-02
1.765333399999999983e+03 3.403442694221325143e-02
1.770666600000000017e+03 4.087973139875665518e-02
1.776000000000000000e+03 4.045617286668173884e-02
1.781333399999999983e+03 3.854894250827985841e-02
1.786666600000000017e+03 3.797517388680002326e-02
1.792000000000000000e+03 3.493687981710559554e-02
1.797333399999999983e+03 2.586357371661643367e-02
1.802666600000000017e+03 7.701043864973344984e-03
