6.080000000000000000e+02 1.809511156481853900e-01
6.133333099999999831e+02 1.700256706453153466e-01
6.186666900000000169e+02 1.491594030287188288e-01
6.240000000000000000e+02 1.227220275219458728e-01
6.293333099999999831e+02 9.696120414135597776e-02
6.346666900000000169e+02 7.283022856017558333e-02
6.400000000000000000e+02 4.869104380850748648e-02
6.453333099999999831e+02 2.822955083261777243e-02
6.506666900000000169e+02 1.029238995074049749e-02
6.560000000000000000e+02 0.000000000000000000e+00
6.613333099999999831e+02 5.440756943599427478e-03
6.666666900000000169e+02 3.312651832157438581e-02
6.720000000000000000e+02 7.615608980375686288e-02
6.773333099999999831e+02 1.305665857706571065e-01
6.826666900000000169e+02 1.779846082348477132e-01
6.880000000000000000e+02 2.108750295516718387e-01
6.933333099999999831e+02 2.420126857247075214e-01
6.986666900000000169e+02 2.763391952193400836e-01
7.040000000000000000e+02 3.021987320210881567e-01
7.093333099999999831e+02 3.073338855437147688e-01
7.146666900000000169e+02 2.761589486927692461e-01
7.200000000000000000e+02 2.161102156476857328e-01
7.253333099999999831e+02 1.647882149687876496e-01
7.306666900000000169e+02 1.393177317304269136e-01
7.360000000000000000e+02 1.333984251655038755e-01
7.413333099999999831e+02 1.314487721897267536e-01
7.466666900000000169e+02 1.192140488783390295e-01
7.520000000000000000e+02 9.491130826340019033e-02
7.573333099999999831e+02 7.948442665441816934e-02
7.626666900000000169e+02 8.644266263664443506e-02
7.680000000000000000e+02 1.085147477308256309e-01
7.733333099999999831e+02 1.336156245927179465e-01
7.786666900000000169e+02 1.621970961108070985e-01
7.840000000000000000e+02 1.844052326348180337e-01
7.893333099999999831e+02 2.032997380695284462e-01
7.946666900000000169e+02 2.322983352644775457e-01
8.000000000000000000e+02 2.660039185846850285e-01
8.053333099999999831e+02 2.936040084238406012e-01
8.106666900000000169e+02 3.268515860783210436e-01
8.160000000000000000e+02 3.501930553060887408e-01
8.213333099999999831e+02 3.620459249233662913e-01
8.266666900000000169e+02 3.760031050292483301e-01
8.320000000000000000e+02 3.920210810271079205e-01
8.373333099999999831e+02 3.987011386034067795e-01
8.426666900000000169e+02 3.966583244004066588e-01
8.480000000000000000e+02 3.762210594419362342e-01
8.533333099999999831e+02 3.464528702015449158e-01
8.586666900000000169e+02 3.272365498365597536e-01
8.640000000000000000e+02 3.280947563199959616e-01
8.693333099999999831e+02 3.401814468859241658e-01
8.746666900000000169e+02 3.423133218366885555e-01
8.800000000000000000e+02 3.258659578333911733e-01
8.853333099999999831e+02 3.000912423507150484e-01
8.906666900000000169e+02 2.810284838901033755e-01
8.960000000000000000e+02 2.851838749884947344e-01
9.013333099999999831e+02 3.161289164761335591e-01
9.066666900000000169e+02 3.462132033647812301e-01
9.120000000000000000e+02 3.587053769043428986e-01
9.173333099999999831e+02 3.562766059400265251e-01
9.226666900000000169e+02 3.423531362972593861e-01
9.280000000000000000e+02 3.243050740727911330e-01
9.333333099999999831e+02 3.069404463861062360e-01
9.386666900000000169e+02 2.814447131453808315e-01
9.440000000000000000e+02 2.462643663469205879e-01
9.493333099999999831e+02 2.195972832886654846e-01
9.546666900000000169e+02 2.082732773241571800e-01
9.600000000000000000e+02 2.101072181419800511e-01
9.653333099999999831e+02 2.179187097581411769e-01
9.706666900000000169e+02 2.257737405617896709e-01
9.760000000000000000e+02 2.413503148923296648e-01
9.813333099999999831e+02 2.831813826166429959e-01
9.866666900000000169e+02 3.457376248042815514e-01
9.920000000000000000e+02 4.073112947945934370e-01
9.973333099999999831e+02 4.379944274033721885e-01
1.002666699999999992e+03 4.223805043245696389e-01
1.008000000000000000e+03 3.834767969066977256e-01
1.013333300000000008e+03 3.511738012005757303e-01
1.018666699999999992e+03 3.309822668295541170e-01
1.024000000000000000e+03 3.251063691918362752e-01
1.029333399999999983e+03 3.186575114566347899e-01
1.034666600000000017e+03 3.003821600080634480e-01
1.040000000000000000e+03 2.806092862825350087e-01
1.045333399999999983e+03 2.700729499889671925e-01
1.050666600000000017e+03 2.543165713431499442e-01
1.056000000000000000e+03 2.320921818215871402e-01
1.061333399999999983e+03 2.013017364374289631e-01
1.066666600000000017e+03 1.648173771190878101e-01
1.072000000000000000e+03 1.401686308030389849e-01
1.077333399999999983e+03 1.522757330304530254e-01
1.082666600000000017e+03 1.858623263448803964e-01
1.088000000000000000e+03 2.201577553085110051e-01
1.093333399999999983e+03 2.366911683919533660e-01
1.098666600000000017e+03 2.239471229222663173e-01
1.104000000000000000e+03 1.927294375334533405e-01
1.109333399999999983e+03 1.618916504663740485e-01
1.114666600000000017e+03 1.317467454961672446e-01
1.120000000000000000e+03 9.992045422127619758e-02
1.125333399999999983e+03 6.572350285443456785e-02
1.130666600000000017e+03 3.339217560821015895e-02
1.136000000000000000e+03 1.769319369844376058e-02
1.141333399999999983e+03 1.960122706112640140e-02
1.146666600000000017e+03 3.477520998306955768e-02
1.152000000000000000e+03 5.793029151281063605e-02
1.157333399999999983e+03 9.182207658258366434e-02
1.162666600000000017e+03 1.269371478731016467e-01
1.168000000000000000e+03 1.529116253363295985e-01
1.173333399999999983e+03 1.647071348335960306e-01
1.178666600000000017e+03 1.670242980191013471e-01
1.184000000000000000e+03 1.765994360072891400e-01
1.189333399999999983e+03 2.208029697341784559e-01
1.194666600000000017e+03 2.861853434814559671e-01
1.200000000000000000e+03 3.466139087174638367e-01
1.205333399999999983e+03 3.897670368932260043e-01
1.210666600000000017e+03 4.158035555647426329e-01
1.216000000000000000e+03 4.453846666066197946e-01
1.221333399999999983e+03 5.003456676904032285e-01
1.226666600000000017e+03 5.657168488541162166e-01
1.232000000000000000e+03 6.202213323756152752e-01
1.237333399999999983e+03 6.484098567568241656e-01
1.242666600000000017e+03 6.442604695498576062e-01
1.248000000000000000e+03 6.218125936780030116e-01
1.253333399999999983e+03 5.938642715751065726e-01
1.258666600000000017e+03 5.632901819484824602e-01
1.264000000000000000e+03 5.411994972335171239e-01
1.269333399999999983e+03 5.315590831642053038e-01
1.274666600000000017e+03 5.269360260916381433e-01
1.280000000000000000e+03 5.272148255956802254e-01
1.285333399999999983e+03 5.295703695902197472e-01
1.290666600000000017e+03 5.350346669898924379e-01
1.296000000000000000e+03 5.591943406314072718e-01
1.301333399999999983e+03 6.075212667990937954e-01
1.306666600000000017e+03 6.557821914538846109e-01
1.312000000000000000e+03 6.898661821632571245e-01
1.317333399999999983e+03 6.999222703372779408e-01
1.322666600000000017e+03 6.800099491704494348e-01
1.328000000000000000e+03 6.504777885540985460e-01
1.333333399999999983e+03 6.169908847851458544e-01
1.338666600000000017e+03 5.611005029620060869e-01
1.344000000000000000e+03 4.850008754001367550e-01
1.349333399999999983e+03 4.007845737335774539e-01
1.354666600000000017e+03 3.183296052724280401e-01
1.360000000000000000e+03 2.710314388196932711e-01
1.365333399999999983e+03 2.593910659342290592e-01
1.370666600000000017e+03 2.681446765570022484e-01
1.376000000000000000e+03 2.891998693662788389e-01
1.381333399999999983e+03 3.201116490643097223e-01
1.386666600000000017e+03 3.504415352329446343e-01
1.392000000000000000e+03 3.871394265939603341e-01
1.397333399999999983e+03 4.283703269504824385e-01
1.402666600000000017e+03 4.632627445116891951e-01
1.408000000000000000e+03 4.860125296839161724e-01
1.413333399999999983e+03 5.118890873033244970e-01
1.418666600000000017e+03 5.587389224569502266e-01
1.424000000000000000e+03 6.416094641646422625e-01
1.429333399999999983e+03 7.657523739920497619e-01
1.434666600000000017e+03 8.932139505111038602e-01
1.440000000000000000e+03 9.804702917706683563e-01
1.445333399999999983e+03 1.000000000000000000e+00
1.450666600000000017e+03 9.508428894162644918e-01
1.456000000000000000e+03 8.457830890157767012e-01
1.461333399999999983e+03 7.119689731749709871e-01
1.466666600000000017e+03 5.601594472814902526e-01
1.472000000000000000e+03 4.130232055609093789e-01
1.477333399999999983e+03 2.829387840898174300e-01
1.482666600000000017e+03 1.819822027861536240e-01
1.488000000000000000e+03 1.146988425745781026e-01
1.493333399999999983e+03 7.403080341722724500e-02
1.498666600000000017e+03 4.613330477797152746e-02
1.504000000000000000e+03 2.777015408643174199e-02
1.509333399999999983e+03 1.887400175161749530e-02
1.514666600000000017e+03 2.003812123339297757e-02
1.520000000000000000e+03 3.153327378542700177e-02
1.525333399999999983e+03 5.596891686840227420e-02
1.530666600000000017e+03 9.772960458551800678e-02
1.536000000000000000e+03 1.483295159659547002e-01
1.541333399999999983e+03 1.994441991244642887e-01
1.546666600000000017e+03 2.410982678704168269e-01
1.552000000000000000e+03 2.543529649421343297e-01
1.557333399999999983e+03 2.559464940804375144e-01
1.562666600000000017e+03 2.646719625559469380e-01
1.568000000000000000e+03 2.782405772852751813e-01
1.573333399999999983e+03 2.860846416104625978e-01
1.578666600000000017e+03 2.957793224965162837e-01
1.584000000000000000e+03 3.044420798231664560e-01
1.589333399999999983e+03 3.286737859293014097e-01
1.594666600000000017e+03 3.690527772229033054e-01
1.600000000000000000e+03 4.137148703985787379e-01
1.605333399999999983e+03 4.347941173001038662e-01
1.610666600000000017e+03 4.401655130562612817e-01
1.616000000000000000e+03 4.453200922655325411e-01
1.621333399999999983e+03 4.502554022568857617e-01
1.626666600000000017e+03 4.593757773195307204e-01
1.632000000000000000e+03 4.853089271943487604e-01
1.637333399999999983e+03 5.201152186068558336e-01
1.642666600000000017e+03 5.734143733981118540e-01
1.648000000000000000e+03 6.529491340204157668e-01
1.653333399999999983e+03 7.384541154045208833e-01
1.658666600000000017e+03 8.096500493367387863e-01
1.664000000000000000e+03 8.508480595498009169e-01
1.669333399999999983e+03 8.313477024279920524e-01
1.674666600000000017e+03 7.447131959128316936e-01
1.680000000000000000e+03 6.107000827651120067e-01
1.685333399999999983e+03 4.626685488926285950e-01
1.690666600000000017e+03 3.280611968908188070e-01
1.696000000000000000e+03 2.308400576860310804e-01
1.701333399999999983e+03 1.634201172774244204e-01
1.706666600000000017e+03 1.120255207908686101e-01
1.712000000000000000e+03 7.974098798574855151e-02
1.717333399999999983e+03 7.196108201591373821e-02
1.722666600000000017e+03 7.724157551830575230e-02
1.728000000000000000e+03 9.022677796531694550e-02
1.733333399999999983e+03 9.722882450157284417e-02
1.738666600000000017e+03 8.586968726159940890e-02
1.744000000000000000e+03 7.464202719503396088e-02
1.749333399999999983e+03 8.118325490677316680e-02
1.754666600000000017e+03 9.444874148577857287e-02
1.760000000000000000e+03 1.067093601540374248e-01
1.765333399999999983e+03 1.123424798230181071e-01
1.770666600000000017e+03 1.042498885897063937e-01
1.776000000000000000e+03 9.797149307107770599e-02
1.781333399999999983e+03 1.013408911080058983e-01
1.786666600000000017e+03 1.037536993299445071e-01
1.792000000000000000e+03 9.710495360390683506e-02
1.797333399999999983e+03 7.146932952773225878e-02
1.802666600000000017e+03 1.794959382653019478e-02
