6.080000000000000000e+02 9.442566323147971730e-02
6.133333099999999831e+02 9.681599235083003518e-02
6.186666900000000169e+02 7.236886052209955122e-02
6.240000000000000000e+02 3.728113461015463564e-02
6.293333099999999831e+02 1.424521160035002558e-02
6.346666900000000169e+02 1.268302725164048572e-02
6.400000000000000000e+02 2.149028956888326264e-02
6.453333099999999831e+02 2.370397315411527581e-02
6.506666900000000169e+02 1.290020152396528091e-02
6.560000000000000000e+02 6.289946158374963570e-04
6.613333099999999831e+02 0.000000000000000000e+00
6.666666900000000169e+02 1.619559341056491311e-02
6.720000000000000000e+02 4.299755667705749962e-02
6.773333099999999831e+02 7.149667540614304539e-02
6.826666900000000169e+02 9.747690579503952291e-02
6.880000000000000000e+02 1.223358554422378786e-01
6.933333099999999831e+02 1.413637745247036948e-01
6.986666900000000169e+02 1.522588782203686542e-01
7.040000000000000000e+02 1.562782683533706085e-01
7.093333099999999831e+02 1.556622920653803477e-01
7.146666900000000169e+02 1.532286749400016135e-01
7.200000000000000000e+02 1.478988261963513906e-01
7.253333099999999831e+02 1.300532780743456074e-01
7.306666900000000169e+02 1.145531517155438939e-01
7.360000000000000000e+02 1.046110571507835596e-01
7.413333099999999831e+02 9.716473541781500689e-02
7.466666900000000169e+02 9.022594974355446773e-02
7.520000000000000000e+02 7.912685756353447786e-02
7.573333099999999831e+02 5.544793516832960401e-02
7.626666900000000169e+02 4.412648410170991881e-02
7.680000000000000000e+02 4.839277037306095874e-02
7.733333099999999831e+02 6.767999148665929110e-02
7.786666900000000169e+02 1.013417595412361566e-01
7.840000000000000000e+02 1.410287689765129526e-01
7.893333099999999831e+02 1.731110555353330693e-01
7.946666900000000169e+02 2.027273421381463603e-01
8.000000000000000000e+02 2.331493466518582969e-01
8.053333099999999831e+02 2.642346147096037434e-01
8.106666900000000169e+02 2.920439156619526466e-01
8.160000000000000000e+02 3.097060251777264406e-01
8.213333099999999831e+02 3.162433874943982315e-01
8.266666900000000169e+02 3.202300103370468443e-01
8.320000000000000000e+02 3.330681341179527188e-01
8.373333099999999831e+02 3.566943564803815025e-01
8.426666900000000169e+02 3.813824211485304927e-01
8.480000000000000000e+02 3.940597221347038048e-01
8.533333099999999831e+02 3.942548524847475089e-01
8.586666900000000169e+02 3.896689220220062588e-01
8.640000000000000000e+02 3.834800546925232756e-01
8.693333099999999831e+02 3.790715756226991084e-01
8.746666900000000169e+02 3.704245657173706463e-01
8.800000000000000000e+02 3.508184000732300634e-01
8.853333099999999831e+02 3.269893210659116090e-01
8.906666900000000169e+02 3.130381253816667542e-01
8.960000000000000000e+02 3.111062485081121376e-01
9.013333099999999831e+02 3.232663669841429610e-01
9.066666900000000169e+02 3.432738930043102710e-01
9.120000000000000000e+02 3.596987395589709702e-01
9.173333099999999831e+02 3.735016040980584373e-01
9.226666900000000169e+02 3.858729905095950041e-01
9.280000000000000000e+02 3.895008298032163752e-01
9.333333099999999831e+02 3.852035662114965398e-01
9.386666900000000169e+02 3.739248442957828211e-01
9.440000000000000000e+02 3.541240369239526675e-01
9.493333099999999831e+02 3.391834079753454634e-01
9.546666900000000169e+02 3.311469280540334514e-01
9.600000000000000000e+02 3.254943757438382157e-01
9.653333099999999831e+02 3.205127938841432766e-01
9.706666900000000169e+02 3.110538570858442098e-01
9.760000000000000000e+02 3.210160126409418169e-01
9.813333099999999831e+02 3.690173719638196737e-01
9.866666900000000169e+02 4.454989089560619786e-01
9.920000000000000000e+02 5.183557043642101902e-01
9.973333099999999831e+02 5.431726086971111478e-01
1.002666699999999992e+03 4.952563090246689947e-01
1.008000000000000000e+03 4.242830637869546839e-01
1.013333300000000008e+03 3.675336415241515775e-01
1.018666699999999992e+03 3.455539188824530150e-01
1.024000000000000000e+03 3.538190395212390538e-01
1.029333399999999983e+03 3.648314835361106678e-01
1.034666600000000017e+03 3.615486313639647564e-01
1.040000000000000000e+03 3.467902943044040009e-01
1.045333399999999983e+03 3.236973197025391213e-01
1.050666600000000017e+03 2.989740683946835453e-01
1.056000000000000000e+03 2.829602644034922565e-01
1.061333399999999983e+03 2.809334958780392855e-01
1.066666600000000017e+03 2.964266783980687991e-01
1.072000000000000000e+03 3.115872459277752027e-01
1.077333399999999983e+03 3.224921508512322843e-01
1.082666600000000017e+03 3.212843493319352262e-01
1.088000000000000000e+03 3.077672892597221321e-01
1.093333399999999983e+03 2.825240209428055982e-01
1.098666600000000017e+03 2.514887583796376336e-01
1.104000000000000000e+03 2.216019281439489952e-01
1.109333399999999983e+03 1.967111354327333861e-01
1.114666600000000017e+03 1.690543570217627745e-01
1.120000000000000000e+03 1.325637400094631102e-01
1.125333399999999983e+03 8.448943082549167927e-02
1.130666600000000017e+03 3.450415552901219679e-02
1.136000000000000000e+03 9.865362800960878267e-03
1.141333399999999983e+03 1.734296125239028277e-02
1.146666600000000017e+03 4.574920015162396020e-02
1.152000000000000000e+03 8.401237428313149125e-02
1.157333399999999983e+03 1.165863949057381332e-01
1.162666600000000017e+03 1.325076432768677315e-01
1.168000000000000000e+03 1.352967671577367803e-01
1.173333399999999983e+03 1.316232387630117684e-01
1.178666600000000017e+03 1.290675251832860415e-01
1.184000000000000000e+03 1.500559559726918901e-01
1.189333399999999983e+03 2.005949876818763356e-01
1.194666600000000017e+03 2.684619467599084208e-01
1.200000000000000000e+03 3.327872421072287090e-01
1.205333399999999983e+03 3.836439092042330246e-01
1.210666600000000017e+03 4.231018024012959677e-01
1.216000000000000000e+03 4.728041249529931767e-01
1.221333399999999983e+03 5.448239409534825217e-01
1.226666600000000017e+03 6.268783050258436296e-01
1.232000000000000000e+03 6.953484955758764130e-01
1.237333399999999983e+03 7.254955782962617672e-01
1.242666600000000017e+03 7.118032425254854356e-01
1.248000000000000000e+03 6.704789812126014104e-01
1.253333399999999983e+03 6.294043711767524085e-01
1.258666600000000017e+03 6.023562831032144294e-01
1.264000000000000000e+03 5.930455130357876747e-01
1.269333399999999983e+03 5.885398377408163073e-01
1.274666600000000017e+03 5.852688761985149757e-01
1.280000000000000000e+03 5.809196349817854488e-01
1.285333399999999983e+03 5.843544589353991681e-01
1.290666600000000017e+03 5.954142164503082313e-01
1.296000000000000000e+03 6.119113092432172385e-01
1.301333399999999983e+03 6.322099041966526833e-01
1.306666600000000017e+03 6.554641419421853854e-01
1.312000000000000000e+03 6.728299998092814871e-01
1.317333399999999983e+03 6.849997500169632270e-01
1.322666600000000017e+03 6.838784049983291924e-01
1.328000000000000000e+03 6.646201608108838199e-01
1.333333399999999983e+03 6.390045153785702814e-01
1.338666600000000017e+03 6.016913425375075564e-01
1.344000000000000000e+03 5.402886184220736521e-01
1.349333399999999983e+03 4.612459118651393575e-01
1.354666600000000017e+03 3.685247900751624228e-01
1.360000000000000000e+03 2.822097412564672503e-01
1.365333399999999983e+03 2.388802156198191473e-01
1.370666600000000017e+03 2.390511523145620321e-01
1.376000000000000000e+03 2.700645750803330469e-01
1.381333399999999983e+03 3.171848782744272621e-01
1.386666600000000017e+03 3.576152044353725912e-01
1.392000000000000000e+03 3.870864468075962961e-01
1.397333399999999983e+03 4.112608963324734246e-01
1.402666600000000017e+03 4.283609870583846013e-01
1.408000000000000000e+03 4.426664215271707281e-01
1.413333399999999983e+03 4.603310192779742627e-01
1.418666600000000017e+03 4.996784760180136287e-01
1.424000000000000000e+03 5.761178251392697902e-01
1.429333399999999983e+03 6.954363375199195119e-01
1.434666600000000017e+03 8.323262249427084702e-01
1.440000000000000000e+03 9.469916138112320914e-01
1.445333399999999983e+03 1.000000000000000000e+00
1.450666600000000017e+03 9.815307244116618923e-01
1.456000000000000000e+03 8.892366161308931094e-01
1.461333399999999983e+03 7.474690834085255808e-01
1.466666600000000017e+03 5.704341652366906601e-01
1.472000000000000000e+03 3.882951852041710561e-01
1.477333399999999983e+03 2.305992383968449577e-01
1.482666600000000017e+03 1.185165172663418393e-01
1.488000000000000000e+03 5.205223211910981612e-02
1.493333399999999983e+03 2.404862860251447132e-02
1.498666600000000017e+03 1.276263033002060336e-02
1.504000000000000000e+03 1.068518762028660210e-02
1.509333399999999983e+03 1.396374323678191073e-02
1.514666600000000017e+03 1.919765892404999563e-02
1.520000000000000000e+03 3.086035721957985922e-02
1.525333399999999983e+03 5.442715932382627408e-02
1.530666600000000017e+03 8.886005457712402300e-02
1.536000000000000000e+03 1.294496973079859725e-01
1.541333399999999983e+03 1.667540967739949420e-01
1.546666600000000017e+03 1.921099561437679404e-01
1.552000000000000000e+03 2.034515275765208520e-01
1.557333399999999983e+03 2.151911273886228937e-01
1.562666600000000017e+03 2.251530912113098581e-01
1.568000000000000000e+03 2.369869561597372221e-01
1.573333399999999983e+03 2.464532547325200551e-01
1.578666600000000017e+03 2.573080593009940964e-01
1.584000000000000000e+03 2.669335019127407893e-01
1.589333399999999983e+03 2.952770891538061271e-01
1.594666600000000017e+03 3.268348658616679892e-01
1.600000000000000000e+03 3.630958918692030468e-01
1.605333399999999983e+03 3.909652296494614543e-01
1.610666600000000017e+03 4.147883022956570520e-01
1.616000000000000000e+03 4.267347479811341437e-01
1.621333399999999983e+03 4.446837973018575862e-01
1.626666600000000017e+03 4.694728058904641954e-01
1.632000000000000000e+03 5.161266976360856518e-01
1.637333399999999983e+03 5.841990341783058760e-01
1.642666600000000017e+03 6.759968617074967323e-01
1.648000000000000000e+03 7.745522011108701976e-01
1.653333399999999983e+03 8.729201595307475303e-01
1.658666600000000017e+03 9.482840078945852236e-01
1.664000000000000000e+03 9.767204390784082202e-01
1.669333399999999983e+03 9.353179626328556040e-01
1.674666600000000017e+03 8.207102692694012713e-01
1.680000000000000000e+03 6.509422664999723329e-01
1.685333399999999983e+03 4.694286817885172658e-01
1.690666600000000017e+03 3.105896016166690421e-01
1.696000000000000000e+03 1.960150523851555970e-01
1.701333399999999983e+03 1.260548353554461765e-01
1.706666600000000017e+03 8.433132977255015927e-02
1.712000000000000000e+03 5.566482731017490665e-02
1.717333399999999983e+03 3.401638592785764109e-02
1.722666600000000017e+03 1.800671184700740682e-02
1.728000000000000000e+03 1.331212520100308848e-02
1.733333399999999983e+03 2.029576961301817611e-02
1.738666600000000017e+03 3.127491050585588100e-02
1.744000000000000000e+03 4.145128829395805514e-02
1.749333399999999983e+03 4.607922255788499122e-02
1.754666600000000017e+03 4.507315206655879147e-02
1.760000000000000000e+03 4.167038389869757997e-02
1.765333399999999983e+03 4.071138624022622998e-02
1.770666600000000017e+03 4.300429973609124629e-02
1.776000000000000000e+03 4.764746908510221479e-02
1.781333399999999983e+03 4.951355904629210769e-02
1.786666600000000017e+03 4.538349817189046842e-02
1.792000000000000000e+03 3.488979187834869572e-02
1.797333399999999983e+03 2.377586363674071696e-02
1.802666600000000017e+03 1.546847012219263774e-02
