6.080000000000000000e+02 1.503113016908692035e-01
6.133333099999999831e+02 1.377199171813422163e-01
6.186666900000000169e+02 1.358558318108966934e-01
6.240000000000000000e+02 1.364896323455163929e-01
6.293333099999999831e+02 1.267860479160916320e-01
6.346666900000000169e+02 1.068894007308490712e-01
6.400000000000000000e+02 7.814719211772580554e-02
6.453333099999999831e+02 4.646368544380699572e-02
6.506666900000000169e+02 2.158411081114884958e-02
6.560000000000000000e+02 5.546197648021167215e-03
6.613333099999999831e+02 0.000000000000000000e+00
6.666666900000000169e+02 1.488286121293204943e-02
6.720000000000000000e+02 4.987874228237001994e-02
6.773333099999999831e+02 9.539597804656865798e-02
6.826666900000000169e+02 1.334845499634884636e-01
6.880000000000000000e+02 1.548135523551225634e-01
6.933333099999999831e+02 1.621273673746559396e-01
6.986666900000000169e+02 1.726189155144954579e-01
7.040000000000000000e+02 1.907803478373038819e-01
7.093333099999999831e+02 2.082929891424545876e-01
7.146666900000000169e+02 2.093569099255200294e-01
7.200000000000000000e+02 1.944665917114646592e-01
7.253333099999999831e+02 1.700917932196071292e-01
7.306666900000000169e+02 1.538656530056509708e-01
7.360000000000000000e+02 1.439207787474504063e-01
7.413333099999999831e+02 1.299110894009009864e-01
7.466666900000000169e+02 1.077794450404955806e-01
7.520000000000000000e+02 8.414226900159291200e-02
7.573333099999999831e+02 6.627382244301580072e-02
7.626666900000000169e+02 6.656823009854172246e-02
7.680000000000000000e+02 7.902097272864988531e-02
7.733333099999999831e+02 9.811660911483027769e-02
7.786666900000000169e+02 1.261308334145779808e-01
7.840000000000000000e+02 1.562459020135572862e-01
7.893333099999999831e+02 1.845766171756823004e-01
7.946666900000000169e+02 2.172829655199154664e-01
8.000000000000000000e+02 2.540000575890131174e-01
8.053333099999999831e+02 2.973228154562493342e-01
8.106666900000000169e+02 3.494195053451473187e-01
8.160000000000000000e+02 3.861628278826499394e-01
8.213333099999999831e+02 3.992164215132362193e-01
8.266666900000000169e+02 3.982922517231684001e-01
8.320000000000000000e+02 3.994352048501794705e-01
8.373333099999999831e+02 4.102034484826684313e-01
8.426666900000000169e+02 4.250470960729508807e-01
8.480000000000000000e+02 4.169730184602729595e-01
8.533333099999999831e+02 3.831651727473031621e-01
8.586666900000000169e+02 3.364692830664313683e-01
8.640000000000000000e+02 3.045426819548776587e-01
8.693333099999999831e+02 3.029094423810506642e-01
8.746666900000000169e+02 3.197599131849138132e-01
8.800000000000000000e+02 3.341131046839266316e-01
8.853333099999999831e+02 3.343995712229768102e-01
8.906666900000000169e+02 3.207503721430933208e-01
8.960000000000000000e+02 3.044402577751887384e-01
9.013333099999999831e+02 2.976006588307881229e-01
9.066666900000000169e+02 2.934926559315132466e-01
9.120000000000000000e+02 2.915295384157862713e-01
9.173333099999999831e+02 2.900247960298891758e-01
9.226666900000000169e+02 2.896749857848056608e-01
9.280000000000000000e+02 2.887723396389031416e-01
9.333333099999999831e+02 2.824089476697905221e-01
9.386666900000000169e+02 2.641720258082295714e-01
9.440000000000000000e+02 2.393033734264028711e-01
9.493333099999999831e+02 2.173307673915431393e-01
9.546666900000000169e+02 2.043980796358625951e-01
9.600000000000000000e+02 2.023196929848942449e-01
9.653333099999999831e+02 2.043552243901313181e-01
9.706666900000000169e+02 2.150646685079661280e-01
9.760000000000000000e+02 2.380439637802410913e-01
9.813333099999999831e+02 2.871977420264522074e-01
9.866666900000000169e+02 3.519961046136179106e-01
9.920000000000000000e+02 4.062781977420646395e-01
9.973333099999999831e+02 4.194758708531466374e-01
1.002666699999999992e+03 3.897816909737852331e-01
1.008000000000000000e+03 3.264203110300275545e-01
1.013333300000000008e+03 2.728420954084845307e-01
1.018666699999999992e+03 2.472479574471638797e-01
1.024000000000000000e+03 2.473859151263354816e-01
1.029333399999999983e+03 2.488648901039897665e-01
1.034666600000000017e+03 2.412362847310984826e-01
1.040000000000000000e+03 2.186048153298522645e-01
1.045333399999999983e+03 1.981074091124612191e-01
1.050666600000000017e+03 1.888961427804437820e-01
1.056000000000000000e+03 1.920478622088647724e-01
1.061333399999999983e+03 1.948587089325879707e-01
1.066666600000000017e+03 2.027728613533807400e-01
1.072000000000000000e+03 2.138890781948975250e-01
1.077333399999999983e+03 2.221544772650176636e-01
1.082666600000000017e+03 2.219971374994034741e-01
1.088000000000000000e+03 2.115227286182503330e-01
1.093333399999999983e+03 1.847934231267797933e-01
1.098666600000000017e+03 1.586555824493823541e-01
1.104000000000000000e+03 1.388736765233749004e-01
1.109333399999999983e+03 1.191928395030145138e-01
1.114666600000000017e+03 1.000283961135365884e-01
1.120000000000000000e+03 8.282735515730774156e-02
1.125333399999999983e+03 5.781275547778019080e-02
1.130666600000000017e+03 3.526684548261491137e-02
1.136000000000000000e+03 2.099473941668513963e-02
1.141333399999999983e+03 1.560528885353253646e-02
1.146666600000000017e+03 2.076402067869192319e-02
1.152000000000000000e+03 3.486061538967127199e-02
1.157333399999999983e+03 4.602664947834259057e-02
1.162666600000000017e+03 4.887805900851333735e-02
1.168000000000000000e+03 4.035778098405261305e-02
1.173333399999999983e+03 3.194956906261783858e-02
1.178666600000000017e+03 4.159123146634638446e-02
1.184000000000000000e+03 8.310600914604862610e-02
1.189333399999999983e+03 1.463803038766807452e-01
1.194666600000000017e+03 2.137591449190480442e-01
1.200000000000000000e+03 2.650648500793041373e-01
1.205333399999999983e+03 2.994358053957172916e-01
1.210666600000000017e+03 3.328303561077176620e-01
1.216000000000000000e+03 3.782288616987564134e-01
1.221333399999999983e+03 4.307581792324650660e-01
1.226666600000000017e+03 4.875661707128340905e-01
1.232000000000000000e+03 5.364990481836204861e-01
1.237333399999999983e+03 5.584173303056003679e-01
1.242666600000000017e+03 5.492044677273669739e-01
1.248000000000000000e+03 5.211338778750690404e-01
1.253333399999999983e+03 4.879992708156542514e-01
1.258666600000000017e+03 4.595662224839845988e-01
1.264000000000000000e+03 4.452043787414134979e-01
1.269333399999999983e+03 4.348367310710621325e-01
1.274666600000000017e+03 4.252106217312131009e-01
1.280000000000000000e+03 4.295412400578955125e-01
1.285333399999999983e+03 4.501043145848890870e-01
1.290666600000000017e+03 4.740480308318441582e-01
1.296000000000000000e+03 5.053567355298760333e-01
1.301333399999999983e+03 5.419470719754502230e-01
1.306666600000000017e+03 5.803267544045508375e-01
1.312000000000000000e+03 6.133285602541249659e-01
1.317333399999999983e+03 6.250073664749600244e-01
1.322666600000000017e+03 6.079219539879080481e-01
1.328000000000000000e+03 5.780946016110527497e-01
1.333333399999999983e+03 5.432272817925457575e-01
1.338666600000000017e+03 5.095856420663940067e-01
1.344000000000000000e+03 4.611952850069817034e-01
1.349333399999999983e+03 3.911686483767111699e-01
1.354666600000000017e+03 3.126944128192838956e-01
1.360000000000000000e+03 2.532753636667328112e-01
1.365333399999999983e+03 2.226868200472902071e-01
1.370666600000000017e+03 2.334515092513314016e-01
1.376000000000000000e+03 2.673374838492612038e-01
1.381333399999999983e+03 3.099414448674912004e-01
1.386666600000000017e+03 3.472337012191907268e-01
1.392000000000000000e+03 3.749478034760784229e-01
1.397333399999999983e+03 3.908683150172138632e-01
1.402666600000000017e+03 4.073542200282347370e-01
1.408000000000000000e+03 4.328295068692549208e-01
1.413333399999999983e+03 4.697649383621373964e-01
1.418666600000000017e+03 5.198681968512615104e-01
1.424000000000000000e+03 5.935237054029549597e-01
1.429333399999999983e+03 6.983887375572526146e-01
1.434666600000000017e+03 8.220363891863252670e-01
1.440000000000000000e+03 9.390973655285314026e-01
1.445333399999999983e+03 1.000000000000000000e+00
1.450666600000000017e+03 9.705554854935873887e-01
1.456000000000000000e+03 8.572165748878135538e-01
1.461333399999999983e+03 6.941718055382414265e-01
1.466666600000000017e+03 5.155785815727065291e-01
1.472000000000000000e+03 3.587689753939556359e-01
1.477333399999999983e+03 2.354479497939430122e-01
1.482666600000000017e+03 1.392113791838210379e-01
1.488000000000000000e+03 7.096649574098129465e-02
1.493333399999999983e+03 3.226000190586850863e-02
1.498666600000000017e+03 1.723988960401525924e-02
1.504000000000000000e+03 2.383116324837078817e-02
1.509333399999999983e+03 4.593597038802835208e-02
1.514666600000000017e+03 7.102273616936191636e-02
1.520000000000000000e+03 9.874258392005350049e-02
1.525333399999999983e+03 1.295072819001225339e-01
1.530666600000000017e+03 1.562238563769191846e-01
1.536000000000000000e+03 1.753861306460099134e-01
1.541333399999999983e+03 1.897001272314665088e-01
1.546666600000000017e+03 2.050742782042946077e-01
1.552000000000000000e+03 2.280983337272295131e-01
1.557333399999999983e+03 2.565428299023744252e-01
1.562666600000000017e+03 2.758727081322180918e-01
1.568000000000000000e+03 2.815142580124031513e-01
1.573333399999999983e+03 2.822686850075191711e-01
1.578666600000000017e+03 2.935779800884201207e-01
1.584000000000000000e+03 3.213793901509950368e-01
1.589333399999999983e+03 3.628584372466131525e-01
1.594666600000000017e+03 3.957373929962951786e-01
1.600000000000000000e+03 4.099546821793678686e-01
1.605333399999999983e+03 4.077655312356546213e-01
1.610666600000000017e+03 3.963965986423494403e-01
1.616000000000000000e+03 3.867782340255725426e-01
1.621333399999999983e+03 3.946983858294780823e-01
1.626666600000000017e+03 4.178952113967752124e-01
1.632000000000000000e+03 4.604028115307923774e-01
1.637333399999999983e+03 5.204803127567507737e-01
1.642666600000000017e+03 5.926315879719260549e-01
1.648000000000000000e+03 6.763075349490008659e-01
1.653333399999999983e+03 7.635158496587013399e-01
1.658666600000000017e+03 8.250963278111841381e-01
1.664000000000000000e+03 8.332171962153489542e-01
1.669333399999999983e+03 7.687522127837328467e-01
1.674666600000000017e+03 6.445807680093466052e-01
1.680000000000000000e+03 4.964733613847341354e-01
1.685333399999999983e+03 3.601030575472372042e-01
1.690666600000000017e+03 2.515175246842825119e-01
1.696000000000000000e+03 1.703029366039635617e-01
1.701333399999999983e+03 1.117494548605270088e-01
1.706666600000000017e+03 7.558345153344911416e-02
1.712000000000000000e+03 5.732521928812379930e-02
1.717333399999999983e+03 5.233231511484713605e-02
1.722666600000000017e+03 5.013053901809720603e-02
1.728000000000000000e+03 4.369714329127981356e-02
1.733333399999999983e+03 4.071599401372934246e-02
1.738666600000000017e+03 4.593982782578648338e-02
1.744000000000000000e+03 5.626067082662982582e-02
1.749333399999999983e+03 6.895600717939204261e-02
1.754666600000000017e+03 7.588352429299247137e-02
1.760000000000000000e+03 7.616832673830281619e-02
1.765333399999999983e+03 7.811600218727957068e-02
1.770666600000000017e+03 8.088016639472907221e-02
1.776000000000000000e+03 8.021083003747986329e-02
1.781333399999999983e+03 7.357228133890347799e-02
1.786666600000000017e+03 5.861391516348581077e-02
1.792000000000000000e+03 3.945078853261648616e-02
1.797333399999999983e+03 2.304292274177454497e-02
1.802666600000000017e+03 1.478964938485553132e-02
