6.080000000000000000e+02 8.301841617724797784e-02
6.133333099999999831e+02 8.184759994472921851e-02
6.186666900000000169e+02 7.682656262685354231e-02
6.240000000000000000e+02 6.743234048534531289e-02
6.293333099999999831e+02 5.165217441825702138e-02
6.346666900000000169e+02 3.144180094742071718e-02
6.400000000000000000e+02 9.746548168264385775e-03
6.453333099999999831e+02 0.000000000000000000e+00
6.506666900000000169e+02 1.975006462940871038e-03
6.560000000000000000e+02 1.079910898990832542e-02
6.613333099999999831e+02 2.450783704090651882e-02
6.666666900000000169e+02 3.625653412294192746e-02
6.720000000000000000e+02 3.889560183087546752e-02
6.773333099999999831e+02 4.975049645933053710e-02
6.826666900000000169e+02 7.448624569765681380e-02
6.880000000000000000e+02 1.077822897236286881e-01
6.933333099999999831e+02 1.399032610043293434e-01
6.986666900000000169e+02 1.574809403700601906e-01
7.040000000000000000e+02 1.532764184611032365e-01
7.093333099999999831e+02 1.413857859181815724e-01
7.146666900000000169e+02 1.314702234542547976e-01
7.200000000000000000e+02 1.245267895682136555e-01
7.253333099999999831e+02 1.185552609508393335e-01
7.306666900000000169e+02 1.113242160342108322e-01
7.360000000000000000e+02 1.016415871476502031e-01
7.413333099999999831e+02 9.162238079638154731e-02
7.466666900000000169e+02 8.327218862406617073e-02
7.520000000000000000e+02 7.794283988737028823e-02
7.573333099999999831e+02 7.789806858420093849e-02
7.626666900000000169e+02 8.093260386547909691e-02
7.680000000000000000e+02 8.802214742274264148e-02
7.733333099999999831e+02 1.000181953929219769e-01
7.786666900000000169e+02 1.207620926086866997e-01
7.840000000000000000e+02 1.482113285915997725e-01
7.893333099999999831e+02 1.794175953151136704e-01
7.946666900000000169e+02 2.084479955023053610e-01
8.000000000000000000e+02 2.331368131068783933e-01
8.053333099999999831e+02 2.567294315719338416e-01
8.106666900000000169e+02 2.828863259742105951e-01
8.160000000000000000e+02 3.021063064269029486e-01
8.213333099999999831e+02 3.124152131989813008e-01
8.266666900000000169e+02 3.183560901268718824e-01
8.320000000000000000e+02 3.262709654359831624e-01
8.373333099999999831e+02 3.452074497190609770e-01
8.426666900000000169e+02 3.737892130889432507e-01
8.480000000000000000e+02 3.976808049615642160e-01
8.533333099999999831e+02 4.110364762070919942e-01
8.586666900000000169e+02 4.126936221001861194e-01
8.640000000000000000e+02 4.052541626052904578e-01
8.693333099999999831e+02 3.929719619964954225e-01
8.746666900000000169e+02 3.806296034780837223e-01
8.800000000000000000e+02 3.651897121656205725e-01
8.853333099999999831e+02 3.471390413441075573e-01
8.906666900000000169e+02 3.294703346011190193e-01
8.960000000000000000e+02 3.201389310380543529e-01
9.013333099999999831e+02 3.225135707292652310e-01
9.066666900000000169e+02 3.435564626601751437e-01
9.120000000000000000e+02 3.705924698796936312e-01
9.173333099999999831e+02 3.936683723414589609e-01
9.226666900000000169e+02 4.059862322115505018e-01
9.280000000000000000e+02 4.005366978522795773e-01
9.333333099999999831e+02 3.785635061981670324e-01
9.386666900000000169e+02 3.509070368834760756e-01
9.440000000000000000e+02 3.251679017486823753e-01
9.493333099999999831e+02 3.149750149657539744e-01
9.546666900000000169e+02 3.209352866402979121e-01
9.600000000000000000e+02 3.244914157441338709e-01
9.653333099999999831e+02 3.146818333599548101e-01
9.706666900000000169e+02 2.950239513611910280e-01
9.760000000000000000e+02 2.853064116955363883e-01
9.813333099999999831e+02 3.086328873245660631e-01
9.866666900000000169e+02 3.654347920756078061e-01
9.920000000000000000e+02 4.236885207905082273e-01
9.973333099999999831e+02 4.411250137833120921e-01
1.002666699999999992e+03 4.080526341686198100e-01
1.008000000000000000e+03 3.458908479840256400e-01
1.013333300000000008e+03 2.907570314122886468e-01
1.018666699999999992e+03 2.704595656777221135e-01
1.024000000000000000e+03 2.805463280020496497e-01
1.029333399999999983e+03 2.904374035735620696e-01
1.034666600000000017e+03 2.873907640425336640e-01
1.040000000000000000e+03 2.654045818184715966e-01
1.045333399999999983e+03 2.341181218136557385e-01
1.050666600000000017e+03 2.150079052978243199e-01
1.056000000000000000e+03 2.194212123148750471e-01
1.061333399999999983e+03 2.408017321006877820e-01
1.066666600000000017e+03 2.691962000834071111e-01
1.072000000000000000e+03 2.841844392605309966e-01
1.077333399999999983e+03 2.849587765734568623e-01
1.082666600000000017e+03 2.802411134852541563e-01
1.088000000000000000e+03 2.680652882485436428e-01
1.093333399999999983e+03 2.499403217179946568e-01
1.098666600000000017e+03 2.242730549915602778e-01
1.104000000000000000e+03 1.856695489696256196e-01
1.109333399999999983e+03 1.466518352112300971e-01
1.114666600000000017e+03 1.135254594862345756e-01
1.120000000000000000e+03 7.720194515711893690e-02
1.125333399999999983e+03 4.604112955779139649e-02
1.130666600000000017e+03 2.269392486017078950e-02
1.136000000000000000e+03 7.416870915124980888e-03
1.141333399999999983e+03 1.102454524582082221e-02
1.146666600000000017e+03 3.453907526979775600e-02
1.152000000000000000e+03 6.537457443891854514e-02
1.157333399999999983e+03 9.737427240924241556e-02
1.162666600000000017e+03 1.201794227509390411e-01
1.168000000000000000e+03 1.253570220445956174e-01
1.173333399999999983e+03 1.249600911564567457e-01
1.178666600000000017e+03 1.334649416400388866e-01
1.184000000000000000e+03 1.554121416849283122e-01
1.189333399999999983e+03 1.925216593870452686e-01
1.194666600000000017e+03 2.378450494286792616e-01
1.200000000000000000e+03 2.741971579174826146e-01
1.205333399999999983e+03 3.063357889592204786e-01
1.210666600000000017e+03 3.484675459108433904e-01
1.216000000000000000e+03 4.099045980927991106e-01
1.221333399999999983e+03 4.971128512953282286e-01
1.226666600000000017e+03 5.959030421227256014e-01
1.232000000000000000e+03 6.710971961974414590e-01
1.237333399999999983e+03 7.090852834469973942e-01
1.242666600000000017e+03 7.070703064039592922e-01
1.248000000000000000e+03 6.750443501396908852e-01
1.253333399999999983e+03 6.369281909682085185e-01
1.258666600000000017e+03 6.068539913519890305e-01
1.264000000000000000e+03 5.852572458872057348e-01
1.269333399999999983e+03 5.712180608128457626e-01
1.274666600000000017e+03 5.544471308964001866e-01
1.280000000000000000e+03 5.318801264306266541e-01
1.285333399999999983e+03 5.094996705580917551e-01
1.290666600000000017e+03 5.042303501612996897e-01
1.296000000000000000e+03 5.278977278511325366e-01
1.301333399999999983e+03 5.686999041858556980e-01
1.306666600000000017e+03 6.107635832740375692e-01
1.312000000000000000e+03 6.383315382224622470e-01
1.317333399999999983e+03 6.421143227012530152e-01
1.322666600000000017e+03 6.321070136598326838e-01
1.328000000000000000e+03 6.117427617811390661e-01
1.333333399999999983e+03 5.704444008421262202e-01
1.338666600000000017e+03 5.087493453227052154e-01
1.344000000000000000e+03 4.327286355625780678e-01
1.349333399999999983e+03 3.591072146534985965e-01
1.354666600000000017e+03 3.051485553617570012e-01
1.360000000000000000e+03 2.750588736582750826e-01
1.365333399999999983e+03 2.650249914201432966e-01
1.370666600000000017e+03 2.729581231025176025e-01
1.376000000000000000e+03 2.939312020374214018e-01
1.381333399999999983e+03 3.233837152591663155e-01
1.386666600000000017e+03 3.519020527636825824e-01
1.392000000000000000e+03 3.712887186292591069e-01
1.397333399999999983e+03 3.816996433390907884e-01
1.402666600000000017e+03 3.936213735970607308e-01
1.408000000000000000e+03 4.168033264192620990e-01
1.413333399999999983e+03 4.586725907436502436e-01
1.418666600000000017e+03 5.282462344376739338e-01
1.424000000000000000e+03 6.214021989750339037e-01
1.429333399999999983e+03 7.350899634294898455e-01
1.434666600000000017e+03 8.534030053109891156e-01
1.440000000000000000e+03 9.507750094951119557e-01
1.445333399999999983e+03 1.000000000000000000e+00
1.450666600000000017e+03 9.854961289455560491e-01
1.456000000000000000e+03 8.923158927271604979e-01
1.461333399999999983e+03 7.427104747954075270e-01
1.466666600000000017e+03 5.624149367526578569e-01
1.472000000000000000e+03 3.852661236514739462e-01
1.477333399999999983e+03 2.394126373949042874e-01
1.482666600000000017e+03 1.330725970259239999e-01
1.488000000000000000e+03 6.024636942899985748e-02
1.493333399999999983e+03 2.315302216971466126e-02
1.498666600000000017e+03 1.040257093541020750e-02
1.504000000000000000e+03 1.486908349422410777e-02
1.509333399999999983e+03 2.786507683238449370e-02
1.514666600000000017e+03 3.612022387091338993e-02
1.520000000000000000e+03 4.005055374755681075e-02
1.525333399999999983e+03 5.012939166617150222e-02
1.530666600000000017e+03 7.437150747621208702e-02
1.536000000000000000e+03 1.138244674128215672e-01
1.541333399999999983e+03 1.610509672435870565e-01
1.546666600000000017e+03 1.970064987304089577e-01
1.552000000000000000e+03 2.063398992535465659e-01
1.557333399999999983e+03 1.919914591647548796e-01
1.562666600000000017e+03 1.747287313186354774e-01
1.568000000000000000e+03 1.654302423824991208e-01
1.573333399999999983e+03 1.811328028802368650e-01
1.578666600000000017e+03 2.143199465131404857e-01
1.584000000000000000e+03 2.513932720039279145e-01
1.589333399999999983e+03 2.932459754512467542e-01
1.594666600000000017e+03 3.423496871427683108e-01
1.600000000000000000e+03 3.806589295394522399e-01
1.605333399999999983e+03 4.060013461245892130e-01
1.610666600000000017e+03 4.137791156833312556e-01
1.616000000000000000e+03 4.148561105584531727e-01
1.621333399999999983e+03 4.344597328050559537e-01
1.626666600000000017e+03 4.788124172297342218e-01
1.632000000000000000e+03 5.399354231308480800e-01
1.637333399999999983e+03 6.118518862902476707e-01
1.642666600000000017e+03 6.952718384447613698e-01
1.648000000000000000e+03 7.911961186456778483e-01
1.653333399999999983e+03 8.930235829243321488e-01
1.658666600000000017e+03 9.646786520459063041e-01
1.664000000000000000e+03 9.805252366453135471e-01
1.669333399999999983e+03 9.251149169052651500e-01
1.674666600000000017e+03 8.054644330503262228e-01
1.680000000000000000e+03 6.493059174989519455e-01
1.685333399999999983e+03 4.921048432434296793e-01
1.690666600000000017e+03 3.544522330751034844e-01
1.696000000000000000e+03 2.550078893823886084e-01
1.701333399999999983e+03 1.892799835208348325e-01
1.706666600000000017e+03 1.392243020345765026e-01
1.712000000000000000e+03 9.678383692706854502e-02
1.717333399999999983e+03 6.277007848773796805e-02
1.722666600000000017e+03 3.972550298678194369e-02
1.728000000000000000e+03 3.208890780963150058e-02
1.733333399999999983e+03 3.699239018308643490e-02
1.738666600000000017e+03 4.568647208079483490e-02
1.744000000000000000e+03 5.389605124413272830e-02
1.749333399999999983e+03 6.061958688239667270e-02
1.754666600000000017e+03 6.398169034358623664e-02
1.760000000000000000e+03 6.661441434491816027e-02
1.765333399999999983e+03 7.206153088073909141e-02
1.770666600000000017e+03 7.832465526551755930e-02
1.776000000000000000e+03 8.013664718953519839e-02
1.781333399999999983e+03 7.206176349291325278e-02
1.786666600000000017e+03 5.224221092515624054e-02
1.792000000000000000e+03 2.810907954856614252e-02
1.797333399999999983e+03 1.085886394192388422e-02
1.802666600000000017e+03 9.322161068602988557e-03
