6.080000000000000000e+02 1.174296671996816199e-01
6.133333099999999831e+02 1.197010495645715600e-01
6.186666900000000169e+02 1.109173928441383461e-01
6.240000000000000000e+02 9.457701315426222943e-02
6.293333099999999831e+02 7.461350579741582445e-02
6.346666900000000169e+02 5.498347454072053525e-02
6.400000000000000000e+02 3.344096838365923086e-02
6.453333099999999831e+02 1.559259889203145309e-02
6.506666900000000169e+02 5.065293805276128991e-03
6.560000000000000000e+02 0.000000000000000000e+00
6.613333099999999831e+02 2.936729464830156039e-03
6.666666900000000169e+02 1.866127697812043629e-02
6.720000000000000000e+02 3.970631774667725267e-02
6.773333099999999831e+02 6.759990891628178677e-02
6.826666900000000169e+02 9.708771397462687136e-02
6.880000000000000000e+02 1.144883241930557405e-01
6.933333099999999831e+02 1.218423462501166399e-01
6.986666900000000169e+02 1.291017169170145251e-01
7.040000000000000000e+02 1.352257253676066862e-01
7.093333099999999831e+02 1.402677437059121346e-01
7.146666900000000169e+02 1.405773100618581406e-01
7.200000000000000000e+02 1.239199293370063792e-01
7.253333099999999831e+02 1.007881222138925226e-01
7.306666900000000169e+02 8.570557125715513869e-02
7.360000000000000000e+02 7.862507483350546222e-02
7.413333099999999831e+02 7.665464382503048291e-02
7.466666900000000169e+02 7.918279249886381321e-02
7.520000000000000000e+02 7.652928043606320452e-02
7.573333099999999831e+02 7.640258688808784782e-02
7.626666900000000169e+02 8.606440531375228464e-02
7.680000000000000000e+02 9.674495589808643214e-02
7.733333099999999831e+02 1.025108647180189014e-01
7.786666900000000169e+02 1.046937649991651897e-01
7.840000000000000000e+02 1.019884653537158348e-01
7.893333099999999831e+02 1.056996407723998777e-01
7.946666900000000169e+02 1.289626624969444635e-01
8.000000000000000000e+02 1.680035241246587985e-01
8.053333099999999831e+02 2.168081078464157707e-01
8.106666900000000169e+02 2.657535732323790256e-01
8.160000000000000000e+02 2.999932878290063054e-01
8.213333099999999831e+02 3.181225033169908234e-01
8.266666900000000169e+02 3.267687652238081553e-01
8.320000000000000000e+02 3.326318186422401735e-01
8.373333099999999831e+02 3.438502122213549783e-01
8.426666900000000169e+02 3.590869923110435735e-01
8.480000000000000000e+02 3.666446467436201839e-01
8.533333099999999831e+02 3.617308034622818691e-01
8.586666900000000169e+02 3.436252626862955628e-01
8.640000000000000000e+02 3.192369957208521236e-01
8.693333099999999831e+02 2.995520683034198495e-01
8.746666900000000169e+02 2.882182734178836969e-01
8.800000000000000000e+02 2.833286707479788502e-01
8.853333099999999831e+02 2.839367317318923223e-01
8.906666900000000169e+02 2.852898048550819854e-01
8.960000000000000000e+02 2.882193985540779657e-01
9.013333099999999831e+02 3.002099366048613382e-01
9.066666900000000169e+02 3.203789053533152020e-01
9.120000000000000000e+02 3.442359190595234431e-01
9.173333099999999831e+02 3.643582329994883295e-01
9.226666900000000169e+02 3.651844240575306544e-01
9.280000000000000000e+02 3.466685191236383856e-01
9.333333099999999831e+02 3.174459984039236238e-01
9.386666900000000169e+02 2.881096572505106868e-01
9.440000000000000000e+02 2.694317658539725491e-01
9.493333099999999831e+02 2.647501853068368050e-01
9.546666900000000169e+02 2.634294538732532276e-01
9.600000000000000000e+02 2.607523513781040414e-01
9.653333099999999831e+02 2.468009143611780976e-01
9.706666900000000169e+02 2.329236703278469711e-01
9.760000000000000000e+02 2.433490102281190837e-01
9.813333099999999831e+02 2.917649251514199960e-01
9.866666900000000169e+02 3.615519594175310436e-01
9.920000000000000000e+02 4.179137558199039204e-01
9.973333099999999831e+02 4.209757060427622433e-01
1.002666699999999992e+03 3.741510159638844479e-01
1.008000000000000000e+03 3.188487272904966252e-01
1.013333300000000008e+03 2.941361428854773474e-01
1.018666699999999992e+03 3.029381071677975656e-01
1.024000000000000000e+03 3.252213967279732887e-01
1.029333399999999983e+03 3.324251411656552468e-01
1.034666600000000017e+03 3.154611594650330586e-01
1.040000000000000000e+03 2.825512333380167385e-01
1.045333399999999983e+03 2.486023801625390772e-01
1.050666600000000017e+03 2.156027761122050745e-01
1.056000000000000000e+03 1.918747983821694758e-01
1.061333399999999983e+03 1.858346611846236340e-01
1.066666600000000017e+03 1.990558184295729560e-01
1.072000000000000000e+03 2.204717494212530826e-01
1.077333399999999983e+03 2.448693089711853621e-01
1.082666600000000017e+03 2.594893117352063960e-01
1.088000000000000000e+03 2.575916344469288410e-01
1.093333399999999983e+03 2.421488168402514130e-01
1.098666600000000017e+03 2.161576358397971631e-01
1.104000000000000000e+03 1.877467636519866145e-01
1.109333399999999983e+03 1.625949697143671546e-01
1.114666600000000017e+03 1.429735544825464499e-01
1.120000000000000000e+03 1.196664310771627660e-01
1.125333399999999983e+03 8.878007043731969694e-02
1.130666600000000017e+03 5.116040529951449561e-02
1.136000000000000000e+03 2.608641572258083019e-02
1.141333399999999983e+03 1.491797038216074490e-02
1.146666600000000017e+03 1.900714765788522401e-02
1.152000000000000000e+03 3.020551056951939484e-02
1.157333399999999983e+03 4.204076865735469765e-02
1.162666600000000017e+03 5.500147765204790873e-02
1.168000000000000000e+03 7.383243596277055953e-02
1.173333399999999983e+03 9.244792367860180105e-02
1.178666600000000017e+03 1.055333008478021861e-01
1.184000000000000000e+03 1.138242910403105546e-01
1.189333399999999983e+03 1.281654336478721123e-01
1.194666600000000017e+03 1.649885757987807067e-01
1.200000000000000000e+03 2.211513229323146534e-01
1.205333399999999983e+03 2.901546041507557794e-01
1.210666600000000017e+03 3.624654215081318243e-01
1.216000000000000000e+03 4.299154213495808841e-01
1.221333399999999983e+03 4.917931660409948225e-01
1.226666600000000017e+03 5.512408083722554197e-01
1.232000000000000000e+03 5.973795438296948257e-01
1.237333399999999983e+03 6.219625238665288380e-01
1.242666600000000017e+03 6.267373802630096247e-01
1.248000000000000000e+03 6.138839391904228338e-01
1.253333399999999983e+03 5.905318944369912781e-01
1.258666600000000017e+03 5.630745295136265760e-01
1.264000000000000000e+03 5.392339231898990448e-01
1.269333399999999983e+03 5.213650077412167461e-01
1.274666600000000017e+03 5.115001877673347463e-01
1.280000000000000000e+03 5.076528595213680717e-01
1.285333399999999983e+03 5.123693683922936337e-01
1.290666600000000017e+03 5.243226795650103300e-01
1.296000000000000000e+03 5.518704933330851325e-01
1.301333399999999983e+03 5.935761851319942828e-01
1.306666600000000017e+03 6.338700097492401264e-01
1.312000000000000000e+03 6.605582970290450051e-01
1.317333399999999983e+03 6.705583844682927452e-01
1.322666600000000017e+03 6.669343894394899053e-01
1.328000000000000000e+03 6.524609163700291203e-01
1.333333399999999983e+03 6.223506595177744627e-01
1.338666600000000017e+03 5.672175691065638459e-01
1.344000000000000000e+03 4.893612511054859504e-01
1.349333399999999983e+03 4.061727853521244214e-01
1.354666600000000017e+03 3.436098827873653172e-01
1.360000000000000000e+03 3.112958523560375723e-01
1.365333399999999983e+03 3.034348337445606503e-01
1.370666600000000017e+03 3.082086773667809809e-01
1.376000000000000000e+03 3.122446239248681255e-01
1.381333399999999983e+03 3.194089580946661844e-01
1.386666600000000017e+03 3.373741437021135492e-01
1.392000000000000000e+03 3.666442246916973291e-01
1.397333399999999983e+03 4.016465334735868087e-01
1.402666600000000017e+03 4.338623752972384784e-01
1.408000000000000000e+03 4.514062223786460826e-01
1.413333399999999983e+03 4.670730127037264756e-01
1.418666600000000017e+03 5.001727108098572572e-01
1.424000000000000000e+03 5.730565983583997269e-01
1.429333399999999983e+03 6.873419243549544477e-01
1.434666600000000017e+03 8.238557945232880542e-01
1.440000000000000000e+03 9.388278816464302734e-01
1.445333399999999983e+03 1.000000000000000000e+00
1.450666600000000017e+03 9.818777407193032269e-01
1.456000000000000000e+03 8.911943325091603585e-01
1.461333399999999983e+03 7.400703887058815988e-01
1.466666600000000017e+03 5.622072602387053752e-01
1.472000000000000000e+03 3.871440514017185919e-01
1.477333399999999983e+03 2.399412980459443290e-01
1.482666600000000017e+03 1.269363918191266927e-01
1.488000000000000000e+03 5.568964421379725416e-02
1.493333399999999983e+03 1.834928771098086678e-02
1.498666600000000017e+03 1.046432168199903923e-02
1.504000000000000000e+03 2.258565895080315994e-02
1.509333399999999983e+03 4.160284597332645357e-02
1.514666600000000017e+03 5.662305892886270592e-02
1.520000000000000000e+03 6.806357074871062507e-02
1.525333399999999983e+03 7.790041227582698846e-02
1.530666600000000017e+03 9.121659772488630025e-02
1.536000000000000000e+03 1.136270934898075957e-01
1.541333399999999983e+03 1.394116551334656229e-01
1.546666600000000017e+03 1.629752124749520581e-01
1.552000000000000000e+03 1.804087390769262556e-01
1.557333399999999983e+03 1.935126339689715036e-01
1.562666600000000017e+03 2.045362492369326990e-01
1.568000000000000000e+03 2.234910570921418149e-01
1.573333399999999983e+03 2.436557540329033766e-01
1.578666600000000017e+03 2.687200032567612085e-01
1.584000000000000000e+03 2.960140588784119786e-01
1.589333399999999983e+03 3.233696282584904158e-01
1.594666600000000017e+03 3.423504212868269669e-01
1.600000000000000000e+03 3.616647319964784169e-01
1.605333399999999983e+03 3.767562932542888321e-01
1.610666600000000017e+03 3.997298966391581443e-01
1.616000000000000000e+03 4.308263930644167239e-01
1.621333399999999983e+03 4.629495017406677349e-01
1.626666600000000017e+03 4.905313196373284890e-01
1.632000000000000000e+03 5.293625392393912499e-01
1.637333399999999983e+03 5.845042977257716155e-01
1.642666600000000017e+03 6.622415704022278637e-01
1.648000000000000000e+03 7.580156391974599561e-01
1.653333399999999983e+03 8.485573557663729227e-01
1.658666600000000017e+03 9.055174679741042620e-01
1.664000000000000000e+03 9.133100897474434321e-01
1.669333399999999983e+03 8.593098500990509203e-01
1.674666600000000017e+03 7.523964409951615639e-01
1.680000000000000000e+03 6.187686823092003463e-01
1.685333399999999983e+03 4.829428457693262233e-01
1.690666600000000017e+03 3.603568252296234786e-01
1.696000000000000000e+03 2.596122422278359654e-01
1.701333399999999983e+03 1.810402189714906684e-01
1.706666600000000017e+03 1.241988278080206898e-01
1.712000000000000000e+03 8.884960315792389540e-02
1.717333399999999983e+03 7.026758207080069374e-02
1.722666600000000017e+03 5.944991959683373212e-02
1.728000000000000000e+03 5.254538364669227024e-02
1.733333399999999983e+03 4.828264675416690799e-02
1.738666600000000017e+03 4.722224770876193994e-02
1.744000000000000000e+03 5.228326642359959475e-02
1.749333399999999983e+03 6.035064004882993716e-02
1.754666600000000017e+03 6.601180863273833910e-02
1.760000000000000000e+03 6.857245567945237374e-02
1.765333399999999983e+03 6.440825097168137447e-02
1.770666600000000017e+03 5.698157638054404672e-02
1.776000000000000000e+03 5.075577865005813372e-02
1.781333399999999983e+03 5.115147435728959607e-02
1.786666600000000017e+03 5.817822841601213296e-02
1.792000000000000000e+03 6.395978782190532563e-02
1.797333399999999983e+03 5.349534203837841284e-02
1.802666600000000017e+03 1.509040262142918865e-02
