6.080000000000000000e+02 1.199519793714733384e-01
6.133333099999999831e+02 1.180723490147203431e-01
6.186666900000000169e+02 1.017799644211527521e-01
6.240000000000000000e+02 7.784991632832713448e-02
6.293333099999999831e+02 5.554743116495049204e-02
6.346666900000000169e+02 3.795096464390085300e-02
6.400000000000000000e+02 2.534539240715135561e-02
6.453333099999999831e+02 1.641672511590341887e-02
6.506666900000000169e+02 8.162305906035682151e-03
6.560000000000000000e+02 0.000000000000000000e+00
6.613333099999999831e+02 3.003307936045541623e-03
6.666666900000000169e+02 2.506942172997955395e-02
6.720000000000000000e+02 6.457722053337454360e-02
6.773333099999999831e+02 1.118124016955831662e-01
6.826666900000000169e+02 1.535104647382551923e-01
6.880000000000000000e+02 1.763147029670618093e-01
6.933333099999999831e+02 1.838149134393705642e-01
6.986666900000000169e+02 1.849851582519161097e-01
7.040000000000000000e+02 1.812391433689601317e-01
7.093333099999999831e+02 1.742080374299012080e-01
7.146666900000000169e+02 1.632206989245161832e-01
7.200000000000000000e+02 1.457298955958222786e-01
7.253333099999999831e+02 1.270891836284493981e-01
7.306666900000000169e+02 1.125160871204241853e-01
7.360000000000000000e+02 1.007255470027833416e-01
7.413333099999999831e+02 8.979574374260340663e-02
7.466666900000000169e+02 8.071443063104843940e-02
7.520000000000000000e+02 7.490408180116558956e-02
7.573333099999999831e+02 7.098539886779449415e-02
7.626666900000000169e+02 6.860428148518989133e-02
7.680000000000000000e+02 7.139064717425455675e-02
7.733333099999999831e+02 7.353302332204289526e-02
7.786666900000000169e+02 7.952148357409270785e-02
7.840000000000000000e+02 9.482185595156200630e-02
7.893333099999999831e+02 1.200162982058104316e-01
7.946666900000000169e+02 1.544838468147358146e-01
8.000000000000000000e+02 1.975240227033301377e-01
8.053333099999999831e+02 2.310422057127806406e-01
8.106666900000000169e+02 2.523516059953325175e-01
8.160000000000000000e+02 2.617497258025837659e-01
8.213333099999999831e+02 2.673241875462715189e-01
8.266666900000000169e+02 2.836125492076844168e-01
8.320000000000000000e+02 3.151259065682686100e-01
8.373333099999999831e+02 3.475251860553384420e-01
8.426666900000000169e+02 3.691837745583914643e-01
8.480000000000000000e+02 3.651830568538635413e-01
8.533333099999999831e+02 3.351513966321403859e-01
8.586666900000000169e+02 2.991898983769935016e-01
8.640000000000000000e+02 2.732735037893433416e-01
8.693333099999999831e+02 2.613814126900589341e-01
8.746666900000000169e+02 2.581083832993092408e-01
8.800000000000000000e+02 2.577159382054809433e-01
8.853333099999999831e+02 2.532656290309132641e-01
8.906666900000000169e+02 2.526831845246170216e-01
8.960000000000000000e+02 2.600160966697890319e-01
9.013333099999999831e+02 2.703339484463627151e-01
9.066666900000000169e+02 2.777415066212183259e-01
9.120000000000000000e+02 2.893752759984648537e-01
9.173333099999999831e+02 2.968275083725898655e-01
9.226666900000000169e+02 3.030561546203734413e-01
9.280000000000000000e+02 3.061268848822339406e-01
9.333333099999999831e+02 2.998793094454870189e-01
9.386666900000000169e+02 2.870718727969098771e-01
9.440000000000000000e+02 2.787447983079451297e-01
9.493333099999999831e+02 2.719706824332256412e-01
9.546666900000000169e+02 2.718336663572781253e-01
9.600000000000000000e+02 2.760262900373727790e-01
9.653333099999999831e+02 2.726136652185287002e-01
9.706666900000000169e+02 2.638403924732041772e-01
9.760000000000000000e+02 2.669491721330662370e-01
9.813333099999999831e+02 3.004050807960691460e-01
9.866666900000000169e+02 3.637138453188650256e-01
9.920000000000000000e+02 4.329607319129974985e-01
9.973333099999999831e+02 4.628850749612228310e-01
1.002666699999999992e+03 4.381513162405477613e-01
1.008000000000000000e+03 3.830708386546187727e-01
1.013333300000000008e+03 3.403541115467034195e-01
1.018666699999999992e+03 3.249993869595536600e-01
1.024000000000000000e+03 3.322454722600752808e-01
1.029333399999999983e+03 3.362595458211070643e-01
1.034666600000000017e+03 3.192295387613590663e-01
1.040000000000000000e+03 2.846361969678189996e-01
1.045333399999999983e+03 2.527597197139092033e-01
1.050666600000000017e+03 2.316435210315747062e-01
1.056000000000000000e+03 2.278367060563525059e-01
1.061333399999999983e+03 2.368631326578681251e-01
1.066666600000000017e+03 2.459160808865712977e-01
1.072000000000000000e+03 2.505835433402535672e-01
1.077333399999999983e+03 2.549237045490739817e-01
1.082666600000000017e+03 2.575883104828747827e-01
1.088000000000000000e+03 2.595269751595001284e-01
1.093333399999999983e+03 2.544185850774848823e-01
1.098666600000000017e+03 2.372254504846064427e-01
1.104000000000000000e+03 2.143796263399265212e-01
1.109333399999999983e+03 1.866140917359653262e-01
1.114666600000000017e+03 1.535281680228622048e-01
1.120000000000000000e+03 1.161132501238304887e-01
1.125333399999999983e+03 7.251032268701500250e-02
1.130666600000000017e+03 3.074810406477077040e-02
1.136000000000000000e+03 1.318323059977877937e-02
1.141333399999999983e+03 2.467189821556398099e-02
1.146666600000000017e+03 5.936532825374917638e-02
1.152000000000000000e+03 1.059047558585216875e-01
1.157333399999999983e+03 1.456547396934631255e-01
1.162666600000000017e+03 1.651821314191271595e-01
1.168000000000000000e+03 1.704327983973512317e-01
1.173333399999999983e+03 1.712959701117592048e-01
1.178666600000000017e+03 1.811103086246687033e-01
1.184000000000000000e+03 2.105591793216834151e-01
1.189333399999999983e+03 2.592545325299695502e-01
1.194666600000000017e+03 3.160312278084950188e-01
1.200000000000000000e+03 3.712548281649902249e-01
1.205333399999999983e+03 4.225762146650418605e-01
1.210666600000000017e+03 4.778038506288640463e-01
1.216000000000000000e+03 5.394435318678399982e-01
1.221333399999999983e+03 6.077072258633994251e-01
1.226666600000000017e+03 6.719273171787768506e-01
1.232000000000000000e+03 7.156754861080327768e-01
1.237333399999999983e+03 7.275282200091444107e-01
1.242666600000000017e+03 7.123760880635561232e-01
1.248000000000000000e+03 6.825216078167350986e-01
1.253333399999999983e+03 6.555576233767282934e-01
1.258666600000000017e+03 6.453805004360473330e-01
1.264000000000000000e+03 6.499539398875627816e-01
1.269333399999999983e+03 6.557355287722386183e-01
1.274666600000000017e+03 6.545955110917556219e-01
1.280000000000000000e+03 6.459696697778322116e-01
1.285333399999999983e+03 6.396271623089319069e-01
1.290666600000000017e+03 6.565584683013034883e-01
1.296000000000000000e+03 6.985387813116189504e-01
1.301333399999999983e+03 7.516244427317027021e-01
1.306666600000000017e+03 7.998792254481019715e-01
1.312000000000000000e+03 8.314817671860981196e-01
1.317333399999999983e+03 8.471441728882745936e-01
1.322666600000000017e+03 8.510682725077366451e-01
1.328000000000000000e+03 8.424843194450666317e-01
1.333333399999999983e+03 8.171479732821637088e-01
1.338666600000000017e+03 7.705534498502075724e-01
1.344000000000000000e+03 7.042205865598691883e-01
1.349333399999999983e+03 6.259449732598371119e-01
1.354666600000000017e+03 5.402937027261226488e-01
1.360000000000000000e+03 4.669474348558234622e-01
1.365333399999999983e+03 4.216644940819533893e-01
1.370666600000000017e+03 4.062044812474406297e-01
1.376000000000000000e+03 4.094306812695847064e-01
1.381333399999999983e+03 4.144623064016689229e-01
1.386666600000000017e+03 4.165802148221993684e-01
1.392000000000000000e+03 4.277434817104300846e-01
1.397333399999999983e+03 4.540873952192567287e-01
1.402666600000000017e+03 4.904834258468727670e-01
1.408000000000000000e+03 5.172193769888622228e-01
1.413333399999999983e+03 5.296391073664874494e-01
1.418666600000000017e+03 5.547964172279153949e-01
1.424000000000000000e+03 6.187918249188570918e-01
1.429333399999999983e+03 7.286377213527415186e-01
1.434666600000000017e+03 8.628594091551148315e-01
1.440000000000000000e+03 9.645143194608984949e-01
1.445333399999999983e+03 1.000000000000000000e+00
1.450666600000000017e+03 9.626881871561874249e-01
1.456000000000000000e+03 8.554269251293358245e-01
1.461333399999999983e+03 7.064052898525726709e-01
1.466666600000000017e+03 5.422970620086704496e-01
1.472000000000000000e+03 3.744905944919563745e-01
1.477333399999999983e+03 2.315908711740188586e-01
1.482666600000000017e+03 1.261870362377195132e-01
1.488000000000000000e+03 5.358993227639211737e-02
1.493333399999999983e+03 1.970011297383298526e-02
1.498666600000000017e+03 1.280810535185396976e-02
1.504000000000000000e+03 1.734992786305004572e-02
1.509333399999999983e+03 3.052566000171585969e-02
1.514666600000000017e+03 4.351322047610942795e-02
1.520000000000000000e+03 5.632574888025545373e-02
1.525333399999999983e+03 8.093883340425188366e-02
1.530666600000000017e+03 1.147628413252887447e-01
1.536000000000000000e+03 1.547491912714070994e-01
1.541333399999999983e+03 1.945022154552859539e-01
1.546666600000000017e+03 2.257274801363736982e-01
1.552000000000000000e+03 2.465474929987582775e-01
1.557333399999999983e+03 2.661039169032968776e-01
1.562666600000000017e+03 2.872595725985561677e-01
1.568000000000000000e+03 3.138891555572734804e-01
1.573333399999999983e+03 3.463339490826626288e-01
1.578666600000000017e+03 3.807913415376947275e-01
1.584000000000000000e+03 4.104983123840038051e-01
1.589333399999999983e+03 4.401726459707606121e-01
1.594666600000000017e+03 4.715607580019440248e-01
1.600000000000000000e+03 5.005467017716822564e-01
1.605333399999999983e+03 5.247810822732491554e-01
1.610666600000000017e+03 5.361840588774032801e-01
1.616000000000000000e+03 5.327874471309173021e-01
1.621333399999999983e+03 5.251166324437358535e-01
1.626666600000000017e+03 5.237479442094897797e-01
1.632000000000000000e+03 5.371928908478215137e-01
1.637333399999999983e+03 5.739452560950201176e-01
1.642666600000000017e+03 6.347649703346073258e-01
1.648000000000000000e+03 7.156297113437802837e-01
1.653333399999999983e+03 8.051910544127520719e-01
1.658666600000000017e+03 8.705144012321991420e-01
1.664000000000000000e+03 8.857506909568481079e-01
1.669333399999999983e+03 8.348320440800377495e-01
1.674666600000000017e+03 7.260384709419682725e-01
1.680000000000000000e+03 5.883034832423058580e-01
1.685333399999999983e+03 4.516801609254357808e-01
1.690666600000000017e+03 3.269584136705975252e-01
1.696000000000000000e+03 2.221799098918859072e-01
1.701333399999999983e+03 1.355040768956638775e-01
1.706666600000000017e+03 7.032209322775223592e-02
1.712000000000000000e+03 3.247002486360731771e-02
1.717333399999999983e+03 1.810923812928959264e-02
1.722666600000000017e+03 1.912155782560038750e-02
1.728000000000000000e+03 2.753949503861789078e-02
1.733333399999999983e+03 3.688087962177152151e-02
1.738666600000000017e+03 4.532904647283423488e-02
1.744000000000000000e+03 5.175239547103123450e-02
1.749333399999999983e+03 5.543518175141659565e-02
1.754666600000000017e+03 5.965086362640228956e-02
1.760000000000000000e+03 6.431265425613141851e-02
1.765333399999999983e+03 7.221010993558549251e-02
1.770666600000000017e+03 8.065786583595950521e-02
1.776000000000000000e+03 8.216121589565711369e-02
1.781333399999999983e+03 7.326567142338039074e-02
1.786666600000000017e+03 5.557713902178078313e-02
1.792000000000000000e+03 3.233987987567727568e-02
1.797333399999999983e+03 1.460911061029149770e-02
1.802666600000000017e+03 1.047938621465311845e-02
