6.080000000000000000e+02 8.219309750793256375e-02
6.133333099999999831e+02 8.531136543798309435e-02
6.186666900000000169e+02 7.872661634562543032e-02
6.240000000000000000e+02 6.551837653029729536e-02
6.293333099999999831e+02 4.909703499163890761e-02
6.346666900000000169e+02 3.212166007316862026e-02
6.400000000000000000e+02 1.720816986466287141e-02
6.453333099999999831e+02 8.045786004193707097e-03
6.506666900000000169e+02 1.915674007990059158e-03
6.560000000000000000e+02 0.000000000000000000e+00
6.613333099999999831e+02 6.542412820794131501e-03
6.666666900000000169e+02 2.196156298870436188e-02
6.720000000000000000e+02 4.522216059403314642e-02
6.773333099999999831e+02 7.079564757686632182e-02
6.826666900000000169e+02 9.283386807044405331e-02
6.880000000000000000e+02 1.112041521827424745e-01
6.933333099999999831e+02 1.328768517104212121e-01
6.986666900000000169e+02 1.570907388135104332e-01
7.040000000000000000e+02 1.808314406577979927e-01
7.093333099999999831e+02 1.928626881849891950e-01
7.146666900000000169e+02 1.871120758608924572e-01
7.200000000000000000e+02 1.652130486388502240e-01
7.253333099999999831e+02 1.420920269493489152e-01
7.306666900000000169e+02 1.279992586274947275e-01
7.360000000000000000e+02 1.252809919584119414e-01
7.413333099999999831e+02 1.328476175976603668e-01
7.466666900000000169e+02 1.457590775242738612e-01
7.520000000000000000e+02 1.565513441292930019e-01
7.573333099999999831e+02 1.606819412741132269e-01
7.626666900000000169e+02 1.568755143676610064e-01
7.680000000000000000e+02 1.445124048956871743e-01
7.733333099999999831e+02 1.355781700874736373e-01
7.786666900000000169e+02 1.420141552399977192e-01
7.840000000000000000e+02 1.667563342239501423e-01
7.893333099999999831e+02 2.019753746777361303e-01
7.946666900000000169e+02 2.397511002582012329e-01
8.000000000000000000e+02 2.731723273285800446e-01
8.053333099999999831e+02 2.999524689639896380e-01
8.106666900000000169e+02 3.200477028688997749e-01
8.160000000000000000e+02 3.301927042804045920e-01
8.213333099999999831e+02 3.383905794520496446e-01
8.266666900000000169e+02 3.550263152758113550e-01
8.320000000000000000e+02 3.868321647300362875e-01
8.373333099999999831e+02 4.264237160947992877e-01
8.426666900000000169e+02 4.563929932015916013e-01
8.480000000000000000e+02 4.559896879471198039e-01
8.533333099999999831e+02 4.346921133718280594e-01
8.586666900000000169e+02 4.041308493275160285e-01
8.640000000000000000e+02 3.816452664956962448e-01
8.693333099999999831e+02 3.711021156830145440e-01
8.746666900000000169e+02 3.643818499082366880e-01
8.800000000000000000e+02 3.540665679381759245e-01
8.853333099999999831e+02 3.397038477310826976e-01
8.906666900000000169e+02 3.221338004598938154e-01
8.960000000000000000e+02 3.173826159785221313e-01
9.013333099999999831e+02 3.307937403513873664e-01
9.066666900000000169e+02 3.597562059823594671e-01
9.120000000000000000e+02 3.983482887347432055e-01
9.173333099999999831e+02 4.294614098565216476e-01
9.226666900000000169e+02 4.369138643509239972e-01
9.280000000000000000e+02 4.230576860089837465e-01
9.333333099999999831e+02 3.956778197450077639e-01
9.386666900000000169e+02 3.648520774389185650e-01
9.440000000000000000e+02 3.382977609846640199e-01
9.493333099999999831e+02 3.239442469331633712e-01
9.546666900000000169e+02 3.158311459430862000e-01
9.600000000000000000e+02 3.131769361869316537e-01
9.653333099999999831e+02 3.120994490076737238e-01
9.706666900000000169e+02 3.104035218618138581e-01
9.760000000000000000e+02 3.216089192680646192e-01
9.813333099999999831e+02 3.623198387968177836e-01
9.866666900000000169e+02 4.238157725432113998e-01
9.920000000000000000e+02 4.806051438642450768e-01
9.973333099999999831e+02 4.965803388353040582e-01
1.002666699999999992e+03 4.612624002965604042e-01
1.008000000000000000e+03 4.087587699625904181e-01
1.013333300000000008e+03 3.735400368613475131e-01
1.018666699999999992e+03 3.670930932271715963e-01
1.024000000000000000e+03 3.770980265446240431e-01
1.029333399999999983e+03 3.743733923476727510e-01
1.034666600000000017e+03 3.509140809381754433e-01
1.040000000000000000e+03 3.218468116783627653e-01
1.045333399999999983e+03 2.976028444769679426e-01
1.050666600000000017e+03 2.832412694970298794e-01
1.056000000000000000e+03 2.781395373638352875e-01
1.061333399999999983e+03 2.700260416542947794e-01
1.066666600000000017e+03 2.593816717941379024e-01
1.072000000000000000e+03 2.554908156921878448e-01
1.077333399999999983e+03 2.642945430645358140e-01
1.082666600000000017e+03 2.849891596640738434e-01
1.088000000000000000e+03 3.066401523248274974e-01
1.093333399999999983e+03 3.052659379792118655e-01
1.098666600000000017e+03 2.744681078544382036e-01
1.104000000000000000e+03 2.267264275216340219e-01
1.109333399999999983e+03 1.821364659586471868e-01
1.114666600000000017e+03 1.481147954377094456e-01
1.120000000000000000e+03 1.211668392779230996e-01
1.125333399999999983e+03 8.723499063141969267e-02
1.130666600000000017e+03 4.800265275305011514e-02
1.136000000000000000e+03 1.605373996660191399e-02
1.141333399999999983e+03 9.201850425971529884e-03
1.146666600000000017e+03 2.753500886465910791e-02
1.152000000000000000e+03 6.260786655024043468e-02
1.157333399999999983e+03 9.930205782262177538e-02
1.162666600000000017e+03 1.268812048117596847e-01
1.168000000000000000e+03 1.431675621164669177e-01
1.173333399999999983e+03 1.551475656983541396e-01
1.178666600000000017e+03 1.718285196599713682e-01
1.184000000000000000e+03 2.000826386616759156e-01
1.189333399999999983e+03 2.438268265651239997e-01
1.194666600000000017e+03 2.966463639241638806e-01
1.200000000000000000e+03 3.524386245092109848e-01
1.205333399999999983e+03 4.048343052955640231e-01
1.210666600000000017e+03 4.567895600512983378e-01
1.216000000000000000e+03 5.166071701559256102e-01
1.221333399999999983e+03 5.902312960330058367e-01
1.226666600000000017e+03 6.655522603232313372e-01
1.232000000000000000e+03 7.226357471149010836e-01
1.237333399999999983e+03 7.483174297367778394e-01
1.242666600000000017e+03 7.370238077255601983e-01
1.248000000000000000e+03 7.050039792896216628e-01
1.253333399999999983e+03 6.757889808588891656e-01
1.258666600000000017e+03 6.584228756672950711e-01
1.264000000000000000e+03 6.478626316047072509e-01
1.269333399999999983e+03 6.439814258482705611e-01
1.274666600000000017e+03 6.299200785428227256e-01
1.280000000000000000e+03 6.064641214330426244e-01
1.285333399999999983e+03 5.888402568619337529e-01
1.290666600000000017e+03 5.839680543623662068e-01
1.296000000000000000e+03 5.911421221363715173e-01
1.301333399999999983e+03 6.113741413083821907e-01
1.306666600000000017e+03 6.289340524615283368e-01
1.312000000000000000e+03 6.401294431840187649e-01
1.317333399999999983e+03 6.470701257757254243e-01
1.322666600000000017e+03 6.454070379327819795e-01
1.328000000000000000e+03 6.303814515381241934e-01
1.333333399999999983e+03 6.048453109609547296e-01
1.338666600000000017e+03 5.610540440588146494e-01
1.344000000000000000e+03 4.983263434095371314e-01
1.349333399999999983e+03 4.214640738034158840e-01
1.354666600000000017e+03 3.399406552735425024e-01
1.360000000000000000e+03 2.701759315027481567e-01
1.365333399999999983e+03 2.392522245253985713e-01
1.370666600000000017e+03 2.462421339331558601e-01
1.376000000000000000e+03 2.765946760101519741e-01
1.381333399999999983e+03 3.160970713280834565e-01
1.386666600000000017e+03 3.492838354110905374e-01
1.392000000000000000e+03 3.742751050275646696e-01
1.397333399999999983e+03 4.054582209901252399e-01
1.402666600000000017e+03 4.372666266537555413e-01
1.408000000000000000e+03 4.640245362244156402e-01
1.413333399999999983e+03 4.905694638240499783e-01
1.418666600000000017e+03 5.259308388680217217e-01
1.424000000000000000e+03 5.920153579835818469e-01
1.429333399999999983e+03 7.027741048391178413e-01
1.434666600000000017e+03 8.326948454459074389e-01
1.440000000000000000e+03 9.445296094541285603e-01
1.445333399999999983e+03 1.000000000000000000e+00
1.450666600000000017e+03 9.722595772375944856e-01
1.456000000000000000e+03 8.710988924427723878e-01
1.461333399999999983e+03 7.239931162511126228e-01
1.466666600000000017e+03 5.555187375491185131e-01
1.472000000000000000e+03 3.957214972483443227e-01
1.477333399999999983e+03 2.647948582140977614e-01
1.482666600000000017e+03 1.603385072741488337e-01
1.488000000000000000e+03 8.458691361414355514e-02
1.493333399999999983e+03 3.734030338844770286e-02
1.498666600000000017e+03 1.264211167530819926e-02
1.504000000000000000e+03 6.859544402051727385e-03
1.509333399999999983e+03 1.600240772137911938e-02
1.514666600000000017e+03 2.881881544883778748e-02
1.520000000000000000e+03 4.294489439850431717e-02
1.525333399999999983e+03 5.887042427988347509e-02
1.530666600000000017e+03 7.848171999690913003e-02
1.536000000000000000e+03 1.036050499000671782e-01
1.541333399999999983e+03 1.333701638549920077e-01
1.546666600000000017e+03 1.641553083864927820e-01
1.552000000000000000e+03 1.956856947278410863e-01
1.557333399999999983e+03 2.195616731256744281e-01
1.562666600000000017e+03 2.375973370324868661e-01
1.568000000000000000e+03 2.542763661489069182e-01
1.573333399999999983e+03 2.643178080180836331e-01
1.578666600000000017e+03 2.699609971031623479e-01
1.584000000000000000e+03 2.762121493270053296e-01
1.589333399999999983e+03 2.811241633224862979e-01
1.594666600000000017e+03 2.948462357141145573e-01
1.600000000000000000e+03 3.224270652695230832e-01
1.605333399999999983e+03 3.513027693208184421e-01
1.610666600000000017e+03 3.833030466896555910e-01
1.616000000000000000e+03 4.120155812847738352e-01
1.621333399999999983e+03 4.378277129376710319e-01
1.626666600000000017e+03 4.703483884469586429e-01
1.632000000000000000e+03 5.176677573859507220e-01
1.637333399999999983e+03 5.812145398355668124e-01
1.642666600000000017e+03 6.679788076319439494e-01
1.648000000000000000e+03 7.645708925472127770e-01
1.653333399999999983e+03 8.556672129421450945e-01
1.658666600000000017e+03 9.215912425644042782e-01
1.664000000000000000e+03 9.395007347732622360e-01
1.669333399999999983e+03 8.966054271779337892e-01
1.674666600000000017e+03 7.976735536052982356e-01
1.680000000000000000e+03 6.565497569162659364e-01
1.685333399999999983e+03 4.985096362405829762e-01
1.690666600000000017e+03 3.518154344458375715e-01
1.696000000000000000e+03 2.274272195714276412e-01
1.701333399999999983e+03 1.301639602941034313e-01
1.706666600000000017e+03 6.372822835846048140e-02
1.712000000000000000e+03 2.535000390655005320e-02
1.717333399999999983e+03 1.315172616487148005e-02
1.722666600000000017e+03 2.333161345547769133e-02
1.728000000000000000e+03 3.845347275632062661e-02
1.733333399999999983e+03 4.904532631759926653e-02
1.738666600000000017e+03 5.403198666531205258e-02
1.744000000000000000e+03 5.208379556466895266e-02
1.749333399999999983e+03 5.113747080789571992e-02
1.754666600000000017e+03 5.404936518581767574e-02
1.760000000000000000e+03 5.603274301853015948e-02
1.765333399999999983e+03 6.008453800178605725e-02
1.770666600000000017e+03 6.478912165562726588e-02
1.776000000000000000e+03 6.416050056054470319e-02
1.781333399999999983e+03 5.859373570412235860e-02
1.786666600000000017e+03 4.714586796145796982e-02
1.792000000000000000e+03 3.059115553789538977e-02
1.797333399999999983e+03 1.636653188202000578e-02
1.802666600000000017e+03 9.475684019385196416e-03
