6.080000000000000000e+02 1.021258771535710624e-01
6.133333099999999831e+02 8.925550769944999574e-02
6.186666900000000169e+02 8.041832955855063303e-02
6.240000000000000000e+02 7.239946848423686743e-02
6.293333099999999831e+02 6.012021178024693630e-02
6.346666900000000169e+02 4.395515191186322862e-02
6.400000000000000000e+02 2.027360559093472833e-02
6.453333099999999831e+02 4.077899035762302254e-03
6.506666900000000169e+02 0.000000000000000000e+00
6.560000000000000000e+02 6.908773014728693956e-03
6.613333099999999831e+02 2.308850086028378656e-02
6.666666900000000169e+02 4.440452053653406311e-02
6.720000000000000000e+02 5.868227848812741093e-02
6.773333099999999831e+02 8.595600632724496870e-02
6.826666900000000169e+02 1.238586284654298597e-01
6.880000000000000000e+02 1.655855558366872982e-01
6.933333099999999831e+02 1.983247012231176831e-01
6.986666900000000169e+02 2.085858087410830397e-01
7.040000000000000000e+02 1.916413152737792558e-01
7.093333099999999831e+02 1.661153206250879089e-01
7.146666900000000169e+02 1.386297060131921888e-01
7.200000000000000000e+02 1.190660974437627861e-01
7.253333099999999831e+02 1.054451567206112078e-01
7.306666900000000169e+02 9.559294976687827960e-02
7.360000000000000000e+02 8.809023396657993110e-02
7.413333099999999831e+02 8.091005430414807686e-02
7.466666900000000169e+02 7.137259981087036576e-02
7.520000000000000000e+02 6.382651226551976087e-02
7.573333099999999831e+02 5.901996731880049946e-02
7.626666900000000169e+02 5.935678158459204573e-02
7.680000000000000000e+02 6.513629675115870099e-02
7.733333099999999831e+02 7.655281238400743482e-02
7.786666900000000169e+02 9.487812894778051287e-02
7.840000000000000000e+02 1.224023996007561343e-01
7.893333099999999831e+02 1.552524002298691919e-01
7.946666900000000169e+02 1.871070593187443842e-01
8.000000000000000000e+02 2.129885455522431970e-01
8.053333099999999831e+02 2.377855707269835583e-01
8.106666900000000169e+02 2.643827801415675194e-01
8.160000000000000000e+02 2.923070308937157358e-01
8.213333099999999831e+02 3.134799070844874191e-01
8.266666900000000169e+02 3.307822496710032256e-01
8.320000000000000000e+02 3.443293166214475010e-01
8.373333099999999831e+02 3.585462111918067407e-01
8.426666900000000169e+02 3.699389156614129037e-01
8.480000000000000000e+02 3.668634581215296508e-01
8.533333099999999831e+02 3.398920122943374089e-01
8.586666900000000169e+02 3.071810929840032012e-01
8.640000000000000000e+02 2.784973523782269256e-01
8.693333099999999831e+02 2.652412398164983864e-01
8.746666900000000169e+02 2.683114122012429936e-01
8.800000000000000000e+02 2.772967404940059333e-01
8.853333099999999831e+02 2.825685329019693715e-01
8.906666900000000169e+02 2.860882199109767154e-01
8.960000000000000000e+02 2.858632493124456109e-01
9.013333099999999831e+02 2.847254422472980662e-01
9.066666900000000169e+02 2.840287477714493747e-01
9.120000000000000000e+02 2.841426861003618076e-01
9.173333099999999831e+02 2.845840374791002714e-01
9.226666900000000169e+02 2.828677623894402804e-01
9.280000000000000000e+02 2.747105482855711212e-01
9.333333099999999831e+02 2.646476890324822584e-01
9.386666900000000169e+02 2.637393540194928332e-01
9.440000000000000000e+02 2.778254704471236902e-01
9.493333099999999831e+02 3.012758307406551705e-01
9.546666900000000169e+02 3.212184597984197310e-01
9.600000000000000000e+02 3.216877864520553132e-01
9.653333099999999831e+02 3.004309967883352916e-01
9.706666900000000169e+02 2.775319010835720079e-01
9.760000000000000000e+02 2.836961101034651267e-01
9.813333099999999831e+02 3.322068917946595645e-01
9.866666900000000169e+02 4.190606090964441588e-01
9.920000000000000000e+02 5.107041455364388360e-01
9.973333099999999831e+02 5.567383941327938013e-01
1.002666699999999992e+03 5.375646573289638575e-01
1.008000000000000000e+03 4.765020976559768973e-01
1.013333300000000008e+03 4.061378046982906942e-01
1.018666699999999992e+03 3.635491343297942990e-01
1.024000000000000000e+03 3.499182550069985242e-01
1.029333399999999983e+03 3.405023047726802310e-01
1.034666600000000017e+03 3.226107857403529566e-01
1.040000000000000000e+03 2.952811791306080291e-01
1.045333399999999983e+03 2.672545759649572750e-01
1.050666600000000017e+03 2.482095558380283673e-01
1.056000000000000000e+03 2.337042607412711526e-01
1.061333399999999983e+03 2.205704256525786722e-01
1.066666600000000017e+03 2.156810047656585738e-01
1.072000000000000000e+03 2.212598816058853057e-01
1.077333399999999983e+03 2.429876439014751477e-01
1.082666600000000017e+03 2.665310931859839472e-01
1.088000000000000000e+03 2.740079325164201940e-01
1.093333399999999983e+03 2.546895166487788686e-01
1.098666600000000017e+03 2.215793990016917958e-01
1.104000000000000000e+03 1.864099343653844443e-01
1.109333399999999983e+03 1.623991399503443567e-01
1.114666600000000017e+03 1.447811578707826063e-01
1.120000000000000000e+03 1.189866250773707196e-01
1.125333399999999983e+03 7.770724299534761959e-02
1.130666600000000017e+03 4.057429450363678886e-02
1.136000000000000000e+03 1.572458542754340619e-02
1.141333399999999983e+03 1.459263215341337697e-02
1.146666600000000017e+03 3.471360088684332518e-02
1.152000000000000000e+03 6.074004507217131005e-02
1.157333399999999983e+03 8.353885102763795867e-02
1.162666600000000017e+03 1.050707225723822719e-01
1.168000000000000000e+03 1.238141787995554743e-01
1.173333399999999983e+03 1.458216649178040447e-01
1.178666600000000017e+03 1.718675999912862851e-01
1.184000000000000000e+03 2.011868953901906343e-01
1.189333399999999983e+03 2.356485398997894554e-01
1.194666600000000017e+03 2.743402883686640870e-01
1.200000000000000000e+03 3.170995462140752119e-01
1.205333399999999983e+03 3.672787333596053694e-01
1.210666600000000017e+03 4.271301989845182612e-01
1.216000000000000000e+03 4.925110420108907983e-01
1.221333399999999983e+03 5.558002895879212701e-01
1.226666600000000017e+03 6.028905378698588002e-01
1.232000000000000000e+03 6.208018963204390284e-01
1.237333399999999983e+03 6.123062547975351988e-01
1.242666600000000017e+03 5.923048606769398816e-01
1.248000000000000000e+03 5.705481086772132837e-01
1.253333399999999983e+03 5.516525734333975750e-01
1.258666600000000017e+03 5.375058540491599590e-01
1.264000000000000000e+03 5.247296001061406701e-01
1.269333399999999983e+03 5.142493144140191097e-01
1.274666600000000017e+03 5.129372525038425890e-01
1.280000000000000000e+03 5.219190330763514574e-01
1.285333399999999983e+03 5.364167750833193082e-01
1.290666600000000017e+03 5.587927432865117394e-01
1.296000000000000000e+03 5.886056968714824533e-01
1.301333399999999983e+03 6.231440356362542010e-01
1.306666600000000017e+03 6.609932545552487104e-01
1.312000000000000000e+03 6.951262234904953541e-01
1.317333399999999983e+03 7.179625133963799533e-01
1.322666600000000017e+03 7.267361401694036882e-01
1.328000000000000000e+03 7.176014754742803259e-01
1.333333399999999983e+03 6.845542230889818391e-01
1.338666600000000017e+03 6.264936654719569509e-01
1.344000000000000000e+03 5.457665817325818569e-01
1.349333399999999983e+03 4.582946809973697522e-01
1.354666600000000017e+03 3.803403855138541290e-01
1.360000000000000000e+03 3.236143212525297019e-01
1.365333399999999983e+03 2.898987857027746640e-01
1.370666600000000017e+03 2.792185863207860552e-01
1.376000000000000000e+03 2.858497665101416563e-01
1.381333399999999983e+03 3.043895268165842660e-01
1.386666600000000017e+03 3.298496969505284038e-01
1.392000000000000000e+03 3.615439279750199408e-01
1.397333399999999983e+03 3.970578102351108862e-01
1.402666600000000017e+03 4.373544387014159929e-01
1.408000000000000000e+03 4.743543221920619168e-01
1.413333399999999983e+03 5.057796272729583320e-01
1.418666600000000017e+03 5.434883147184785823e-01
1.424000000000000000e+03 6.104358553346919125e-01
1.429333399999999983e+03 7.157339108184317400e-01
1.434666600000000017e+03 8.427610885128808960e-01
1.440000000000000000e+03 9.514863432643163588e-01
1.445333399999999983e+03 1.000000000000000000e+00
1.450666600000000017e+03 9.651918916714071761e-01
1.456000000000000000e+03 8.585725883607642217e-01
1.461333399999999983e+03 7.057435854207253501e-01
1.466666600000000017e+03 5.320788653662782419e-01
1.472000000000000000e+03 3.689019072053403847e-01
1.477333399999999983e+03 2.301269007755389617e-01
1.482666600000000017e+03 1.256579021884227931e-01
1.488000000000000000e+03 6.019597656048763373e-02
1.493333399999999983e+03 2.607983261027878308e-02
1.498666600000000017e+03 1.192400256969534771e-02
1.504000000000000000e+03 1.431779577891009389e-02
1.509333399999999983e+03 2.690745807824882624e-02
1.514666600000000017e+03 5.056542656631227844e-02
1.520000000000000000e+03 8.144572907296956932e-02
1.525333399999999983e+03 1.130038745467186467e-01
1.530666600000000017e+03 1.472987160126123241e-01
1.536000000000000000e+03 1.861106176782507116e-01
1.541333399999999983e+03 2.305560809103587294e-01
1.546666600000000017e+03 2.760125464117368921e-01
1.552000000000000000e+03 3.120144057311131647e-01
1.557333399999999983e+03 3.333974708781445306e-01
1.562666600000000017e+03 3.503594491753376228e-01
1.568000000000000000e+03 3.710068541035933531e-01
1.573333399999999983e+03 4.018058488650464444e-01
1.578666600000000017e+03 4.411856400627511832e-01
1.584000000000000000e+03 4.836501995189412817e-01
1.589333399999999983e+03 5.192366042653586700e-01
1.594666600000000017e+03 5.543551022984551935e-01
1.600000000000000000e+03 5.815294425729555794e-01
1.605333399999999983e+03 5.922212432298151752e-01
1.610666600000000017e+03 5.868649573702402478e-01
1.616000000000000000e+03 5.743026549630517730e-01
1.621333399999999983e+03 5.538327027981436723e-01
1.626666600000000017e+03 5.497347585301035622e-01
1.632000000000000000e+03 5.559708791651127857e-01
1.637333399999999983e+03 5.734400084682657051e-01
1.642666600000000017e+03 6.173706095957238738e-01
1.648000000000000000e+03 6.965258537749504653e-01
1.653333399999999983e+03 7.927265278848616425e-01
1.658666600000000017e+03 8.825072779314462323e-01
1.664000000000000000e+03 9.141863377709408267e-01
1.669333399999999983e+03 8.648488535565547197e-01
1.674666600000000017e+03 7.504331757374266276e-01
1.680000000000000000e+03 6.044422699581833980e-01
1.685333399999999983e+03 4.573755295491533923e-01
1.690666600000000017e+03 3.276564768948229123e-01
1.696000000000000000e+03 2.184329855200962678e-01
1.701333399999999983e+03 1.318036907636780941e-01
1.706666600000000017e+03 7.319729717616059450e-02
1.712000000000000000e+03 4.574164647322284671e-02
1.717333399999999983e+03 4.297290117743485932e-02
1.722666600000000017e+03 5.426476338456825976e-02
1.728000000000000000e+03 6.958128541187813543e-02
1.733333399999999983e+03 7.924545291568402261e-02
1.738666600000000017e+03 8.170591751382638712e-02
1.744000000000000000e+03 8.060454841243909485e-02
1.749333399999999983e+03 7.814633902465463466e-02
1.754666600000000017e+03 7.668276010291032174e-02
1.760000000000000000e+03 7.463543677404320398e-02
1.765333399999999983e+03 7.197310051395967856e-02
1.770666600000000017e+03 7.297375764885460914e-02
1.776000000000000000e+03 7.507049805477368498e-02
1.781333399999999983e+03 7.232994284388245820e-02
1.786666600000000017e+03 6.037569386585202313e-02
1.792000000000000000e+03 3.950703612685581984e-02
1.797333399999999983e+03 2.070757476983173945e-02
1.802666600000000017e+03 1.122378359038955255e-02
