6.080000000000000000e+02 1.606978100978432300e-01
6.133333099999999831e+02 1.326134906191394902e-01
6.186666900000000169e+02 1.054205469418482422e-01
6.240000000000000000e+02 7.918334384748615395e-02
6.293333099999999831e+02 5.333189088692549817e-02
6.346666900000000169e+02 2.704273224249898605e-02
6.400000000000000000e+02 7.325935835508830957e-03
6.453333099999999831e+02 0.000000000000000000e+00
6.506666900000000169e+02 1.563414947062299193e-03
6.560000000000000000e+02 1.205828552306905700e-02
6.613333099999999831e+02 2.715201955868233943e-02
6.666666900000000169e+02 4.195405911777226604e-02
6.720000000000000000e+02 6.376271920224119150e-02
6.773333099999999831e+02 9.816797555735759517e-02
6.826666900000000169e+02 1.390189029877974269e-01
6.880000000000000000e+02 1.782190945334265197e-01
6.933333099999999831e+02 2.077326133569867561e-01
6.986666900000000169e+02 2.191057795374626027e-01
7.040000000000000000e+02 2.147332620086497834e-01
7.093333099999999831e+02 2.020084522496424229e-01
7.146666900000000169e+02 1.890430045560607675e-01
7.200000000000000000e+02 1.778814290015687805e-01
7.253333099999999831e+02 1.691696052554027274e-01
7.306666900000000169e+02 1.567441729703877851e-01
7.360000000000000000e+02 1.354515868409118529e-01
7.413333099999999831e+02 1.090538241208088288e-01
7.466666900000000169e+02 8.860162701902293825e-02
7.520000000000000000e+02 8.194780991377742518e-02
7.573333099999999831e+02 8.950397007776281222e-02
7.626666900000000169e+02 1.036055810162163915e-01
7.680000000000000000e+02 1.133189092776289708e-01
7.733333099999999831e+02 1.175813214177339749e-01
7.786666900000000169e+02 1.198376623807017316e-01
7.840000000000000000e+02 1.322325932888178124e-01
7.893333099999999831e+02 1.661922185983532863e-01
7.946666900000000169e+02 2.212336780166955785e-01
8.000000000000000000e+02 2.839271382477425165e-01
8.053333099999999831e+02 3.435075947724214873e-01
8.106666900000000169e+02 3.841827754123346428e-01
8.160000000000000000e+02 4.013873237423662976e-01
8.213333099999999831e+02 4.046123221632461076e-01
8.266666900000000169e+02 4.095495650994723236e-01
8.320000000000000000e+02 4.234427773086802960e-01
8.373333099999999831e+02 4.465013856457113461e-01
8.426666900000000169e+02 4.662834760136449486e-01
8.480000000000000000e+02 4.667707415530679138e-01
8.533333099999999831e+02 4.447546227826439935e-01
8.586666900000000169e+02 4.189791644515071245e-01
8.640000000000000000e+02 4.018589176610370406e-01
8.693333099999999831e+02 3.967695235993256575e-01
8.746666900000000169e+02 3.936221513753306311e-01
8.800000000000000000e+02 3.789393814565121810e-01
8.853333099999999831e+02 3.519280716647286145e-01
8.906666900000000169e+02 3.284334311173696119e-01
8.960000000000000000e+02 3.241564741142465289e-01
9.013333099999999831e+02 3.494459701549851305e-01
9.066666900000000169e+02 3.918383499648682711e-01
9.120000000000000000e+02 4.309289240641891450e-01
9.173333099999999831e+02 4.477432585812473054e-01
9.226666900000000169e+02 4.456211789009510982e-01
9.280000000000000000e+02 4.228422391409232817e-01
9.333333099999999831e+02 3.942173932337148523e-01
9.386666900000000169e+02 3.683158600309778818e-01
9.440000000000000000e+02 3.478352415656590924e-01
9.493333099999999831e+02 3.270015019917181243e-01
9.546666900000000169e+02 3.196076060628557647e-01
9.600000000000000000e+02 3.077125500889140719e-01
9.653333099999999831e+02 2.963582119350527955e-01
9.706666900000000169e+02 2.902129353198062423e-01
9.760000000000000000e+02 3.081326433184344848e-01
9.813333099999999831e+02 3.519762722892861850e-01
9.866666900000000169e+02 4.183354659557196875e-01
9.920000000000000000e+02 4.748879914453253970e-01
9.973333099999999831e+02 4.941202147993274396e-01
1.002666699999999992e+03 4.615971842894118771e-01
1.008000000000000000e+03 4.122154605574320785e-01
1.013333300000000008e+03 3.726806505633271094e-01
1.018666699999999992e+03 3.605572169917080072e-01
1.024000000000000000e+03 3.689361697437100185e-01
1.029333399999999983e+03 3.752310981244557642e-01
1.034666600000000017e+03 3.610416373040340465e-01
1.040000000000000000e+03 3.332177108532256571e-01
1.045333399999999983e+03 2.980517892381830958e-01
1.050666600000000017e+03 2.702633715317470098e-01
1.056000000000000000e+03 2.584316855440911276e-01
1.061333399999999983e+03 2.664564407435642268e-01
1.066666600000000017e+03 2.909716132557729762e-01
1.072000000000000000e+03 3.237789981760166858e-01
1.077333399999999983e+03 3.482513458331671918e-01
1.082666600000000017e+03 3.575289647101209112e-01
1.088000000000000000e+03 3.466277021442192297e-01
1.093333399999999983e+03 3.184892582502319991e-01
1.098666600000000017e+03 2.860793404428622067e-01
1.104000000000000000e+03 2.574464077652883209e-01
1.109333399999999983e+03 2.322271708273989377e-01
1.114666600000000017e+03 2.060384623201992893e-01
1.120000000000000000e+03 1.629976696552576376e-01
1.125333399999999983e+03 1.036583718051534986e-01
1.130666600000000017e+03 5.058446760447254942e-02
1.136000000000000000e+03 1.977720400318757135e-02
1.141333399999999983e+03 2.279239599778451475e-02
1.146666600000000017e+03 5.719011999262466756e-02
1.152000000000000000e+03 1.007776056606529969e-01
1.157333399999999983e+03 1.370316276718419601e-01
1.162666600000000017e+03 1.626598602755489065e-01
1.168000000000000000e+03 1.778981933965107787e-01
1.173333399999999983e+03 1.873989630011146379e-01
1.178666600000000017e+03 2.003247519791198639e-01
1.184000000000000000e+03 2.259447640043425187e-01
1.189333399999999983e+03 2.635636735534274133e-01
1.194666600000000017e+03 3.068436346313512808e-01
1.200000000000000000e+03 3.543777739847477348e-01
1.205333399999999983e+03 4.017049875642208501e-01
1.210666600000000017e+03 4.498178269856306644e-01
1.216000000000000000e+03 5.120906371211765284e-01
1.221333399999999983e+03 5.901924042726739428e-01
1.226666600000000017e+03 6.677920132384594920e-01
1.232000000000000000e+03 7.288300865947776597e-01
1.237333399999999983e+03 7.590516090764762858e-01
1.242666600000000017e+03 7.476748223405348392e-01
1.248000000000000000e+03 7.093269224225381420e-01
1.253333399999999983e+03 6.650580572794377865e-01
1.258666600000000017e+03 6.257427320783950364e-01
1.264000000000000000e+03 5.974898760678324372e-01
1.269333399999999983e+03 5.881390645246329374e-01
1.274666600000000017e+03 5.871002388181750797e-01
1.280000000000000000e+03 5.908653563185506385e-01
1.285333399999999983e+03 5.982067808366938744e-01
1.290666600000000017e+03 6.076385852641219554e-01
1.296000000000000000e+03 6.166688239722746268e-01
1.301333399999999983e+03 6.336774992212794722e-01
1.306666600000000017e+03 6.558463835314479740e-01
1.312000000000000000e+03 6.801676852178193400e-01
1.317333399999999983e+03 7.024483273480146561e-01
1.322666600000000017e+03 7.200767735769891820e-01
1.328000000000000000e+03 7.189689094627257360e-01
1.333333399999999983e+03 6.884518655100964057e-01
1.338666600000000017e+03 6.310736389058358986e-01
1.344000000000000000e+03 5.508021351421156231e-01
1.349333399999999983e+03 4.669690689771113234e-01
1.354666600000000017e+03 4.025556047542243610e-01
1.360000000000000000e+03 3.596037055811864280e-01
1.365333399999999983e+03 3.324554606193731443e-01
1.370666600000000017e+03 3.231635220992710167e-01
1.376000000000000000e+03 3.218394109484278842e-01
1.381333399999999983e+03 3.398307369626473728e-01
1.386666600000000017e+03 3.784419693977463806e-01
1.392000000000000000e+03 4.245372609423815891e-01
1.397333399999999983e+03 4.623846469273197868e-01
1.402666600000000017e+03 4.849558199933598490e-01
1.408000000000000000e+03 4.944066736541858909e-01
1.413333399999999983e+03 5.202552290888438069e-01
1.418666600000000017e+03 5.780017212136451255e-01
1.424000000000000000e+03 6.719407035250373195e-01
1.429333399999999983e+03 7.873041442773774934e-01
1.434666600000000017e+03 8.970482535235738686e-01
1.440000000000000000e+03 9.735632855796280127e-01
1.445333399999999983e+03 9.999999999999998890e-01
1.450666600000000017e+03 9.637054116198990883e-01
1.456000000000000000e+03 8.719575766894390734e-01
1.461333399999999983e+03 7.332085747159393652e-01
1.466666600000000017e+03 5.656574041420614485e-01
1.472000000000000000e+03 3.938819610828197537e-01
1.477333399999999983e+03 2.403983107975928568e-01
1.482666600000000017e+03 1.241148011546928109e-01
1.488000000000000000e+03 5.533611598236021917e-02
1.493333399999999983e+03 2.177576911327882073e-02
1.498666600000000017e+03 1.520452367454339440e-02
1.504000000000000000e+03 2.757270655130530587e-02
1.509333399999999983e+03 5.211058706012224734e-02
1.514666600000000017e+03 8.071212341901576326e-02
1.520000000000000000e+03 1.065143057386536696e-01
1.525333399999999983e+03 1.240797588174286925e-01
1.530666600000000017e+03 1.408828342601263495e-01
1.536000000000000000e+03 1.684877219988457631e-01
1.541333399999999983e+03 2.091093925037672274e-01
1.546666600000000017e+03 2.480657791409045243e-01
1.552000000000000000e+03 2.715865714921370522e-01
1.557333399999999983e+03 2.769827904311544242e-01
1.562666600000000017e+03 2.722639338728874980e-01
1.568000000000000000e+03 2.714352092131095961e-01
1.573333399999999983e+03 2.747966521903807968e-01
1.578666600000000017e+03 2.790934727805448046e-01
1.584000000000000000e+03 2.856684947816754971e-01
1.589333399999999983e+03 3.057148855187034053e-01
1.594666600000000017e+03 3.397198835952703888e-01
1.600000000000000000e+03 3.824538985635089761e-01
1.605333399999999983e+03 4.114501880787636567e-01
1.610666600000000017e+03 4.198911705533805994e-01
1.616000000000000000e+03 4.211050221919857561e-01
1.621333399999999983e+03 4.312507302965768452e-01
1.626666600000000017e+03 4.588247233999454000e-01
1.632000000000000000e+03 5.079262922452220108e-01
1.637333399999999983e+03 5.697351829189735151e-01
1.642666600000000017e+03 6.446297753034744282e-01
1.648000000000000000e+03 7.341453877859682731e-01
1.653333399999999983e+03 8.186724706852294142e-01
1.658666600000000017e+03 8.765256582680814867e-01
1.664000000000000000e+03 8.767053474188480910e-01
1.669333399999999983e+03 8.085937596279176853e-01
1.674666600000000017e+03 6.893895381410600764e-01
1.680000000000000000e+03 5.484379565582133687e-01
1.685333399999999983e+03 4.126701959321154578e-01
1.690666600000000017e+03 2.999779825756013762e-01
1.696000000000000000e+03 2.065404679498089036e-01
1.701333399999999983e+03 1.333649018458852031e-01
1.706666600000000017e+03 8.067860014483682618e-02
1.712000000000000000e+03 4.985560559212853793e-02
1.717333399999999983e+03 4.015770801978217619e-02
1.722666600000000017e+03 4.094097330106457461e-02
1.728000000000000000e+03 4.615174833532727228e-02
1.733333399999999983e+03 5.128294373709198911e-02
1.738666600000000017e+03 4.858871488163379881e-02
1.744000000000000000e+03 4.472568768169596365e-02
1.749333399999999983e+03 4.337489544417556797e-02
1.754666600000000017e+03 4.012436188404165660e-02
1.760000000000000000e+03 4.032177845534161420e-02
1.765333399999999983e+03 4.233780532818626208e-02
1.770666600000000017e+03 3.759218299797190133e-02
1.776000000000000000e+03 3.301439698834211789e-02
1.781333399999999983e+03 2.856127551528962055e-02
1.786666600000000017e+03 2.186734868887007383e-02
1.792000000000000000e+03 1.860255474576292395e-02
1.797333399999999983e+03 1.937436988495523649e-02
1.802666600000000017e+03 2.585839311004751312e-02
