6.080000000000000000e+02 1.115153513387430462e-01
6.133333099999999831e+02 1.173980256983724602e-01
6.186666900000000169e+02 1.212978999440285921e-01
6.240000000000000000e+02 1.192036419210270315e-01
6.293333099999999831e+02 1.037828346503514576e-01
6.346666900000000169e+02 7.437445912902368450e-02
6.400000000000000000e+02 3.923683391798359066e-02
6.453333099999999831e+02 1.071765815693422573e-02
6.506666900000000169e+02 0.000000000000000000e+00
6.560000000000000000e+02 9.190890137692715040e-03
6.613333099999999831e+02 2.870706091869543869e-02
6.666666900000000169e+02 5.174313250172029449e-02
6.720000000000000000e+02 7.233344919024062292e-02
6.773333099999999831e+02 9.084907338162159784e-02
6.826666900000000169e+02 1.065366688358118097e-01
6.880000000000000000e+02 1.180318430242494609e-01
6.933333099999999831e+02 1.273055143807556577e-01
6.986666900000000169e+02 1.380378152990026641e-01
7.040000000000000000e+02 1.483197767109288578e-01
7.093333099999999831e+02 1.566446480612647685e-01
7.146666900000000169e+02 1.559107050456423338e-01
7.200000000000000000e+02 1.490288426881066774e-01
7.253333099999999831e+02 1.399901124913076056e-01
7.306666900000000169e+02 1.358844926479707560e-01
7.360000000000000000e+02 1.421361239349216155e-01
7.413333099999999831e+02 1.526521442189734401e-01
7.466666900000000169e+02 1.570805623255591144e-01
7.520000000000000000e+02 1.553149829098645907e-01
7.573333099999999831e+02 1.462805550440831603e-01
7.626666900000000169e+02 1.371056482323202153e-01
7.680000000000000000e+02 1.386301321206621640e-01
7.733333099999999831e+02 1.473929853024884828e-01
7.786666900000000169e+02 1.578694873339060167e-01
7.840000000000000000e+02 1.730799425977008477e-01
7.893333099999999831e+02 1.937948868985994444e-01
7.946666900000000169e+02 2.217874324956220500e-01
8.000000000000000000e+02 2.586351818767492206e-01
8.053333099999999831e+02 2.972640571079137040e-01
8.106666900000000169e+02 3.308687748916403493e-01
8.160000000000000000e+02 3.554883801906136842e-01
8.213333099999999831e+02 3.617601195471080167e-01
8.266666900000000169e+02 3.553239147474326898e-01
8.320000000000000000e+02 3.472404097485211616e-01
8.373333099999999831e+02 3.477785150899916911e-01
8.426666900000000169e+02 3.619554272854046406e-01
8.480000000000000000e+02 3.789390981656004520e-01
8.533333099999999831e+02 3.780767289297272127e-01
8.586666900000000169e+02 3.641149515716759488e-01
8.640000000000000000e+02 3.468062624290823570e-01
8.693333099999999831e+02 3.399232245894652782e-01
8.746666900000000169e+02 3.475172591030302183e-01
8.800000000000000000e+02 3.558836178754276047e-01
8.853333099999999831e+02 3.533346201244810802e-01
8.906666900000000169e+02 3.429004903642278723e-01
8.960000000000000000e+02 3.308163631229082968e-01
9.013333099999999831e+02 3.280615791620718480e-01
9.066666900000000169e+02 3.335343808228592444e-01
9.120000000000000000e+02 3.363437281027358838e-01
9.173333099999999831e+02 3.377441746812614443e-01
9.226666900000000169e+02 3.327464535913456367e-01
9.280000000000000000e+02 3.285959325866359970e-01
9.333333099999999831e+02 3.269676838792847651e-01
9.386666900000000169e+02 3.255856626786244323e-01
9.440000000000000000e+02 3.211521320034657623e-01
9.493333099999999831e+02 3.171411229704823587e-01
9.546666900000000169e+02 3.052967195335116179e-01
9.600000000000000000e+02 2.961668456733875798e-01
9.653333099999999831e+02 2.801901200215806687e-01
9.706666900000000169e+02 2.666336128446102349e-01
9.760000000000000000e+02 2.731623786969720191e-01
9.813333099999999831e+02 3.102052221142471145e-01
9.866666900000000169e+02 3.712453065543213082e-01
9.920000000000000000e+02 4.338615562128275149e-01
9.973333099999999831e+02 4.524021993453626322e-01
1.002666699999999992e+03 4.208881127886993645e-01
1.008000000000000000e+03 3.638702083251051933e-01
1.013333300000000008e+03 3.131189310122193259e-01
1.018666699999999992e+03 2.934994026556561608e-01
1.024000000000000000e+03 3.010562349159851547e-01
1.029333399999999983e+03 3.115989684081623690e-01
1.034666600000000017e+03 3.121703786483537857e-01
1.040000000000000000e+03 3.056442682966283297e-01
1.045333399999999983e+03 2.912156864862481265e-01
1.050666600000000017e+03 2.711569171824456670e-01
1.056000000000000000e+03 2.518844826338643150e-01
1.061333399999999983e+03 2.386840079492762168e-01
1.066666600000000017e+03 2.367265016903290220e-01
1.072000000000000000e+03 2.562366984019217586e-01
1.077333399999999983e+03 2.827703096161801044e-01
1.082666600000000017e+03 2.978727206839606456e-01
1.088000000000000000e+03 2.956438549372376046e-01
1.093333399999999983e+03 2.722064527387336175e-01
1.098666600000000017e+03 2.413757950247403250e-01
1.104000000000000000e+03 2.192412973958533517e-01
1.109333399999999983e+03 2.008326010099167058e-01
1.114666600000000017e+03 1.768153216407898631e-01
1.120000000000000000e+03 1.410056974768559845e-01
1.125333399999999983e+03 8.860797236214551509e-02
1.130666600000000017e+03 4.260394001517505552e-02
1.136000000000000000e+03 1.729716607540352294e-02
1.141333399999999983e+03 1.507325512618734945e-02
1.146666600000000017e+03 3.234262925678568767e-02
1.152000000000000000e+03 5.737797284103619139e-02
1.157333399999999983e+03 8.196374068774392452e-02
1.162666600000000017e+03 1.104526446077219726e-01
1.168000000000000000e+03 1.327749244968664255e-01
1.173333399999999983e+03 1.450110174001040253e-01
1.178666600000000017e+03 1.552371248288466343e-01
1.184000000000000000e+03 1.696249810999642949e-01
1.189333399999999983e+03 1.969242030688402589e-01
1.194666600000000017e+03 2.390800605293834924e-01
1.200000000000000000e+03 2.787652483057203034e-01
1.205333399999999983e+03 3.166851488860932817e-01
1.210666600000000017e+03 3.707577013410752187e-01
1.216000000000000000e+03 4.447595546464691019e-01
1.221333399999999983e+03 5.308957260737608985e-01
1.226666600000000017e+03 6.099355590511726932e-01
1.232000000000000000e+03 6.522827521558741681e-01
1.237333399999999983e+03 6.516567153850632010e-01
1.242666600000000017e+03 6.212896986314235814e-01
1.248000000000000000e+03 5.755926805972183535e-01
1.253333399999999983e+03 5.320668284294204353e-01
1.258666600000000017e+03 5.046891632766935532e-01
1.264000000000000000e+03 4.948402144315101614e-01
1.269333399999999983e+03 4.999816296471416011e-01
1.274666600000000017e+03 5.116582283005250975e-01
1.280000000000000000e+03 5.236250165682981850e-01
1.285333399999999983e+03 5.348602036413726557e-01
1.290666600000000017e+03 5.477976816509344538e-01
1.296000000000000000e+03 5.668532749347209299e-01
1.301333399999999983e+03 5.916924360156174956e-01
1.306666600000000017e+03 6.168388669343054520e-01
1.312000000000000000e+03 6.345530479159564585e-01
1.317333399999999983e+03 6.380716959017023182e-01
1.322666600000000017e+03 6.335275934361933592e-01
1.328000000000000000e+03 6.276239687136221379e-01
1.333333399999999983e+03 6.144989110915527464e-01
1.338666600000000017e+03 5.884163587451619604e-01
1.344000000000000000e+03 5.378664696250454735e-01
1.349333399999999983e+03 4.627043000537595652e-01
1.354666600000000017e+03 3.866770368908826194e-01
1.360000000000000000e+03 3.293520714682653949e-01
1.365333399999999983e+03 2.952299427529710418e-01
1.370666600000000017e+03 2.834170269302156431e-01
1.376000000000000000e+03 2.840994395259002769e-01
1.381333399999999983e+03 2.938121467665872344e-01
1.386666600000000017e+03 3.113912036623379120e-01
1.392000000000000000e+03 3.336887862605462107e-01
1.397333399999999983e+03 3.542463441533808544e-01
1.402666600000000017e+03 3.692945117944361200e-01
1.408000000000000000e+03 3.816432075049023820e-01
1.413333399999999983e+03 4.020037498364563144e-01
1.418666600000000017e+03 4.418854339537253151e-01
1.424000000000000000e+03 5.214089897187275113e-01
1.429333399999999983e+03 6.425259069392407207e-01
1.434666600000000017e+03 7.904425784020887580e-01
1.440000000000000000e+03 9.253379924739943974e-01
1.445333399999999983e+03 1.000000000000000000e+00
1.450666600000000017e+03 9.827920953048085995e-01
1.456000000000000000e+03 8.846792554198069647e-01
1.461333399999999983e+03 7.249602574994225002e-01
1.466666600000000017e+03 5.447875369552009905e-01
1.472000000000000000e+03 3.760302578228457704e-01
1.477333399999999983e+03 2.379898056794431671e-01
1.482666600000000017e+03 1.341722245475144848e-01
1.488000000000000000e+03 6.964543022343032408e-02
1.493333399999999983e+03 3.313437171257169189e-02
1.498666600000000017e+03 1.661439940752407196e-02
1.504000000000000000e+03 1.239230207547816799e-02
1.509333399999999983e+03 1.474462563335867879e-02
1.514666600000000017e+03 1.460022227668588031e-02
1.520000000000000000e+03 1.308631889298422779e-02
1.525333399999999983e+03 1.688674205163792283e-02
1.530666600000000017e+03 3.362356437687147315e-02
1.536000000000000000e+03 6.543311569603571520e-02
1.541333399999999983e+03 1.106785225511245918e-01
1.546666600000000017e+03 1.560855256354784504e-01
1.552000000000000000e+03 1.905580902595326032e-01
1.557333399999999983e+03 2.142361862285060425e-01
1.562666600000000017e+03 2.283966631379946988e-01
1.568000000000000000e+03 2.351385299547164021e-01
1.573333399999999983e+03 2.379126768846934470e-01
1.578666600000000017e+03 2.449273152277558208e-01
1.584000000000000000e+03 2.665838936256886837e-01
1.589333399999999983e+03 3.098175332505544444e-01
1.594666600000000017e+03 3.573509094563279143e-01
1.600000000000000000e+03 3.967630006090067663e-01
1.605333399999999983e+03 4.108724388242370185e-01
1.610666600000000017e+03 4.046226979860522155e-01
1.616000000000000000e+03 3.949460669867089213e-01
1.621333399999999983e+03 3.980007278970240092e-01
1.626666600000000017e+03 4.149043428610249551e-01
1.632000000000000000e+03 4.516647037153528332e-01
1.637333399999999983e+03 5.038426416987596967e-01
1.642666600000000017e+03 5.734563614388338282e-01
1.648000000000000000e+03 6.575689559198352185e-01
1.653333399999999983e+03 7.418397371429155118e-01
1.658666600000000017e+03 8.031637530913587897e-01
1.664000000000000000e+03 8.150010261959402813e-01
1.669333399999999983e+03 7.625263131758293067e-01
1.674666600000000017e+03 6.574791425639329168e-01
1.680000000000000000e+03 5.254815659384026727e-01
1.685333399999999983e+03 3.934579911533915286e-01
1.690666600000000017e+03 2.818349034092965111e-01
1.696000000000000000e+03 1.929855190598879222e-01
1.701333399999999983e+03 1.223282970495365996e-01
1.706666600000000017e+03 7.212166697180411035e-02
1.712000000000000000e+03 4.602488033987130189e-02
1.717333399999999983e+03 4.450135617156519841e-02
1.722666600000000017e+03 6.088884087820917862e-02
1.728000000000000000e+03 8.002224750061218139e-02
1.733333399999999983e+03 8.667641584880050876e-02
1.738666600000000017e+03 7.602468169628380512e-02
1.744000000000000000e+03 5.528641139690461392e-02
1.749333399999999983e+03 3.503791655480419098e-02
1.754666600000000017e+03 2.272338396233856972e-02
1.760000000000000000e+03 2.460499864417856411e-02
1.765333399999999983e+03 3.960555473799667187e-02
1.770666600000000017e+03 5.751730011060842557e-02
1.776000000000000000e+03 7.177414263897560764e-02
1.781333399999999983e+03 7.070492757664936789e-02
1.786666600000000017e+03 5.117801088888268568e-02
1.792000000000000000e+03 2.647762531756124235e-02
1.797333399999999983e+03 1.286869205239271965e-02
1.802666600000000017e+03 2.357221626821407248e-02
