6.080000000000000000e+02 1.062798675306401430e-01
6.133333099999999831e+02 1.162620158324875475e-01
6.186666900000000169e+02 1.068899502328939932e-01
6.240000000000000000e+02 8.482238762565533219e-02
6.293333099999999831e+02 5.698363343797128999e-02
6.346666900000000169e+02 2.916482959561558091e-02
6.400000000000000000e+02 1.069975639629633726e-02
6.453333099999999831e+02 7.832452875856463909e-04
6.506666900000000169e+02 0.000000000000000000e+00
6.560000000000000000e+02 1.200091333146477771e-02
6.613333099999999831e+02 2.928557294160424526e-02
6.666666900000000169e+02 4.728731200806067514e-02
6.720000000000000000e+02 7.139356753525050170e-02
6.773333099999999831e+02 9.091795548911058011e-02
6.826666900000000169e+02 1.092522083938243516e-01
6.880000000000000000e+02 1.266100303705256502e-01
6.933333099999999831e+02 1.366547850664626973e-01
6.986666900000000169e+02 1.408630193040937006e-01
7.040000000000000000e+02 1.493919539265634033e-01
7.093333099999999831e+02 1.572548624561384278e-01
7.146666900000000169e+02 1.675302085355877546e-01
7.200000000000000000e+02 1.682122964616694638e-01
7.253333099999999831e+02 1.546070664661720606e-01
7.306666900000000169e+02 1.283383491078587679e-01
7.360000000000000000e+02 1.060177199082498467e-01
7.413333099999999831e+02 9.492804393714587841e-02
7.466666900000000169e+02 9.703352182753474664e-02
7.520000000000000000e+02 1.041573631394264454e-01
7.573333099999999831e+02 1.123431810803902919e-01
7.626666900000000169e+02 1.164891406166514154e-01
7.680000000000000000e+02 1.255885307915033389e-01
7.733333099999999831e+02 1.394984339580968014e-01
7.786666900000000169e+02 1.558672545365731021e-01
7.840000000000000000e+02 1.772581139712847420e-01
7.893333099999999831e+02 2.059547065986967462e-01
7.946666900000000169e+02 2.435674266178602942e-01
8.000000000000000000e+02 2.921320254749779632e-01
8.053333099999999831e+02 3.392183992155804462e-01
8.106666900000000169e+02 3.701628366421660377e-01
8.160000000000000000e+02 3.795559766197137419e-01
8.213333099999999831e+02 3.762874674906641626e-01
8.266666900000000169e+02 3.792375694584582124e-01
8.320000000000000000e+02 4.024317420780041399e-01
8.373333099999999831e+02 4.406009210373773577e-01
8.426666900000000169e+02 4.753266796798126248e-01
8.480000000000000000e+02 4.881084025127230830e-01
8.533333099999999831e+02 4.778431989276756831e-01
8.586666900000000169e+02 4.561869266104153220e-01
8.640000000000000000e+02 4.328004010159616222e-01
8.693333099999999831e+02 4.114050517716932309e-01
8.746666900000000169e+02 3.905809768274257632e-01
8.800000000000000000e+02 3.680115068556223390e-01
8.853333099999999831e+02 3.486317085615825984e-01
8.906666900000000169e+02 3.414766820801037883e-01
8.960000000000000000e+02 3.479603020132160385e-01
9.013333099999999831e+02 3.684173188212214733e-01
9.066666900000000169e+02 3.960807434044539277e-01
9.120000000000000000e+02 4.226731451057757494e-01
9.173333099999999831e+02 4.415877002115585204e-01
9.226666900000000169e+02 4.481893026311000727e-01
9.280000000000000000e+02 4.384315917056665901e-01
9.333333099999999831e+02 4.140607445684550414e-01
9.386666900000000169e+02 3.839263329590585361e-01
9.440000000000000000e+02 3.577858501375593137e-01
9.493333099999999831e+02 3.441872598804151528e-01
9.546666900000000169e+02 3.432041537115754770e-01
9.600000000000000000e+02 3.433839148783077722e-01
9.653333099999999831e+02 3.320185862289188883e-01
9.706666900000000169e+02 3.163839278343628658e-01
9.760000000000000000e+02 3.189494365794625086e-01
9.813333099999999831e+02 3.550951587012468602e-01
9.866666900000000169e+02 4.160247564511351248e-01
9.920000000000000000e+02 4.653961805885690195e-01
9.973333099999999831e+02 4.680702374396275012e-01
1.002666699999999992e+03 4.223923772442669256e-01
1.008000000000000000e+03 3.696395464408000486e-01
1.013333300000000008e+03 3.412179568517022532e-01
1.018666699999999992e+03 3.428093105038877431e-01
1.024000000000000000e+03 3.561980660310689606e-01
1.029333399999999983e+03 3.576852301228187203e-01
1.034666600000000017e+03 3.417092849892537365e-01
1.040000000000000000e+03 3.177797625252564151e-01
1.045333399999999983e+03 2.922749634840836608e-01
1.050666600000000017e+03 2.684466878309942350e-01
1.056000000000000000e+03 2.515324913349547553e-01
1.061333399999999983e+03 2.421431273885635282e-01
1.066666600000000017e+03 2.478447423492552981e-01
1.072000000000000000e+03 2.653790851117317495e-01
1.077333399999999983e+03 2.910506898011447352e-01
1.082666600000000017e+03 3.113572247073151944e-01
1.088000000000000000e+03 3.133082379613532642e-01
1.093333399999999983e+03 2.894646216444339282e-01
1.098666600000000017e+03 2.453749249105469654e-01
1.104000000000000000e+03 1.975088236033847866e-01
1.109333399999999983e+03 1.618417181847782438e-01
1.114666600000000017e+03 1.361124784668674703e-01
1.120000000000000000e+03 1.082085653105599732e-01
1.125333399999999983e+03 7.429987098208577778e-02
1.130666600000000017e+03 3.560138493860154352e-02
1.136000000000000000e+03 1.128831990463422669e-02
1.141333399999999983e+03 1.514813834779831295e-02
1.146666600000000017e+03 4.370919494806323885e-02
1.152000000000000000e+03 8.279839307086231392e-02
1.157333399999999983e+03 1.207798288259734065e-01
1.162666600000000017e+03 1.474154850042779519e-01
1.168000000000000000e+03 1.684358140613608779e-01
1.173333399999999983e+03 1.921658359363271340e-01
1.178666600000000017e+03 2.195894175345299848e-01
1.184000000000000000e+03 2.503637100610481281e-01
1.189333399999999983e+03 2.798943562078133884e-01
1.194666600000000017e+03 3.052167233462136364e-01
1.200000000000000000e+03 3.312904778679067186e-01
1.205333399999999983e+03 3.669381762281324066e-01
1.210666600000000017e+03 4.217049700000582990e-01
1.216000000000000000e+03 4.999270381785481110e-01
1.221333399999999983e+03 5.867133961272922305e-01
1.226666600000000017e+03 6.602518063889015743e-01
1.232000000000000000e+03 7.050491176232519530e-01
1.237333399999999983e+03 7.104090742218239773e-01
1.242666600000000017e+03 6.930502962601515771e-01
1.248000000000000000e+03 6.732776708030061563e-01
1.253333399999999983e+03 6.577891645859077485e-01
1.258666600000000017e+03 6.431451384956649031e-01
1.264000000000000000e+03 6.287932088552258270e-01
1.269333399999999983e+03 6.028328051233787788e-01
1.274666600000000017e+03 5.762073221391518230e-01
1.280000000000000000e+03 5.568321356822641954e-01
1.285333399999999983e+03 5.497691752307675150e-01
1.290666600000000017e+03 5.545369531382702277e-01
1.296000000000000000e+03 5.680620189361228478e-01
1.301333399999999983e+03 5.833127716226057524e-01
1.306666600000000017e+03 5.995173498893866526e-01
1.312000000000000000e+03 6.140184804727947254e-01
1.317333399999999983e+03 6.274827806637041094e-01
1.322666600000000017e+03 6.324645768586421024e-01
1.328000000000000000e+03 6.146521714553779825e-01
1.333333399999999983e+03 5.733270171946522886e-01
1.338666600000000017e+03 5.143065329896253646e-01
1.344000000000000000e+03 4.469662966658262682e-01
1.349333399999999983e+03 3.872474957192856282e-01
1.354666600000000017e+03 3.417689051463354000e-01
1.360000000000000000e+03 3.053778461171457459e-01
1.365333399999999983e+03 2.788635985724031707e-01
1.370666600000000017e+03 2.656835902182646536e-01
1.376000000000000000e+03 2.630040690357653421e-01
1.381333399999999983e+03 2.770571606920270158e-01
1.386666600000000017e+03 3.099751544906674816e-01
1.392000000000000000e+03 3.535523756595629896e-01
1.397333399999999983e+03 4.000548952387699142e-01
1.402666600000000017e+03 4.412472548564787544e-01
1.408000000000000000e+03 4.666893674521592761e-01
1.413333399999999983e+03 4.896187626960448180e-01
1.418666600000000017e+03 5.367950253492770329e-01
1.424000000000000000e+03 6.223953939631251542e-01
1.429333399999999983e+03 7.495962521170093096e-01
1.434666600000000017e+03 8.872535950695585871e-01
1.440000000000000000e+03 9.804830241289848036e-01
1.445333399999999983e+03 1.000000000000000000e+00
1.450666600000000017e+03 9.456729718946226271e-01
1.456000000000000000e+03 8.316311065783857925e-01
1.461333399999999983e+03 6.882456896314268491e-01
1.466666600000000017e+03 5.393818380713089056e-01
1.472000000000000000e+03 3.979639580230210361e-01
1.477333399999999983e+03 2.773764938562377491e-01
1.482666600000000017e+03 1.835294353107157217e-01
1.488000000000000000e+03 1.166492418503363993e-01
1.493333399999999983e+03 6.375647876531348457e-02
1.498666600000000017e+03 2.895830477563008515e-02
1.504000000000000000e+03 1.863590860588293374e-02
1.509333399999999983e+03 2.641741259132797739e-02
1.514666600000000017e+03 4.315894512963646540e-02
1.520000000000000000e+03 6.307335002402975066e-02
1.525333399999999983e+03 7.337792622467811943e-02
1.530666600000000017e+03 8.226265201259114201e-02
1.536000000000000000e+03 1.007772034887930157e-01
1.541333399999999983e+03 1.298052033825530249e-01
1.546666600000000017e+03 1.667129963276211269e-01
1.552000000000000000e+03 2.029698117856641171e-01
1.557333399999999983e+03 2.262692664500763340e-01
1.562666600000000017e+03 2.337949291710395838e-01
1.568000000000000000e+03 2.311792285490470167e-01
1.573333399999999983e+03 2.329798562786677685e-01
1.578666600000000017e+03 2.464117215312871256e-01
1.584000000000000000e+03 2.679908927642301597e-01
1.589333399999999983e+03 2.926238982397273980e-01
1.594666600000000017e+03 3.153915225943557110e-01
1.600000000000000000e+03 3.362552805331633921e-01
1.605333399999999983e+03 3.579612892897774956e-01
1.610666600000000017e+03 3.834773747316903569e-01
1.616000000000000000e+03 4.147047644379062703e-01
1.621333399999999983e+03 4.523625412868962359e-01
1.626666600000000017e+03 4.949418057625868395e-01
1.632000000000000000e+03 5.477276553429495376e-01
1.637333399999999983e+03 6.089617240551872257e-01
1.642666600000000017e+03 6.819263107522175460e-01
1.648000000000000000e+03 7.583448515593574912e-01
1.653333399999999983e+03 8.194229579336956837e-01
1.658666600000000017e+03 8.479581204115136384e-01
1.664000000000000000e+03 8.368586159277831005e-01
1.669333399999999983e+03 7.840942844759450914e-01
1.674666600000000017e+03 6.962339853139385415e-01
1.680000000000000000e+03 5.811520316728383539e-01
1.685333399999999983e+03 4.524068470186544122e-01
1.690666600000000017e+03 3.220012990036670852e-01
1.696000000000000000e+03 2.051636724197344053e-01
1.701333399999999983e+03 1.158787690589865582e-01
1.706666600000000017e+03 5.717981955411928496e-02
1.712000000000000000e+03 2.484879331394765356e-02
1.717333399999999983e+03 1.300702661237621016e-02
1.722666600000000017e+03 1.253690715488129867e-02
1.728000000000000000e+03 2.442067664652029096e-02
1.733333399999999983e+03 5.028027717220145965e-02
1.738666600000000017e+03 7.955344169470399129e-02
1.744000000000000000e+03 9.921625094773173226e-02
1.749333399999999983e+03 9.640291243042228841e-02
1.754666600000000017e+03 7.047680006800080554e-02
1.760000000000000000e+03 4.012262101584841700e-02
1.765333399999999983e+03 2.095219536744507074e-02
1.770666600000000017e+03 1.557369283708527792e-02
1.776000000000000000e+03 2.364382867849063388e-02
1.781333399999999983e+03 3.262577833023108664e-02
1.786666600000000017e+03 3.407652957320827375e-02
1.792000000000000000e+03 3.068228070382076136e-02
1.797333399999999983e+03 2.301399648435582812e-02
1.802666600000000017e+03 1.121509014414634464e-02
