6.080000000000000000e+02 1.061540247550843141e-01
6.133333099999999831e+02 8.753900672930550741e-02
6.186666900000000169e+02 6.528361628015545703e-02
6.240000000000000000e+02 4.311042736380921170e-02
6.293333099999999831e+02 2.600085387466653797e-02
6.346666900000000169e+02 1.834831378938475352e-02
6.400000000000000000e+02 1.271623228145857439e-02
6.453333099999999831e+02 6.134457207647017046e-03
6.506666900000000169e+02 1.308117106898262078e-03
6.560000000000000000e+02 0.000000000000000000e+00
6.613333099999999831e+02 8.461937697590425633e-03
6.666666900000000169e+02 3.151506642740343339e-02
6.720000000000000000e+02 5.915997822027924818e-02
6.773333099999999831e+02 8.901309675415952638e-02
6.826666900000000169e+02 1.214719144399946105e-01
6.880000000000000000e+02 1.490209272273610996e-01
6.933333099999999831e+02 1.670705465059219852e-01
6.986666900000000169e+02 1.743120714911668978e-01
7.040000000000000000e+02 1.721057765823040819e-01
7.093333099999999831e+02 1.661940273494592613e-01
7.146666900000000169e+02 1.597942776234951290e-01
7.200000000000000000e+02 1.486715532603669065e-01
7.253333099999999831e+02 1.367242753102702324e-01
7.306666900000000169e+02 1.256563359397071533e-01
7.360000000000000000e+02 1.230303053548691128e-01
7.413333099999999831e+02 1.311537543718314658e-01
7.466666900000000169e+02 1.405530389930476076e-01
7.520000000000000000e+02 1.404395483578534665e-01
7.573333099999999831e+02 1.331673669303492236e-01
7.626666900000000169e+02 1.193927716946625583e-01
7.680000000000000000e+02 1.170139929379825638e-01
7.733333099999999831e+02 1.333094525254018281e-01
7.786666900000000169e+02 1.643386377217952166e-01
7.840000000000000000e+02 2.028796151968783323e-01
7.893333099999999831e+02 2.440288058711423957e-01
7.946666900000000169e+02 2.799782833804644322e-01
8.000000000000000000e+02 3.170376059681728198e-01
8.053333099999999831e+02 3.481481621743955923e-01
8.106666900000000169e+02 3.661836048009820543e-01
8.160000000000000000e+02 3.689184109629229935e-01
8.213333099999999831e+02 3.658874686397471376e-01
8.266666900000000169e+02 3.657353706802660143e-01
8.320000000000000000e+02 3.809196373857728357e-01
8.373333099999999831e+02 4.110552120694928591e-01
8.426666900000000169e+02 4.424420823131124392e-01
8.480000000000000000e+02 4.628999993613468478e-01
8.533333099999999831e+02 4.748321868144878555e-01
8.586666900000000169e+02 4.747646475342444106e-01
8.640000000000000000e+02 4.643160105758853406e-01
8.693333099999999831e+02 4.439574703782563359e-01
8.746666900000000169e+02 4.124451917177698324e-01
8.800000000000000000e+02 3.749628524536754992e-01
8.853333099999999831e+02 3.473189454899602291e-01
8.906666900000000169e+02 3.377180648716390232e-01
8.960000000000000000e+02 3.508079576245615172e-01
9.013333099999999831e+02 3.786668212946973089e-01
9.066666900000000169e+02 4.106859100282049257e-01
9.120000000000000000e+02 4.343715559521226788e-01
9.173333099999999831e+02 4.427722062843755246e-01
9.226666900000000169e+02 4.332463629387026671e-01
9.280000000000000000e+02 4.117024993232362151e-01
9.333333099999999831e+02 3.842273574460824959e-01
9.386666900000000169e+02 3.600079774607000682e-01
9.440000000000000000e+02 3.460646398404196855e-01
9.493333099999999831e+02 3.394168915816723198e-01
9.546666900000000169e+02 3.288710868462020320e-01
9.600000000000000000e+02 3.075799442201486156e-01
9.653333099999999831e+02 2.784000142875078243e-01
9.706666900000000169e+02 2.579769580050613187e-01
9.760000000000000000e+02 2.755456246890943262e-01
9.813333099999999831e+02 3.339757868627740711e-01
9.866666900000000169e+02 4.085008345332125090e-01
9.920000000000000000e+02 4.597778661073729234e-01
9.973333099999999831e+02 4.570915351819526684e-01
1.002666699999999992e+03 4.064624192713477413e-01
1.008000000000000000e+03 3.580978045179561420e-01
1.013333300000000008e+03 3.381786681760025060e-01
1.018666699999999992e+03 3.482102983286606279e-01
1.024000000000000000e+03 3.664535735562306495e-01
1.029333399999999983e+03 3.704901027229763888e-01
1.034666600000000017e+03 3.507869605071755048e-01
1.040000000000000000e+03 3.234320388575190330e-01
1.045333399999999983e+03 2.921717144638288910e-01
1.050666600000000017e+03 2.633168749206210579e-01
1.056000000000000000e+03 2.425143057048346484e-01
1.061333399999999983e+03 2.377040938603209030e-01
1.066666600000000017e+03 2.416138295174868889e-01
1.072000000000000000e+03 2.548917712807037828e-01
1.077333399999999983e+03 2.678248936379873379e-01
1.082666600000000017e+03 2.754080217306748568e-01
1.088000000000000000e+03 2.747562701231599513e-01
1.093333399999999983e+03 2.587967555342635118e-01
1.098666600000000017e+03 2.222609731396814337e-01
1.104000000000000000e+03 1.752470582585408942e-01
1.109333399999999983e+03 1.227052627222652847e-01
1.114666600000000017e+03 7.220891253014330435e-02
1.120000000000000000e+03 3.472672513438525982e-02
1.125333399999999983e+03 1.290797157484324664e-02
1.130666600000000017e+03 9.211559201174009115e-03
1.136000000000000000e+03 2.221723213232991781e-02
1.141333399999999983e+03 4.378058609310896132e-02
1.146666600000000017e+03 6.469141834763450505e-02
1.152000000000000000e+03 8.423727631073593680e-02
1.157333399999999983e+03 1.005636142820882095e-01
1.162666600000000017e+03 1.130667786088856708e-01
1.168000000000000000e+03 1.235424211339515577e-01
1.173333399999999983e+03 1.385279169195293703e-01
1.178666600000000017e+03 1.670975482408744162e-01
1.184000000000000000e+03 2.105519533289612333e-01
1.189333399999999983e+03 2.590485642111406417e-01
1.194666600000000017e+03 3.013138720986162644e-01
1.200000000000000000e+03 3.295560890423873124e-01
1.205333399999999983e+03 3.506589317726286348e-01
1.210666600000000017e+03 3.855045395353231541e-01
1.216000000000000000e+03 4.477561339174177535e-01
1.221333399999999983e+03 5.374447953666376954e-01
1.226666600000000017e+03 6.365939930550656989e-01
1.232000000000000000e+03 7.139952457510916339e-01
1.237333399999999983e+03 7.460196598467185858e-01
1.242666600000000017e+03 7.279702955003756193e-01
1.248000000000000000e+03 6.845062895764510991e-01
1.253333399999999983e+03 6.411598686624426779e-01
1.258666600000000017e+03 6.088759164725119355e-01
1.264000000000000000e+03 5.906904510334600733e-01
1.269333399999999983e+03 5.779463005933372921e-01
1.274666600000000017e+03 5.571981274344611768e-01
1.280000000000000000e+03 5.435108936377304190e-01
1.285333399999999983e+03 5.425943386905859311e-01
1.290666600000000017e+03 5.554181452749500369e-01
1.296000000000000000e+03 5.825013340540284856e-01
1.301333399999999983e+03 6.103976055518972599e-01
1.306666600000000017e+03 6.268866291794020773e-01
1.312000000000000000e+03 6.357040282745679560e-01
1.317333399999999983e+03 6.346235941963926930e-01
1.322666600000000017e+03 6.297348032540293072e-01
1.328000000000000000e+03 6.161529904621086962e-01
1.333333399999999983e+03 5.845272275895528891e-01
1.338666600000000017e+03 5.354051051109532944e-01
1.344000000000000000e+03 4.735548369818290415e-01
1.349333399999999983e+03 4.061757036590779024e-01
1.354666600000000017e+03 3.526156036919772530e-01
1.360000000000000000e+03 3.174906031189130284e-01
1.365333399999999983e+03 3.053231531150351064e-01
1.370666600000000017e+03 3.139650894839795536e-01
1.376000000000000000e+03 3.339141312055698418e-01
1.381333399999999983e+03 3.611110769730990766e-01
1.386666600000000017e+03 3.930454939821306781e-01
1.392000000000000000e+03 4.227684116596351904e-01
1.397333399999999983e+03 4.482443570353695228e-01
1.402666600000000017e+03 4.664277403513839571e-01
1.408000000000000000e+03 4.749660696362945633e-01
1.413333399999999983e+03 4.939867507306341388e-01
1.418666600000000017e+03 5.453300372881502156e-01
1.424000000000000000e+03 6.350932327644269737e-01
1.429333399999999983e+03 7.578066804871512741e-01
1.434666600000000017e+03 8.861511164722035705e-01
1.440000000000000000e+03 9.745302479000106377e-01
1.445333399999999983e+03 1.000000000000000000e+00
1.450666600000000017e+03 9.550459744641454085e-01
1.456000000000000000e+03 8.441450127604858134e-01
1.461333399999999983e+03 6.970102421054327202e-01
1.466666600000000017e+03 5.392398578735747572e-01
1.472000000000000000e+03 3.874861681131295255e-01
1.477333399999999983e+03 2.552510907567513976e-01
1.482666600000000017e+03 1.469626414234439238e-01
1.488000000000000000e+03 6.539798332492954835e-02
1.493333399999999983e+03 1.874070839020856513e-02
1.498666600000000017e+03 1.040553566341781248e-02
1.504000000000000000e+03 3.183555116555646103e-02
1.509333399999999983e+03 6.529195264616896588e-02
1.514666600000000017e+03 9.686992545197764537e-02
1.520000000000000000e+03 1.184684306870565917e-01
1.525333399999999983e+03 1.327345541635830128e-01
1.530666600000000017e+03 1.478301612445559188e-01
1.536000000000000000e+03 1.672605493783984321e-01
1.541333399999999983e+03 1.866674594279168486e-01
1.546666600000000017e+03 2.059660191359536929e-01
1.552000000000000000e+03 2.213703331665506091e-01
1.557333399999999983e+03 2.309901493469480871e-01
1.562666600000000017e+03 2.361006618110193800e-01
1.568000000000000000e+03 2.381280521254375837e-01
1.573333399999999983e+03 2.385181078577871261e-01
1.578666600000000017e+03 2.459299678911181508e-01
1.584000000000000000e+03 2.621141847640055533e-01
1.589333399999999983e+03 2.882346422901048144e-01
1.594666600000000017e+03 3.239373344829601375e-01
1.600000000000000000e+03 3.596689811904976164e-01
1.605333399999999983e+03 3.894333116603858058e-01
1.610666600000000017e+03 4.153982967171425678e-01
1.616000000000000000e+03 4.361486118144838886e-01
1.621333399999999983e+03 4.641226550395531336e-01
1.626666600000000017e+03 5.056560222270806149e-01
1.632000000000000000e+03 5.615978307168483230e-01
1.637333399999999983e+03 6.321104443114945459e-01
1.642666600000000017e+03 7.153049183821391654e-01
1.648000000000000000e+03 7.901715379059053301e-01
1.653333399999999983e+03 8.487809797029806091e-01
1.658666600000000017e+03 8.749237424156789400e-01
1.664000000000000000e+03 8.550696500661963961e-01
1.669333399999999983e+03 7.936237410415913907e-01
1.674666600000000017e+03 7.029022589491216166e-01
1.680000000000000000e+03 5.896002042050128011e-01
1.685333399999999983e+03 4.705558119606992329e-01
1.690666600000000017e+03 3.558374677807591979e-01
1.696000000000000000e+03 2.512367387739630753e-01
1.701333399999999983e+03 1.659455708436267107e-01
1.706666600000000017e+03 1.028711950505347417e-01
1.712000000000000000e+03 6.002719182995292641e-02
1.717333399999999983e+03 3.310543581783220030e-02
1.722666600000000017e+03 1.968174504668326885e-02
1.728000000000000000e+03 2.057832082409512958e-02
1.733333399999999983e+03 3.210107714347597979e-02
1.738666600000000017e+03 4.776345578591546792e-02
1.744000000000000000e+03 6.180564273960883342e-02
1.749333399999999983e+03 6.615353364024138816e-02
1.754666600000000017e+03 6.115481377674050062e-02
1.760000000000000000e+03 5.382309107795729686e-02
1.765333399999999983e+03 4.837302847220296964e-02
1.770666600000000017e+03 4.981410244962301836e-02
1.776000000000000000e+03 6.010000566421699192e-02
1.781333399999999983e+03 6.787058349836841420e-02
1.786666600000000017e+03 6.548562813616717881e-02
1.792000000000000000e+03 5.305601188405143637e-02
1.797333399999999983e+03 3.255047020634919269e-02
1.802666600000000017e+03 4.681066331590294505e-03
