6.080000000000000000e+02 1.645301084566817007e-01
6.133333099999999831e+02 1.425394160093064189e-01
6.186666900000000169e+02 1.228222902185369947e-01
6.240000000000000000e+02 1.039714112730017043e-01
6.293333099999999831e+02 8.542807942525083853e-02
6.346666900000000169e+02 6.100455537786440147e-02
6.400000000000000000e+02 3.314711365021964784e-02
6.453333099999999831e+02 1.263443090161687696e-02
6.506666900000000169e+02 1.597487083121571991e-03
6.560000000000000000e+02 0.000000000000000000e+00
6.613333099999999831e+02 1.017343478909552013e-02
6.666666900000000169e+02 2.918286574373829545e-02
6.720000000000000000e+02 5.592764126350729947e-02
6.773333099999999831e+02 9.268809161792501694e-02
6.826666900000000169e+02 1.353396415209327519e-01
6.880000000000000000e+02 1.741415802414769676e-01
6.933333099999999831e+02 2.014013153249938903e-01
6.986666900000000169e+02 2.135590571637935864e-01
7.040000000000000000e+02 2.117021017704964203e-01
7.093333099999999831e+02 1.970059720184289542e-01
7.146666900000000169e+02 1.766149022304210892e-01
7.200000000000000000e+02 1.544111757686339459e-01
7.253333099999999831e+02 1.331514648721079386e-01
7.306666900000000169e+02 1.205045884465794082e-01
7.360000000000000000e+02 1.103705136298817197e-01
7.413333099999999831e+02 9.616179184924680823e-02
7.466666900000000169e+02 8.053055246452622828e-02
7.520000000000000000e+02 6.565967194466647283e-02
7.573333099999999831e+02 4.989120128245360525e-02
7.626666900000000169e+02 4.874140486653210508e-02
7.680000000000000000e+02 5.379224175843815015e-02
7.733333099999999831e+02 6.763654902227139720e-02
7.786666900000000169e+02 9.987125919540276731e-02
7.840000000000000000e+02 1.435821033178076300e-01
7.893333099999999831e+02 1.817386306248512939e-01
7.946666900000000169e+02 2.152959972152699297e-01
8.000000000000000000e+02 2.370039145619740606e-01
8.053333099999999831e+02 2.528439963182990136e-01
8.106666900000000169e+02 2.803137695826832809e-01
8.160000000000000000e+02 3.118434586396962027e-01
8.213333099999999831e+02 3.346692228725527962e-01
8.266666900000000169e+02 3.475407290692914541e-01
8.320000000000000000e+02 3.541746659339322645e-01
8.373333099999999831e+02 3.587539604869134369e-01
8.426666900000000169e+02 3.623804464329443142e-01
8.480000000000000000e+02 3.501894403612955120e-01
8.533333099999999831e+02 3.204968451370496241e-01
8.586666900000000169e+02 2.812527419219246205e-01
8.640000000000000000e+02 2.523687808150314460e-01
8.693333099999999831e+02 2.421328809133330706e-01
8.746666900000000169e+02 2.460614964380488656e-01
8.800000000000000000e+02 2.417006662306359632e-01
8.853333099999999831e+02 2.277719606998073187e-01
8.906666900000000169e+02 2.090580031103972947e-01
8.960000000000000000e+02 2.011211661362807268e-01
9.013333099999999831e+02 2.080017805940030384e-01
9.066666900000000169e+02 2.340949993459957579e-01
9.120000000000000000e+02 2.537789781872771822e-01
9.173333099999999831e+02 2.581146645688165431e-01
9.226666900000000169e+02 2.453327719504980742e-01
9.280000000000000000e+02 2.228571972585926542e-01
9.333333099999999831e+02 1.984708860608739300e-01
9.386666900000000169e+02 1.885367107774413853e-01
9.440000000000000000e+02 1.912655912710243267e-01
9.493333099999999831e+02 1.993385580975809424e-01
9.546666900000000169e+02 2.044830062927581737e-01
9.600000000000000000e+02 2.008473383882430352e-01
9.653333099999999831e+02 1.822056054138778136e-01
9.706666900000000169e+02 1.666387298358666391e-01
9.760000000000000000e+02 1.854861671171340598e-01
9.813333099999999831e+02 2.553530402980698222e-01
9.866666900000000169e+02 3.682827775779818902e-01
9.920000000000000000e+02 4.894301981379488020e-01
9.973333099999999831e+02 5.603612810545152145e-01
1.002666699999999992e+03 5.505752778778464362e-01
1.008000000000000000e+03 4.737104743733538403e-01
1.013333300000000008e+03 3.710677244327465485e-01
1.018666699999999992e+03 2.823943131289218811e-01
1.024000000000000000e+03 2.303652109142649840e-01
1.029333399999999983e+03 2.038792507735094350e-01
1.034666600000000017e+03 1.793573150170366115e-01
1.040000000000000000e+03 1.486445494606812301e-01
1.045333399999999983e+03 1.114442683580317145e-01
1.050666600000000017e+03 7.432891369708434504e-02
1.056000000000000000e+03 6.021039361113963984e-02
1.061333399999999983e+03 7.909583593142736901e-02
1.066666600000000017e+03 1.211988626901633337e-01
1.072000000000000000e+03 1.770766840572201017e-01
1.077333399999999983e+03 2.192112469193236990e-01
1.082666600000000017e+03 2.280731772515648403e-01
1.088000000000000000e+03 2.156989409750133535e-01
1.093333399999999983e+03 1.934408476936815835e-01
1.098666600000000017e+03 1.659547137187879495e-01
1.104000000000000000e+03 1.501834212883366715e-01
1.109333399999999983e+03 1.452062815330176226e-01
1.114666600000000017e+03 1.399649618861527056e-01
1.120000000000000000e+03 1.272737992112672467e-01
1.125333399999999983e+03 9.957891443772766416e-02
1.130666600000000017e+03 5.705349138928568486e-02
1.136000000000000000e+03 2.429548849637125363e-02
1.141333399999999983e+03 1.415753096135665724e-02
1.146666600000000017e+03 2.500976574619165338e-02
1.152000000000000000e+03 4.557436188437394287e-02
1.157333399999999983e+03 6.897701723324203837e-02
1.162666600000000017e+03 8.691039889207394231e-02
1.168000000000000000e+03 1.036797429288683486e-01
1.173333399999999983e+03 1.136897035048428511e-01
1.178666600000000017e+03 1.221871256430512864e-01
1.184000000000000000e+03 1.319846620187715702e-01
1.189333399999999983e+03 1.569156052618185249e-01
1.194666600000000017e+03 1.941776198501270478e-01
1.200000000000000000e+03 2.428979252293322899e-01
1.205333399999999983e+03 2.900118054540370971e-01
1.210666600000000017e+03 3.371963834903785040e-01
1.216000000000000000e+03 3.794049737836934777e-01
1.221333399999999983e+03 4.224308438553577294e-01
1.226666600000000017e+03 4.546859762753105438e-01
1.232000000000000000e+03 4.710252020423782437e-01
1.237333399999999983e+03 4.661120104603767023e-01
1.242666600000000017e+03 4.483872255712345045e-01
1.248000000000000000e+03 4.252141230555950835e-01
1.253333399999999983e+03 4.129756231455833371e-01
1.258666600000000017e+03 4.052105495464292662e-01
1.264000000000000000e+03 3.985210874974490225e-01
1.269333399999999983e+03 3.957483683008871100e-01
1.274666600000000017e+03 4.020658647806148456e-01
1.280000000000000000e+03 4.188342254382444452e-01
1.285333399999999983e+03 4.554458165591003249e-01
1.290666600000000017e+03 5.038561843795243966e-01
1.296000000000000000e+03 5.554463983189104059e-01
1.301333399999999983e+03 6.062697649416183276e-01
1.306666600000000017e+03 6.446754754080848970e-01
1.312000000000000000e+03 6.638155480849249335e-01
1.317333399999999983e+03 6.671098812827256364e-01
1.322666600000000017e+03 6.603199631404068626e-01
1.328000000000000000e+03 6.484470363276743088e-01
1.333333399999999983e+03 6.199377836601709379e-01
1.338666600000000017e+03 5.603421419749043952e-01
1.344000000000000000e+03 4.781141272317363522e-01
1.349333399999999983e+03 3.944127024469965548e-01
1.354666600000000017e+03 3.333152802733122533e-01
1.360000000000000000e+03 3.093714470606893086e-01
1.365333399999999983e+03 3.056358019764104372e-01
1.370666600000000017e+03 3.022813499874307253e-01
1.376000000000000000e+03 2.933689358663463809e-01
1.381333399999999983e+03 2.885029840024039838e-01
1.386666600000000017e+03 2.947950891105416416e-01
1.392000000000000000e+03 3.156107803264028289e-01
1.397333399999999983e+03 3.480871276328999508e-01
1.402666600000000017e+03 3.864517182131504969e-01
1.408000000000000000e+03 4.291369413677841305e-01
1.413333399999999983e+03 4.822363023065777687e-01
1.418666600000000017e+03 5.477369524055616390e-01
1.424000000000000000e+03 6.345886784408801828e-01
1.429333399999999983e+03 7.403932856306900678e-01
1.434666600000000017e+03 8.539283584117288717e-01
1.440000000000000000e+03 9.519101818211982424e-01
1.445333399999999983e+03 1.000000000000000000e+00
1.450666600000000017e+03 9.712607308238804249e-01
1.456000000000000000e+03 8.738989198995468222e-01
1.461333399999999983e+03 7.221965679464629195e-01
1.466666600000000017e+03 5.516596494006974494e-01
1.472000000000000000e+03 3.870907706791786307e-01
1.477333399999999983e+03 2.409825050739471952e-01
1.482666600000000017e+03 1.250985113996711529e-01
1.488000000000000000e+03 5.081904376859537609e-02
1.493333399999999983e+03 1.532140393816884376e-02
1.498666600000000017e+03 1.045987488305695143e-02
1.504000000000000000e+03 1.785157284434524955e-02
1.509333399999999983e+03 2.682090821730641339e-02
1.514666600000000017e+03 4.041447928443831633e-02
1.520000000000000000e+03 6.237819561517009975e-02
1.525333399999999983e+03 9.138428664348428876e-02
1.530666600000000017e+03 1.241574363689380983e-01
1.536000000000000000e+03 1.595929038007686818e-01
1.541333399999999983e+03 1.948438475770515876e-01
1.546666600000000017e+03 2.279719307924217842e-01
1.552000000000000000e+03 2.572874815867901566e-01
1.557333399999999983e+03 2.767144768597079585e-01
1.562666600000000017e+03 2.968258024127379824e-01
1.568000000000000000e+03 3.232677303506340527e-01
1.573333399999999983e+03 3.560202046174735235e-01
1.578666600000000017e+03 3.905788577055711586e-01
1.584000000000000000e+03 4.238978737859478430e-01
1.589333399999999983e+03 4.460111782894409793e-01
1.594666600000000017e+03 4.641713949532012551e-01
1.600000000000000000e+03 4.681282886333720805e-01
1.605333399999999983e+03 4.604495254205306920e-01
1.610666600000000017e+03 4.460149338854722534e-01
1.616000000000000000e+03 4.358472018340927567e-01
1.621333399999999983e+03 4.336595420741684026e-01
1.626666600000000017e+03 4.499997737442752999e-01
1.632000000000000000e+03 4.798350009743513334e-01
1.637333399999999983e+03 5.284624896403683492e-01
1.642666600000000017e+03 5.970476592990384690e-01
1.648000000000000000e+03 6.804367215340679786e-01
1.653333399999999983e+03 7.559025119292862582e-01
1.658666600000000017e+03 7.970433406925632180e-01
1.664000000000000000e+03 7.844246138849907402e-01
1.669333399999999983e+03 7.168235640361420025e-01
1.674666600000000017e+03 6.089344252526172063e-01
1.680000000000000000e+03 4.842646705419204056e-01
1.685333399999999983e+03 3.604199977011711686e-01
1.690666600000000017e+03 2.498168224324481268e-01
1.696000000000000000e+03 1.646248470090316274e-01
1.701333399999999983e+03 1.083703440108707144e-01
1.706666600000000017e+03 7.492363330069604088e-02
1.712000000000000000e+03 5.532989622940936297e-02
1.717333399999999983e+03 4.400110436428615601e-02
1.722666600000000017e+03 4.099060329107620526e-02
1.728000000000000000e+03 4.995173392535832285e-02
1.733333399999999983e+03 6.886043141136716228e-02
1.738666600000000017e+03 8.947977965879334861e-02
1.744000000000000000e+03 1.063606258165842866e-01
1.749333399999999983e+03 1.172347991616823903e-01
1.754666600000000017e+03 1.218534223936957872e-01
1.760000000000000000e+03 1.218816098124394648e-01
1.765333399999999983e+03 1.174608889435416192e-01
1.770666600000000017e+03 1.100887440272841078e-01
1.776000000000000000e+03 1.009793140338626910e-01
1.781333399999999983e+03 8.660567075796175851e-02
1.786666600000000017e+03 6.523618916351284214e-02
1.792000000000000000e+03 4.083753393929566433e-02
1.797333399999999983e+03 2.145962780830440453e-02
1.802666600000000017e+03 1.325969572835105498e-02
