6.080000000000000000e+02 1.179775339435903819e-01
6.133333099999999831e+02 9.526211351330908517e-02
6.186666900000000169e+02 8.136106314684334040e-02
6.240000000000000000e+02 7.166721269536001360e-02
6.293333099999999831e+02 6.041050437415732000e-02
6.346666900000000169e+02 4.182358058574964926e-02
6.400000000000000000e+02 2.005429594217500444e-02
6.453333099999999831e+02 4.446471150902974595e-03
6.506666900000000169e+02 0.000000000000000000e+00
6.560000000000000000e+02 9.280665430989395656e-03
6.613333099999999831e+02 2.881205943622950488e-02
6.666666900000000169e+02 5.023781797397099125e-02
6.720000000000000000e+02 7.119121297659843084e-02
6.773333099999999831e+02 9.725758393513150857e-02
6.826666900000000169e+02 1.310688566716858017e-01
6.880000000000000000e+02 1.650638700026459682e-01
6.933333099999999831e+02 1.896151331155039588e-01
6.986666900000000169e+02 1.980666303122797234e-01
7.040000000000000000e+02 1.914776769253810074e-01
7.093333099999999831e+02 1.821466381789694222e-01
7.146666900000000169e+02 1.789901959521348340e-01
7.200000000000000000e+02 1.794246975029731850e-01
7.253333099999999831e+02 1.748765131029136055e-01
7.306666900000000169e+02 1.637374394726172910e-01
7.360000000000000000e+02 1.445514383632364452e-01
7.413333099999999831e+02 1.229547913763979899e-01
7.466666900000000169e+02 1.063904135008536117e-01
7.520000000000000000e+02 9.504726394280109403e-02
7.573333099999999831e+02 8.311298959008546483e-02
7.626666900000000169e+02 8.058404883471936841e-02
7.680000000000000000e+02 8.691625438899092115e-02
7.733333099999999831e+02 1.011436832090695792e-01
7.786666900000000169e+02 1.239386799325822019e-01
7.840000000000000000e+02 1.507285105391628910e-01
7.893333099999999831e+02 1.770597320459688928e-01
7.946666900000000169e+02 2.111416265996014785e-01
8.000000000000000000e+02 2.493328252934255695e-01
8.053333099999999831e+02 2.832393798931922557e-01
8.106666900000000169e+02 3.082187220318545195e-01
8.160000000000000000e+02 3.224687683632387336e-01
8.213333099999999831e+02 3.278361788924770703e-01
8.266666900000000169e+02 3.337503643561672839e-01
8.320000000000000000e+02 3.467405176300205061e-01
8.373333099999999831e+02 3.674657629265469794e-01
8.426666900000000169e+02 3.866824604627032147e-01
8.480000000000000000e+02 3.960331473502588517e-01
8.533333099999999831e+02 3.916787705708921763e-01
8.586666900000000169e+02 3.773529291940713737e-01
8.640000000000000000e+02 3.654256140277274967e-01
8.693333099999999831e+02 3.609065554663644093e-01
8.746666900000000169e+02 3.555335261791823798e-01
8.800000000000000000e+02 3.413571342228235994e-01
8.853333099999999831e+02 3.220227611737477291e-01
8.906666900000000169e+02 3.032259048902792853e-01
8.960000000000000000e+02 2.996616217537451665e-01
9.013333099999999831e+02 3.125247876455354845e-01
9.066666900000000169e+02 3.368670870811233398e-01
9.120000000000000000e+02 3.588045978227107913e-01
9.173333099999999831e+02 3.748604004698837255e-01
9.226666900000000169e+02 3.798267713133296475e-01
9.280000000000000000e+02 3.740689459604097933e-01
9.333333099999999831e+02 3.578282335481668963e-01
9.386666900000000169e+02 3.373710535917761599e-01
9.440000000000000000e+02 3.136359433730398494e-01
9.493333099999999831e+02 2.959549070519412184e-01
9.546666900000000169e+02 2.885161681354278529e-01
9.600000000000000000e+02 2.860817722095841398e-01
9.653333099999999831e+02 2.821818194582657591e-01
9.706666900000000169e+02 2.762852896178549789e-01
9.760000000000000000e+02 2.839000872739924075e-01
9.813333099999999831e+02 3.214405950090578612e-01
9.866666900000000169e+02 3.815089812428192895e-01
9.920000000000000000e+02 4.357707880232070119e-01
9.973333099999999831e+02 4.496500160375586086e-01
1.002666699999999992e+03 4.095229479314695387e-01
1.008000000000000000e+03 3.514975911291891020e-01
1.013333300000000008e+03 3.149371797917728255e-01
1.018666699999999992e+03 3.139537469015344917e-01
1.024000000000000000e+03 3.387026994786291323e-01
1.029333399999999983e+03 3.563249408265894980e-01
1.034666600000000017e+03 3.486774337875986896e-01
1.040000000000000000e+03 3.218193029503890745e-01
1.045333399999999983e+03 2.861698814359449616e-01
1.050666600000000017e+03 2.544233686126087246e-01
1.056000000000000000e+03 2.343478441443509475e-01
1.061333399999999983e+03 2.249172770953922207e-01
1.066666600000000017e+03 2.345785793069103398e-01
1.072000000000000000e+03 2.577131497702963014e-01
1.077333399999999983e+03 2.791425938499215720e-01
1.082666600000000017e+03 2.868821412732575071e-01
1.088000000000000000e+03 2.761750801706409630e-01
1.093333399999999983e+03 2.486513087024658508e-01
1.098666600000000017e+03 2.215904975837983126e-01
1.104000000000000000e+03 1.978531746457792007e-01
1.109333399999999983e+03 1.707542996767487109e-01
1.114666600000000017e+03 1.346493771016098462e-01
1.120000000000000000e+03 9.178351849227814330e-02
1.125333399999999983e+03 4.638109164756422376e-02
1.130666600000000017e+03 1.863628934502321519e-02
1.136000000000000000e+03 1.518108797569558792e-02
1.141333399999999983e+03 3.385988657784855249e-02
1.146666600000000017e+03 6.460072106879358178e-02
1.152000000000000000e+03 9.882341795370856719e-02
1.157333399999999983e+03 1.215335975559894283e-01
1.162666600000000017e+03 1.339953937681330198e-01
1.168000000000000000e+03 1.429767408843191367e-01
1.173333399999999983e+03 1.566088046913737541e-01
1.178666600000000017e+03 1.757572359261274919e-01
1.184000000000000000e+03 2.048702672996509655e-01
1.189333399999999983e+03 2.342050599241094211e-01
1.194666600000000017e+03 2.641845072001606787e-01
1.200000000000000000e+03 3.014796550351974691e-01
1.205333399999999983e+03 3.496088094932583434e-01
1.210666600000000017e+03 4.059096658442278294e-01
1.216000000000000000e+03 4.739550789852244872e-01
1.221333399999999983e+03 5.468332938553264189e-01
1.226666600000000017e+03 6.124309913490713075e-01
1.232000000000000000e+03 6.598814020092392818e-01
1.237333399999999983e+03 6.791956480239029759e-01
1.242666600000000017e+03 6.670483718031999798e-01
1.248000000000000000e+03 6.398202361091614998e-01
1.253333399999999983e+03 6.175521579006594264e-01
1.258666600000000017e+03 6.010957042351200430e-01
1.264000000000000000e+03 5.935029016236720301e-01
1.269333399999999983e+03 5.903047629047797340e-01
1.274666600000000017e+03 5.809820982821922719e-01
1.280000000000000000e+03 5.652254357615268399e-01
1.285333399999999983e+03 5.509567759226071670e-01
1.290666600000000017e+03 5.384102915840418557e-01
1.296000000000000000e+03 5.403380647145709093e-01
1.301333399999999983e+03 5.656703632100148482e-01
1.306666600000000017e+03 6.102564488404749188e-01
1.312000000000000000e+03 6.572042799493187371e-01
1.317333399999999983e+03 6.905306430195456979e-01
1.322666600000000017e+03 6.952338851151084187e-01
1.328000000000000000e+03 6.623021729465515817e-01
1.333333399999999983e+03 6.030545179014262791e-01
1.338666600000000017e+03 5.291402496768262687e-01
1.344000000000000000e+03 4.477584123691252249e-01
1.349333399999999983e+03 3.753303008189036727e-01
1.354666600000000017e+03 3.288611705843972888e-01
1.360000000000000000e+03 3.036761007435459514e-01
1.365333399999999983e+03 3.017298400742021158e-01
1.370666600000000017e+03 3.105995855266418526e-01
1.376000000000000000e+03 3.192387817123587546e-01
1.381333399999999983e+03 3.263991716441320690e-01
1.386666600000000017e+03 3.432775679925497148e-01
1.392000000000000000e+03 3.657957396640225678e-01
1.397333399999999983e+03 3.912169776243385466e-01
1.402666600000000017e+03 4.155561241560871699e-01
1.408000000000000000e+03 4.355742441909890572e-01
1.413333399999999983e+03 4.578671133395381121e-01
1.418666600000000017e+03 5.061683690852688544e-01
1.424000000000000000e+03 5.912858343723290666e-01
1.429333399999999983e+03 7.098659859947379358e-01
1.434666600000000017e+03 8.430723950590265359e-01
1.440000000000000000e+03 9.502813080982561722e-01
1.445333399999999983e+03 1.000000000000000000e+00
1.450666600000000017e+03 9.758514415123455965e-01
1.456000000000000000e+03 8.773215899134720885e-01
1.461333399999999983e+03 7.239324252180658892e-01
1.466666600000000017e+03 5.472467465052065494e-01
1.472000000000000000e+03 3.743743770367179979e-01
1.477333399999999983e+03 2.312606687683772810e-01
1.482666600000000017e+03 1.245449726149273212e-01
1.488000000000000000e+03 5.584494011070573194e-02
1.493333399999999983e+03 1.944151151359981358e-02
1.498666600000000017e+03 1.049498470758710410e-02
1.504000000000000000e+03 2.052615748963245237e-02
1.509333399999999983e+03 3.766397671850812978e-02
1.514666600000000017e+03 5.319329984158505109e-02
1.520000000000000000e+03 6.987158173805885220e-02
1.525333399999999983e+03 8.429397354162304623e-02
1.530666600000000017e+03 1.010195488476504783e-01
1.536000000000000000e+03 1.246910923408955929e-01
1.541333399999999983e+03 1.487682629042564320e-01
1.546666600000000017e+03 1.715797677471282423e-01
1.552000000000000000e+03 1.961818409828674226e-01
1.557333399999999983e+03 2.175730431924733643e-01
1.562666600000000017e+03 2.339352386077836188e-01
1.568000000000000000e+03 2.510210689111395665e-01
1.573333399999999983e+03 2.602381209066922385e-01
1.578666600000000017e+03 2.669322713541151249e-01
1.584000000000000000e+03 2.790870839963968675e-01
1.589333399999999983e+03 2.990288162828972918e-01
1.594666600000000017e+03 3.202988107441612220e-01
1.600000000000000000e+03 3.476479245559530029e-01
1.605333399999999983e+03 3.667487404882223689e-01
1.610666600000000017e+03 3.885349073638256212e-01
1.616000000000000000e+03 4.192758493456680280e-01
1.621333399999999983e+03 4.586901119267755011e-01
1.626666600000000017e+03 4.981777928224752627e-01
1.632000000000000000e+03 5.353086949082985768e-01
1.637333399999999983e+03 5.703339598311971681e-01
1.642666600000000017e+03 6.227900964182593313e-01
1.648000000000000000e+03 7.047103951855577808e-01
1.653333399999999983e+03 8.076517437310837266e-01
1.658666600000000017e+03 8.987841121945387979e-01
1.664000000000000000e+03 9.264225854828168627e-01
1.669333399999999983e+03 8.697986869605789373e-01
1.674666600000000017e+03 7.441626258046858400e-01
1.680000000000000000e+03 5.857947520897195393e-01
1.685333399999999983e+03 4.346707230658411469e-01
1.690666600000000017e+03 3.115957792959656580e-01
1.696000000000000000e+03 2.078089415936237305e-01
1.701333399999999983e+03 1.233685854668304799e-01
1.706666600000000017e+03 6.543041496632495679e-02
1.712000000000000000e+03 3.335164119007788530e-02
1.717333399999999983e+03 2.526711953713460523e-02
1.722666600000000017e+03 3.555722134912034371e-02
1.728000000000000000e+03 5.059213006328341922e-02
1.733333399999999983e+03 6.407966745314862267e-02
1.738666600000000017e+03 7.644191512425262125e-02
1.744000000000000000e+03 8.258916756841101769e-02
1.749333399999999983e+03 8.196788026954880679e-02
1.754666600000000017e+03 7.678333620028218731e-02
1.760000000000000000e+03 6.850211626583041502e-02
1.765333399999999983e+03 5.862251448341555815e-02
1.770666600000000017e+03 5.270788719706367975e-02
1.776000000000000000e+03 5.032780050791739457e-02
1.781333399999999983e+03 5.300184946615507653e-02
1.786666600000000017e+03 5.753518447263335223e-02
1.792000000000000000e+03 5.731829073006296238e-02
1.797333399999999983e+03 4.429599602739840714e-02
1.802666600000000017e+03 1.141218796325501120e-02
