6.080000000000000000e+02 2.618173885448915605e-02
6.133333099999999831e+02 6.176453804742784714e-03
6.186666900000000169e+02 1.143873402140886675e-03
6.240000000000000000e+02 4.761460379067816544e-03
6.293333099999999831e+02 9.734297707172750308e-03
6.346666900000000169e+02 9.046018990315918967e-03
6.400000000000000000e+02 4.292076018762422743e-03
6.453333099999999831e+02 0.000000000000000000e+00
6.506666900000000169e+02 5.430729487621262404e-03
6.560000000000000000e+02 2.334457888664358272e-02
6.613333099999999831e+02 4.266264724579107298e-02
6.666666900000000169e+02 5.188217094960335951e-02
6.720000000000000000e+02 5.792213875585355137e-02
6.773333099999999831e+02 6.536194797232471043e-02
6.826666900000000169e+02 7.815300322287453694e-02
6.880000000000000000e+02 9.409114079541537612e-02
6.933333099999999831e+02 1.058276476520158271e-01
6.986666900000000169e+02 1.091524719845837627e-01
7.040000000000000000e+02 1.080385044771627889e-01
7.093333099999999831e+02 1.009348691815075277e-01
7.146666900000000169e+02 8.968147459566695734e-02
7.200000000000000000e+02 7.388726091237014793e-02
7.253333099999999831e+02 5.689798912406924397e-02
7.306666900000000169e+02 4.357344871326585684e-02
7.360000000000000000e+02 2.883793009821171427e-02
7.413333099999999831e+02 1.315828935365582174e-02
7.466666900000000169e+02 3.078326498449472821e-03
7.520000000000000000e+02 8.752791031842741334e-04
7.573333099999999831e+02 5.746363638339756913e-03
7.626666900000000169e+02 2.443821416803620972e-02
7.680000000000000000e+02 4.702211599393349428e-02
7.733333099999999831e+02 7.504916012983904594e-02
7.786666900000000169e+02 1.187362750843209136e-01
7.840000000000000000e+02 1.773727887689282023e-01
7.893333099999999831e+02 2.468711978320164147e-01
7.946666900000000169e+02 3.245401541866642092e-01
8.000000000000000000e+02 3.922489011652163793e-01
8.053333099999999831e+02 4.351123410955577975e-01
8.106666900000000169e+02 4.456169169352360848e-01
8.160000000000000000e+02 4.154035708044113151e-01
8.213333099999999831e+02 3.634609484816189728e-01
8.266666900000000169e+02 3.161589184001037944e-01
8.320000000000000000e+02 2.955238063818432237e-01
8.373333099999999831e+02 3.027961705282656291e-01
8.426666900000000169e+02 3.119906835427990188e-01
8.480000000000000000e+02 2.945604086071033634e-01
8.533333099999999831e+02 2.530153378781579421e-01
8.586666900000000169e+02 2.072298459893378575e-01
8.640000000000000000e+02 1.835724375534328878e-01
8.693333099999999831e+02 1.840167565606969646e-01
8.746666900000000169e+02 1.917963362101652303e-01
8.800000000000000000e+02 1.947440173407599395e-01
8.853333099999999831e+02 1.862504532230561116e-01
8.906666900000000169e+02 1.747197177950556013e-01
8.960000000000000000e+02 1.722499603730986428e-01
9.013333099999999831e+02 1.752769845193052900e-01
9.066666900000000169e+02 1.851415769142764900e-01
9.120000000000000000e+02 2.094503789119239734e-01
9.173333099999999831e+02 2.347936666367060055e-01
9.226666900000000169e+02 2.534716590065853037e-01
9.280000000000000000e+02 2.632150995673405158e-01
9.333333099999999831e+02 2.568886893449206510e-01
9.386666900000000169e+02 2.419022227677067594e-01
9.440000000000000000e+02 2.319064244768028193e-01
9.493333099999999831e+02 2.244880828368313874e-01
9.546666900000000169e+02 2.157187283076998918e-01
9.600000000000000000e+02 2.050977098164577794e-01
9.653333099999999831e+02 1.902921794694343860e-01
9.706666900000000169e+02 1.771507345964178082e-01
9.760000000000000000e+02 1.820343503057991474e-01
9.813333099999999831e+02 2.239485656985907847e-01
9.866666900000000169e+02 2.960982755465266236e-01
9.920000000000000000e+02 3.712403847244137300e-01
9.973333099999999831e+02 4.130355950675925203e-01
1.002666699999999992e+03 3.939180348373010898e-01
1.008000000000000000e+03 3.295326371377739760e-01
1.013333300000000008e+03 2.680075912431981178e-01
1.018666699999999992e+03 2.353326502451471292e-01
1.024000000000000000e+03 2.342775753870930677e-01
1.029333399999999983e+03 2.398473502745794572e-01
1.034666600000000017e+03 2.263390309758414043e-01
1.040000000000000000e+03 1.951814732746455505e-01
1.045333399999999983e+03 1.665648483628442977e-01
1.050666600000000017e+03 1.541325131135238002e-01
1.056000000000000000e+03 1.613713277657255474e-01
1.061333399999999983e+03 1.713579682372463053e-01
1.066666600000000017e+03 1.769360411592873217e-01
1.072000000000000000e+03 1.818202008484438026e-01
1.077333399999999983e+03 1.903250188163339018e-01
1.082666600000000017e+03 2.008966746968433303e-01
1.088000000000000000e+03 2.090907162042556777e-01
1.093333399999999983e+03 1.983131342216014614e-01
1.098666600000000017e+03 1.770765386725459134e-01
1.104000000000000000e+03 1.576740012922349388e-01
1.109333399999999983e+03 1.467519115916641192e-01
1.114666600000000017e+03 1.326963704798403143e-01
1.120000000000000000e+03 1.071111874673821990e-01
1.125333399999999983e+03 6.207556035037423842e-02
1.130666600000000017e+03 2.362213814284604835e-02
1.136000000000000000e+03 7.039993218996272971e-03
1.141333399999999983e+03 2.251211270044919943e-02
1.146666600000000017e+03 5.141542814122056215e-02
1.152000000000000000e+03 7.728386776447739026e-02
1.157333399999999983e+03 9.629776692923831816e-02
1.162666600000000017e+03 1.162209012724893659e-01
1.168000000000000000e+03 1.301221215621355121e-01
1.173333399999999983e+03 1.364807203977938810e-01
1.178666600000000017e+03 1.365523813709695888e-01
1.184000000000000000e+03 1.342212867335015325e-01
1.189333399999999983e+03 1.479871854326095804e-01
1.194666600000000017e+03 1.901753303949752227e-01
1.200000000000000000e+03 2.503661201019865556e-01
1.205333399999999983e+03 3.139727014334038335e-01
1.210666600000000017e+03 3.821214892348154257e-01
1.216000000000000000e+03 4.459542084596695988e-01
1.221333399999999983e+03 5.080779406529666309e-01
1.226666600000000017e+03 5.731956849641924867e-01
1.232000000000000000e+03 6.215438560850784500e-01
1.237333399999999983e+03 6.349479208302392097e-01
1.242666600000000017e+03 6.201904806351469235e-01
1.248000000000000000e+03 5.900533854908964759e-01
1.253333399999999983e+03 5.569880105443753004e-01
1.258666600000000017e+03 5.412231381421557241e-01
1.264000000000000000e+03 5.399326935209892708e-01
1.269333399999999983e+03 5.445837610312678212e-01
1.274666600000000017e+03 5.535196655481908756e-01
1.280000000000000000e+03 5.646107669997076917e-01
1.285333399999999983e+03 5.657853412622846356e-01
1.290666600000000017e+03 5.720403952795195535e-01
1.296000000000000000e+03 5.960544921560666509e-01
1.301333399999999983e+03 6.372469732108444473e-01
1.306666600000000017e+03 6.864341579556274553e-01
1.312000000000000000e+03 7.294073944957466527e-01
1.317333399999999983e+03 7.496405609640032219e-01
1.322666600000000017e+03 7.566600960413848442e-01
1.328000000000000000e+03 7.587765397052338434e-01
1.333333399999999983e+03 7.449249908632904482e-01
1.338666600000000017e+03 7.025230934107544734e-01
1.344000000000000000e+03 6.362090621731739670e-01
1.349333399999999983e+03 5.553870104679183850e-01
1.354666600000000017e+03 4.815176178515120364e-01
1.360000000000000000e+03 4.283222238557399808e-01
1.365333399999999983e+03 3.910782358723247087e-01
1.370666600000000017e+03 3.637415209020646301e-01
1.376000000000000000e+03 3.538447912063173439e-01
1.381333399999999983e+03 3.610272516898891948e-01
1.386666600000000017e+03 3.802666604208861378e-01
1.392000000000000000e+03 4.041927042895494537e-01
1.397333399999999983e+03 4.243980823557582105e-01
1.402666600000000017e+03 4.395467242639353733e-01
1.408000000000000000e+03 4.572648709389165456e-01
1.413333399999999983e+03 4.813158017658472065e-01
1.418666600000000017e+03 5.220917532283220197e-01
1.424000000000000000e+03 5.944920748610892369e-01
1.429333399999999983e+03 7.028901277203399856e-01
1.434666600000000017e+03 8.313393341745004550e-01
1.440000000000000000e+03 9.462218724758644228e-01
1.445333399999999983e+03 1.000000000000000000e+00
1.450666600000000017e+03 9.709690317005786886e-01
1.456000000000000000e+03 8.640481306392912009e-01
1.461333399999999983e+03 7.065470905851053418e-01
1.466666600000000017e+03 5.272468857733266789e-01
1.472000000000000000e+03 3.568957971262557427e-01
1.477333399999999983e+03 2.100817281096204747e-01
1.482666600000000017e+03 1.001581948634898273e-01
1.488000000000000000e+03 3.106698816934488211e-02
1.493333399999999983e+03 4.146260541957186296e-03
1.498666600000000017e+03 3.702066649802634828e-03
1.504000000000000000e+03 1.633648492041198108e-02
1.509333399999999983e+03 2.934596855818247252e-02
1.514666600000000017e+03 3.979305885393046027e-02
1.520000000000000000e+03 5.252510026734977938e-02
1.525333399999999983e+03 7.388712409902645217e-02
1.530666600000000017e+03 1.045660244950836620e-01
1.536000000000000000e+03 1.425749699897281286e-01
1.541333399999999983e+03 1.823314168544739045e-01
1.546666600000000017e+03 2.174201902496022965e-01
1.552000000000000000e+03 2.494057016440851537e-01
1.557333399999999983e+03 2.719856319944951029e-01
1.562666600000000017e+03 2.902794216204399036e-01
1.568000000000000000e+03 3.071336832721386356e-01
1.573333399999999983e+03 3.242883099781471157e-01
1.578666600000000017e+03 3.404522307345555499e-01
1.584000000000000000e+03 3.687296023267914169e-01
1.589333399999999983e+03 4.077285249603798123e-01
1.594666600000000017e+03 4.571121667660413279e-01
1.600000000000000000e+03 5.058671056783774489e-01
1.605333399999999983e+03 5.395116164378386259e-01
1.610666600000000017e+03 5.407476698763293843e-01
1.616000000000000000e+03 5.181807298015863594e-01
1.621333399999999983e+03 4.861822704231710812e-01
1.626666600000000017e+03 4.613675488710596295e-01
1.632000000000000000e+03 4.634041661390200795e-01
1.637333399999999983e+03 5.075560521005304526e-01
1.642666600000000017e+03 5.891120627823336342e-01
1.648000000000000000e+03 6.981899865436254071e-01
1.653333399999999983e+03 8.158719100532293433e-01
1.658666600000000017e+03 9.047295025095488663e-01
1.664000000000000000e+03 9.293110233527493991e-01
1.669333399999999983e+03 8.748059708369045895e-01
1.674666600000000017e+03 7.467040156754543023e-01
1.680000000000000000e+03 5.771416330438429165e-01
1.685333399999999983e+03 4.124892870417021795e-01
1.690666600000000017e+03 2.769357043884753122e-01
1.696000000000000000e+03 1.741083064780389045e-01
1.701333399999999983e+03 1.007924591317043983e-01
1.706666600000000017e+03 5.162314857438639326e-02
1.712000000000000000e+03 2.489876002477611761e-02
1.717333399999999983e+03 1.784729585093873527e-02
1.722666600000000017e+03 2.119042768825094708e-02
1.728000000000000000e+03 2.610525965118716540e-02
1.733333399999999983e+03 2.659400074431615690e-02
1.738666600000000017e+03 2.301766267680024208e-02
1.744000000000000000e+03 2.101979797581692011e-02
1.749333399999999983e+03 2.217453108314754173e-02
1.754666600000000017e+03 2.964569997766691029e-02
1.760000000000000000e+03 4.238536851276931972e-02
1.765333399999999983e+03 5.299301845990866955e-02
1.770666600000000017e+03 5.585167934240245491e-02
1.776000000000000000e+03 5.025772585100274359e-02
1.781333399999999983e+03 3.826116216914179219e-02
1.786666600000000017e+03 2.544642635847070566e-02
1.792000000000000000e+03 1.490636184189853344e-02
1.797333399999999983e+03 6.916238511478952841e-03
1.802666600000000017e+03 2.837884840909138482e-03
