6.080000000000000000e+02 1.100779888091643066e-01
6.133333099999999831e+02 9.419833146233255738e-02
6.186666900000000169e+02 8.589198575255671542e-02
6.240000000000000000e+02 7.942548074443320227e-02
6.293333099999999831e+02 6.607016143937727293e-02
6.346666900000000169e+02 4.310938121470753864e-02
6.400000000000000000e+02 1.721792100206154252e-02
6.453333099999999831e+02 2.136612131269748083e-03
6.506666900000000169e+02 0.000000000000000000e+00
6.560000000000000000e+02 6.742756073402564332e-03
6.613333099999999831e+02 1.661001397225137302e-02
6.666666900000000169e+02 2.654021165580051564e-02
6.720000000000000000e+02 3.606773517809552798e-02
6.773333099999999831e+02 5.110844546273392297e-02
6.826666900000000169e+02 7.408783946236084661e-02
6.880000000000000000e+02 1.008500928224009552e-01
6.933333099999999831e+02 1.245730333497833131e-01
6.986666900000000169e+02 1.396221685804465429e-01
7.040000000000000000e+02 1.422561085907520784e-01
7.093333099999999831e+02 1.356808662825242928e-01
7.146666900000000169e+02 1.294639743654961428e-01
7.200000000000000000e+02 1.262826782597763486e-01
7.253333099999999831e+02 1.248496289289985350e-01
7.306666900000000169e+02 1.210062941298082062e-01
7.360000000000000000e+02 1.160494311945611812e-01
7.413333099999999831e+02 1.156359826426774096e-01
7.466666900000000169e+02 1.249297090022250534e-01
7.520000000000000000e+02 1.376706339831545722e-01
7.573333099999999831e+02 1.474286008361872236e-01
7.626666900000000169e+02 1.477559073827537928e-01
7.680000000000000000e+02 1.409325995161757883e-01
7.733333099999999831e+02 1.352758622629481045e-01
7.786666900000000169e+02 1.352239860557237772e-01
7.840000000000000000e+02 1.413088102218845454e-01
7.893333099999999831e+02 1.572734705058718985e-01
7.946666900000000169e+02 1.854288537163210904e-01
8.000000000000000000e+02 2.194913953575614862e-01
8.053333099999999831e+02 2.541874319233656254e-01
8.106666900000000169e+02 2.803815234459864358e-01
8.160000000000000000e+02 2.932406779829597188e-01
8.213333099999999831e+02 2.998859036490956198e-01
8.266666900000000169e+02 3.115443205617566824e-01
8.320000000000000000e+02 3.352521369221130865e-01
8.373333099999999831e+02 3.696391485526618892e-01
8.426666900000000169e+02 3.991129567760952068e-01
8.480000000000000000e+02 4.056916404683797439e-01
8.533333099999999831e+02 3.890774253649905701e-01
8.586666900000000169e+02 3.588468127892629478e-01
8.640000000000000000e+02 3.321550834717411083e-01
8.693333099999999831e+02 3.183501309328944373e-01
8.746666900000000169e+02 3.101994511578246017e-01
8.800000000000000000e+02 2.998274987525992308e-01
8.853333099999999831e+02 2.894925770068466631e-01
8.906666900000000169e+02 2.837892779033968638e-01
8.960000000000000000e+02 2.856798823741824034e-01
9.013333099999999831e+02 2.990248628356177996e-01
9.066666900000000169e+02 3.184275684799708905e-01
9.120000000000000000e+02 3.391534747631279600e-01
9.173333099999999831e+02 3.564557223099445449e-01
9.226666900000000169e+02 3.654501436717996210e-01
9.280000000000000000e+02 3.537745273184977335e-01
9.333333099999999831e+02 3.277557021960790795e-01
9.386666900000000169e+02 2.979262856254151770e-01
9.440000000000000000e+02 2.757015810879132056e-01
9.493333099999999831e+02 2.742723105311390963e-01
9.546666900000000169e+02 2.935640349680780359e-01
9.600000000000000000e+02 3.067749441371119823e-01
9.653333099999999831e+02 3.067168432972234293e-01
9.706666900000000169e+02 2.947062458329725576e-01
9.760000000000000000e+02 2.886820047530865296e-01
9.813333099999999831e+02 3.173374490086889321e-01
9.866666900000000169e+02 3.805267359257066828e-01
9.920000000000000000e+02 4.384627297752786701e-01
9.973333099999999831e+02 4.571851252670764976e-01
1.002666699999999992e+03 4.249296135018458265e-01
1.008000000000000000e+03 3.711726718135539560e-01
1.013333300000000008e+03 3.404244873902241841e-01
1.018666699999999992e+03 3.462175220660509978e-01
1.024000000000000000e+03 3.695241903930382432e-01
1.029333399999999983e+03 3.821365052665145479e-01
1.034666600000000017e+03 3.687888171773067159e-01
1.040000000000000000e+03 3.344331011284152333e-01
1.045333399999999983e+03 2.954219911541685617e-01
1.050666600000000017e+03 2.595641915057152471e-01
1.056000000000000000e+03 2.333660473162233184e-01
1.061333399999999983e+03 2.216715990199998876e-01
1.066666600000000017e+03 2.248818917293235187e-01
1.072000000000000000e+03 2.338127340236355045e-01
1.077333399999999983e+03 2.450602724988133196e-01
1.082666600000000017e+03 2.528924077302052709e-01
1.088000000000000000e+03 2.496761051960873778e-01
1.093333399999999983e+03 2.390132323731938013e-01
1.098666600000000017e+03 2.215999349577279787e-01
1.104000000000000000e+03 1.982481043148054678e-01
1.109333399999999983e+03 1.731507737561804872e-01
1.114666600000000017e+03 1.463453005849563171e-01
1.120000000000000000e+03 1.102315137860373218e-01
1.125333399999999983e+03 7.243626629584012933e-02
1.130666600000000017e+03 3.669962931015817442e-02
1.136000000000000000e+03 1.584736299084810868e-02
1.141333399999999983e+03 1.503178374165471329e-02
1.146666600000000017e+03 3.512786871931528054e-02
1.152000000000000000e+03 7.082581371318683039e-02
1.157333399999999983e+03 1.080128212834088053e-01
1.162666600000000017e+03 1.336458396740465016e-01
1.168000000000000000e+03 1.462451240935772334e-01
1.173333399999999983e+03 1.483900246530824030e-01
1.178666600000000017e+03 1.533329204471380602e-01
1.184000000000000000e+03 1.774370665305049222e-01
1.189333399999999983e+03 2.141062894633340707e-01
1.194666600000000017e+03 2.596593751902852576e-01
1.200000000000000000e+03 3.082526593945999482e-01
1.205333399999999983e+03 3.564391458954478953e-01
1.210666600000000017e+03 4.079070922140519140e-01
1.216000000000000000e+03 4.710293221695399657e-01
1.221333399999999983e+03 5.375701738334230928e-01
1.226666600000000017e+03 5.972059248100166640e-01
1.232000000000000000e+03 6.419249479628719168e-01
1.237333399999999983e+03 6.648395380134168864e-01
1.242666600000000017e+03 6.674634496384324045e-01
1.248000000000000000e+03 6.614481989441235443e-01
1.253333399999999983e+03 6.542434621684456442e-01
1.258666600000000017e+03 6.421890330206104780e-01
1.264000000000000000e+03 6.276536683090176982e-01
1.269333399999999983e+03 6.111465805954119368e-01
1.274666600000000017e+03 5.906908650625378732e-01
1.280000000000000000e+03 5.706792060634273689e-01
1.285333399999999983e+03 5.601703769477526240e-01
1.290666600000000017e+03 5.590141661283707375e-01
1.296000000000000000e+03 5.723572168732398158e-01
1.301333399999999983e+03 6.009765703323600716e-01
1.306666600000000017e+03 6.336686282186086983e-01
1.312000000000000000e+03 6.563066754044989404e-01
1.317333399999999983e+03 6.650238958711496284e-01
1.322666600000000017e+03 6.598336510438589375e-01
1.328000000000000000e+03 6.433609712463437269e-01
1.333333399999999983e+03 6.094279683059031782e-01
1.338666600000000017e+03 5.590942697985136212e-01
1.344000000000000000e+03 4.893685317951563807e-01
1.349333399999999983e+03 4.125042340549885944e-01
1.354666600000000017e+03 3.468866463278813539e-01
1.360000000000000000e+03 3.056734389359516690e-01
1.365333399999999983e+03 2.861373294520819788e-01
1.370666600000000017e+03 2.920298230242380777e-01
1.376000000000000000e+03 3.106212606405021615e-01
1.381333399999999983e+03 3.349921823770362073e-01
1.386666600000000017e+03 3.612141748145138442e-01
1.392000000000000000e+03 3.865412875588706276e-01
1.397333399999999983e+03 4.093539787521308093e-01
1.402666600000000017e+03 4.311261665035676094e-01
1.408000000000000000e+03 4.509075655570846108e-01
1.413333399999999983e+03 4.792618344088870330e-01
1.418666600000000017e+03 5.333313319593874224e-01
1.424000000000000000e+03 6.191288356579763841e-01
1.429333399999999983e+03 7.344055475882813599e-01
1.434666600000000017e+03 8.575910397026200727e-01
1.440000000000000000e+03 9.550284023855972748e-01
1.445333399999999983e+03 9.999999999999998890e-01
1.450666600000000017e+03 9.762977189112235221e-01
1.456000000000000000e+03 8.795483599964176724e-01
1.461333399999999983e+03 7.298401663626727931e-01
1.466666600000000017e+03 5.592157076435410046e-01
1.472000000000000000e+03 3.945530313284369983e-01
1.477333399999999983e+03 2.585061829877784989e-01
1.482666600000000017e+03 1.547683557498489015e-01
1.488000000000000000e+03 8.224001557204405066e-02
1.493333399999999983e+03 3.783370660698191085e-02
1.498666600000000017e+03 1.624860981059627826e-02
1.504000000000000000e+03 1.128039901597480132e-02
1.509333399999999983e+03 2.239900845336452451e-02
1.514666600000000017e+03 4.629771666546031450e-02
1.520000000000000000e+03 8.070467494992847324e-02
1.525333399999999983e+03 1.171526169493655456e-01
1.530666600000000017e+03 1.428464997147128324e-01
1.536000000000000000e+03 1.566386400308206195e-01
1.541333399999999983e+03 1.689860487400499933e-01
1.546666600000000017e+03 1.890415588638916788e-01
1.552000000000000000e+03 2.152146024013253389e-01
1.557333399999999983e+03 2.432845340564439018e-01
1.562666600000000017e+03 2.607586735937025835e-01
1.568000000000000000e+03 2.667716850806691187e-01
1.573333399999999983e+03 2.710790985481668081e-01
1.578666600000000017e+03 2.842734533714897371e-01
1.584000000000000000e+03 3.106646408640733048e-01
1.589333399999999983e+03 3.531941937637775308e-01
1.594666600000000017e+03 3.960910903519010429e-01
1.600000000000000000e+03 4.289472373605121569e-01
1.605333399999999983e+03 4.424671411873896121e-01
1.610666600000000017e+03 4.411556178414406393e-01
1.616000000000000000e+03 4.384088345944612275e-01
1.621333399999999983e+03 4.470024465914785305e-01
1.626666600000000017e+03 4.734898225652500181e-01
1.632000000000000000e+03 5.237104409096741131e-01
1.637333399999999983e+03 5.894535073505917655e-01
1.642666600000000017e+03 6.670912845846255212e-01
1.648000000000000000e+03 7.489774071921949661e-01
1.653333399999999983e+03 8.248926988002358573e-01
1.658666600000000017e+03 8.788453484012076489e-01
1.664000000000000000e+03 8.911606507018167145e-01
1.669333399999999983e+03 8.480074415691037926e-01
1.674666600000000017e+03 7.482379877403585455e-01
1.680000000000000000e+03 6.079926266954610581e-01
1.685333399999999983e+03 4.584432147702172666e-01
1.690666600000000017e+03 3.210445201691198847e-01
1.696000000000000000e+03 2.102425012747708433e-01
1.701333399999999983e+03 1.354091892199969505e-01
1.706666600000000017e+03 8.935986442056739754e-02
1.712000000000000000e+03 6.421845004339359064e-02
1.717333399999999983e+03 5.588311098056079895e-02
1.722666600000000017e+03 5.548105438622044638e-02
1.728000000000000000e+03 5.637887153996750528e-02
1.733333399999999983e+03 5.904289842613361788e-02
1.738666600000000017e+03 6.385189085042666801e-02
1.744000000000000000e+03 6.717658566069203974e-02
1.749333399999999983e+03 6.791327243347174136e-02
1.754666600000000017e+03 6.587911490425694960e-02
1.760000000000000000e+03 5.618004025445864913e-02
1.765333399999999983e+03 4.489401083168623185e-02
1.770666600000000017e+03 4.302052184685052627e-02
1.776000000000000000e+03 4.860482407907034536e-02
1.781333399999999983e+03 5.583821960542555141e-02
1.786666600000000017e+03 5.951957742433405113e-02
1.792000000000000000e+03 5.255231076411186197e-02
1.797333399999999983e+03 3.788402767248112701e-02
1.802666600000000017e+03 1.548705410736026314e-02
