6.080000000000000000e+02 1.300376328857811847e-01
6.133333099999999831e+02 1.442564467335932243e-01
6.186666900000000169e+02 1.324468563402717292e-01
6.240000000000000000e+02 1.032683965023688394e-01
6.293333099999999831e+02 6.402169787186896832e-02
6.346666900000000169e+02 2.780381268158652053e-02
6.400000000000000000e+02 6.492481730977656476e-03
6.453333099999999831e+02 0.000000000000000000e+00
6.506666900000000169e+02 6.048972991674249344e-03
6.560000000000000000e+02 1.802040666464385654e-02
6.613333099999999831e+02 2.556370281885285423e-02
6.666666900000000169e+02 3.281036107408850933e-02
6.720000000000000000e+02 4.683659188653052641e-02
6.773333099999999831e+02 6.314947425378537871e-02
6.826666900000000169e+02 8.302035895465706417e-02
6.880000000000000000e+02 1.088578119690213619e-01
6.933333099999999831e+02 1.334253852109379135e-01
6.986666900000000169e+02 1.515710152689282164e-01
7.040000000000000000e+02 1.565760004226405266e-01
7.093333099999999831e+02 1.373766873035615066e-01
7.146666900000000169e+02 1.012798174972626419e-01
7.200000000000000000e+02 6.868301647676867960e-02
7.253333099999999831e+02 5.090747698516119579e-02
7.306666900000000169e+02 4.999844458603211472e-02
7.360000000000000000e+02 6.171228624719117539e-02
7.413333099999999831e+02 7.334354400202204582e-02
7.466666900000000169e+02 8.150454448795871332e-02
7.520000000000000000e+02 8.720599400421570613e-02
7.573333099999999831e+02 9.255258530066569345e-02
7.626666900000000169e+02 9.920686279689062970e-02
7.680000000000000000e+02 1.072256744699261327e-01
7.733333099999999831e+02 1.114016977779602319e-01
7.786666900000000169e+02 1.126408590260108561e-01
7.840000000000000000e+02 1.144780948282421024e-01
7.893333099999999831e+02 1.205394669470111479e-01
7.946666900000000169e+02 1.386108587779611157e-01
8.000000000000000000e+02 1.690029869710626687e-01
8.053333099999999831e+02 2.086213775406615123e-01
8.106666900000000169e+02 2.513209826091670207e-01
8.160000000000000000e+02 2.907332950775283753e-01
8.213333099999999831e+02 3.162097476458400336e-01
8.266666900000000169e+02 3.249977143442509542e-01
8.320000000000000000e+02 3.236163325605544427e-01
8.373333099999999831e+02 3.222641983643345087e-01
8.426666900000000169e+02 3.261998460233587749e-01
8.480000000000000000e+02 3.336891263700113575e-01
8.533333099999999831e+02 3.376623000794337637e-01
8.586666900000000169e+02 3.324123417367491617e-01
8.640000000000000000e+02 3.247628266036924338e-01
8.693333099999999831e+02 3.131010998883489438e-01
8.746666900000000169e+02 2.943298183395134382e-01
8.800000000000000000e+02 2.713709103401052980e-01
8.853333099999999831e+02 2.504539734881218727e-01
8.906666900000000169e+02 2.423452689558528161e-01
8.960000000000000000e+02 2.552516623266276041e-01
9.013333099999999831e+02 2.759802745669425739e-01
9.066666900000000169e+02 2.929892144789480457e-01
9.120000000000000000e+02 3.091028411267396914e-01
9.173333099999999831e+02 3.192632352939343554e-01
9.226666900000000169e+02 3.299641559560038129e-01
9.280000000000000000e+02 3.363058187338086036e-01
9.333333099999999831e+02 3.299254941408153452e-01
9.386666900000000169e+02 3.150646023617589275e-01
9.440000000000000000e+02 3.046605301114814202e-01
9.493333099999999831e+02 2.959285959615804984e-01
9.546666900000000169e+02 2.984676198477970721e-01
9.600000000000000000e+02 3.030161431577531594e-01
9.653333099999999831e+02 3.013895677141403273e-01
9.706666900000000169e+02 2.914202689150200976e-01
9.760000000000000000e+02 2.909985613892778766e-01
9.813333099999999831e+02 3.166908169967775910e-01
9.866666900000000169e+02 3.791520497220534081e-01
9.920000000000000000e+02 4.555847863395252606e-01
9.973333099999999831e+02 5.044608809317269182e-01
1.002666699999999992e+03 4.908954324470778952e-01
1.008000000000000000e+03 4.340528787831295365e-01
1.013333300000000008e+03 3.777354384249624886e-01
1.018666699999999992e+03 3.537197979842536255e-01
1.024000000000000000e+03 3.605816016445331784e-01
1.029333399999999983e+03 3.733392504896567154e-01
1.034666600000000017e+03 3.656255050907528115e-01
1.040000000000000000e+03 3.346666532540374384e-01
1.045333399999999983e+03 3.010267098035622757e-01
1.050666600000000017e+03 2.752855376509351637e-01
1.056000000000000000e+03 2.580645072461487666e-01
1.061333399999999983e+03 2.491503418533198011e-01
1.066666600000000017e+03 2.468344817606658304e-01
1.072000000000000000e+03 2.411684842795202011e-01
1.077333399999999983e+03 2.407377980762703817e-01
1.082666600000000017e+03 2.438732307945545574e-01
1.088000000000000000e+03 2.449236079978720781e-01
1.093333399999999983e+03 2.364867947132081039e-01
1.098666600000000017e+03 2.238666756142315417e-01
1.104000000000000000e+03 2.014579954954575647e-01
1.109333399999999983e+03 1.749031369456213181e-01
1.114666600000000017e+03 1.462771664396387283e-01
1.120000000000000000e+03 1.126114448210006336e-01
1.125333399999999983e+03 6.844345871395400571e-02
1.130666600000000017e+03 3.515287230561059406e-02
1.136000000000000000e+03 1.832848377395132275e-02
1.141333399999999983e+03 2.456526607062660406e-02
1.146666600000000017e+03 5.252348720777236246e-02
1.152000000000000000e+03 8.831338021351570200e-02
1.157333399999999983e+03 1.126194923294754763e-01
1.162666600000000017e+03 1.271153944329440344e-01
1.168000000000000000e+03 1.254320077189790827e-01
1.173333399999999983e+03 1.171745682430276742e-01
1.178666600000000017e+03 1.208662488637417542e-01
1.184000000000000000e+03 1.451329057365006447e-01
1.189333399999999983e+03 1.908189696009779113e-01
1.194666600000000017e+03 2.536100715940293737e-01
1.200000000000000000e+03 3.113999614315324793e-01
1.205333399999999983e+03 3.600362388021393634e-01
1.210666600000000017e+03 4.099697221766611666e-01
1.216000000000000000e+03 4.677107217668388106e-01
1.221333399999999983e+03 5.394275255088575305e-01
1.226666600000000017e+03 6.120567186476670862e-01
1.232000000000000000e+03 6.644550306674520401e-01
1.237333399999999983e+03 6.888556554475118165e-01
1.242666600000000017e+03 6.855124273910200294e-01
1.248000000000000000e+03 6.654699044642992112e-01
1.253333399999999983e+03 6.411034122455397943e-01
1.258666600000000017e+03 6.178482672210464655e-01
1.264000000000000000e+03 6.021147963164448225e-01
1.269333399999999983e+03 5.902959893750781006e-01
1.274666600000000017e+03 5.727025344435476839e-01
1.280000000000000000e+03 5.511967853226361624e-01
1.285333399999999983e+03 5.322731727545295666e-01
1.290666600000000017e+03 5.325792601475046739e-01
1.296000000000000000e+03 5.580228871029235815e-01
1.301333399999999983e+03 5.945582769671565737e-01
1.306666600000000017e+03 6.250278039349038695e-01
1.312000000000000000e+03 6.413427788505100535e-01
1.317333399999999983e+03 6.483841670983827576e-01
1.322666600000000017e+03 6.581981894318672532e-01
1.328000000000000000e+03 6.617129651774075194e-01
1.333333399999999983e+03 6.439024225537384183e-01
1.338666600000000017e+03 5.977554288207584943e-01
1.344000000000000000e+03 5.232354502956797493e-01
1.349333399999999983e+03 4.364076020499388364e-01
1.354666600000000017e+03 3.629483612941520887e-01
1.360000000000000000e+03 3.136938689491048926e-01
1.365333399999999983e+03 2.978611586371490150e-01
1.370666600000000017e+03 3.097262830909150999e-01
1.376000000000000000e+03 3.313228183784266978e-01
1.381333399999999983e+03 3.507272202303363118e-01
1.386666600000000017e+03 3.685876939076633274e-01
1.392000000000000000e+03 3.881976283232562719e-01
1.397333399999999983e+03 4.155927488308511775e-01
1.402666600000000017e+03 4.429446126958869190e-01
1.408000000000000000e+03 4.639582458037711521e-01
1.413333399999999983e+03 4.835873673163219588e-01
1.418666600000000017e+03 5.121927489289608282e-01
1.424000000000000000e+03 5.727610501516724462e-01
1.429333399999999983e+03 6.740544522510010239e-01
1.434666600000000017e+03 7.993089791590278770e-01
1.440000000000000000e+03 9.200761361706005781e-01
1.445333399999999983e+03 1.000000000000000000e+00
1.450666600000000017e+03 9.994752732600732381e-01
1.456000000000000000e+03 9.175220511544442958e-01
1.461333399999999983e+03 7.668879003214369439e-01
1.466666600000000017e+03 5.766981387566880723e-01
1.472000000000000000e+03 3.911985380711583415e-01
1.477333399999999983e+03 2.408317247741678380e-01
1.482666600000000017e+03 1.320643895829587133e-01
1.488000000000000000e+03 6.661102133983097529e-02
1.493333399999999983e+03 3.113753981056473219e-02
1.498666600000000017e+03 1.497552045244916752e-02
1.504000000000000000e+03 2.054352754982494492e-02
1.509333399999999983e+03 4.032367620714986944e-02
1.514666600000000017e+03 6.221540104393086246e-02
1.520000000000000000e+03 8.220436329027450140e-02
1.525333399999999983e+03 9.951323465678928171e-02
1.530666600000000017e+03 1.211847314078179638e-01
1.536000000000000000e+03 1.544879514631246620e-01
1.541333399999999983e+03 1.914264985540619635e-01
1.546666600000000017e+03 2.227022214743309969e-01
1.552000000000000000e+03 2.391844784209025687e-01
1.557333399999999983e+03 2.439639059600393345e-01
1.562666600000000017e+03 2.428755731116006844e-01
1.568000000000000000e+03 2.357041406028616837e-01
1.573333399999999983e+03 2.232159346822455148e-01
1.578666600000000017e+03 2.238226796361812432e-01
1.584000000000000000e+03 2.428047406290242405e-01
1.589333399999999983e+03 2.894040390689012199e-01
1.594666600000000017e+03 3.462910335027360453e-01
1.600000000000000000e+03 3.862851925374943263e-01
1.605333399999999983e+03 3.968716118412157212e-01
1.610666600000000017e+03 3.972684294984267228e-01
1.616000000000000000e+03 4.008204098456112363e-01
1.621333399999999983e+03 4.227895726333977811e-01
1.626666600000000017e+03 4.601131512121256484e-01
1.632000000000000000e+03 5.040594458787720500e-01
1.637333399999999983e+03 5.621970869422395767e-01
1.642666600000000017e+03 6.502860496653334321e-01
1.648000000000000000e+03 7.613600682323534707e-01
1.653333399999999983e+03 8.738149120798237579e-01
1.658666600000000017e+03 9.540604208543025377e-01
1.664000000000000000e+03 9.691077520785126298e-01
1.669333399999999983e+03 9.167093532168592018e-01
1.674666600000000017e+03 8.132149278777778267e-01
1.680000000000000000e+03 6.764419456149227683e-01
1.685333399999999983e+03 5.261709689883337093e-01
1.690666600000000017e+03 3.814697046642636091e-01
1.696000000000000000e+03 2.569190917134933083e-01
1.701333399999999983e+03 1.640771195212483990e-01
1.706666600000000017e+03 1.048874790368999055e-01
1.712000000000000000e+03 6.964888307630537345e-02
1.717333399999999983e+03 4.810744007919798282e-02
1.722666600000000017e+03 3.342324016157564859e-02
1.728000000000000000e+03 2.137152466009313578e-02
1.733333399999999983e+03 1.517062637578264761e-02
1.738666600000000017e+03 1.887758216640714887e-02
1.744000000000000000e+03 3.118317125121931183e-02
1.749333399999999983e+03 5.063589316705822269e-02
1.754666600000000017e+03 6.817131432416838333e-02
1.760000000000000000e+03 7.434326112989390889e-02
1.765333399999999983e+03 7.002567297022437021e-02
1.770666600000000017e+03 6.409592990728429918e-02
1.776000000000000000e+03 6.030125768687530363e-02
1.781333399999999983e+03 6.324657373669255456e-02
1.786666600000000017e+03 6.954595406625678489e-02
1.792000000000000000e+03 7.086593842335693616e-02
1.797333399999999983e+03 6.002480079626677789e-02
1.802666600000000017e+03 3.027605626773024333e-02
