6.080000000000000000e+02 8.653741093054279077e-02
6.133333099999999831e+02 9.116713450815745745e-02
6.186666900000000169e+02 7.878393202119853000e-02
6.240000000000000000e+02 5.757230141618457919e-02
6.293333099999999831e+02 3.867105988263034450e-02
6.346666900000000169e+02 2.576071483445735791e-02
6.400000000000000000e+02 2.105633522097181964e-02
6.453333099999999831e+02 1.473492915538340831e-02
6.506666900000000169e+02 5.675383100890813055e-03
6.560000000000000000e+02 0.000000000000000000e+00
6.613333099999999831e+02 1.430739942261663109e-03
6.666666900000000169e+02 1.215955590680736602e-02
6.720000000000000000e+02 3.869657620171557816e-02
6.773333099999999831e+02 6.607785009598192427e-02
6.826666900000000169e+02 9.457452801712078194e-02
6.880000000000000000e+02 1.237959563870214552e-01
6.933333099999999831e+02 1.439670219345320912e-01
6.986666900000000169e+02 1.492186929770893677e-01
7.040000000000000000e+02 1.491017028732488370e-01
7.093333099999999831e+02 1.443953600095881085e-01
7.146666900000000169e+02 1.364129841986406189e-01
7.200000000000000000e+02 1.320440412434932820e-01
7.253333099999999831e+02 1.306699462426125502e-01
7.306666900000000169e+02 1.296124996014878794e-01
7.360000000000000000e+02 1.349949149416163618e-01
7.413333099999999831e+02 1.461601535941638164e-01
7.466666900000000169e+02 1.502435457028185872e-01
7.520000000000000000e+02 1.447434968847108316e-01
7.573333099999999831e+02 1.299685181214254026e-01
7.626666900000000169e+02 1.126238502146526543e-01
7.680000000000000000e+02 1.061931420685450628e-01
7.733333099999999831e+02 1.194014841947554223e-01
7.786666900000000169e+02 1.470170782548722854e-01
7.840000000000000000e+02 1.805723628802603231e-01
7.893333099999999831e+02 2.126855682701965233e-01
7.946666900000000169e+02 2.424457499798593207e-01
8.000000000000000000e+02 2.726162838986341264e-01
8.053333099999999831e+02 3.047552216953540727e-01
8.106666900000000169e+02 3.374618959221410974e-01
8.160000000000000000e+02 3.638924054289194299e-01
8.213333099999999831e+02 3.836970743307455134e-01
8.266666900000000169e+02 3.971100783848134363e-01
8.320000000000000000e+02 4.109384818794141747e-01
8.373333099999999831e+02 4.250749398058954465e-01
8.426666900000000169e+02 4.398477672299002661e-01
8.480000000000000000e+02 4.456622483079004104e-01
8.533333099999999831e+02 4.420971563875092936e-01
8.586666900000000169e+02 4.302503917769276987e-01
8.640000000000000000e+02 4.194816055311900715e-01
8.693333099999999831e+02 4.090860920907493092e-01
8.746666900000000169e+02 4.027424969779506148e-01
8.800000000000000000e+02 3.945544274120009187e-01
8.853333099999999831e+02 3.797761521861615086e-01
8.906666900000000169e+02 3.638285179389936230e-01
8.960000000000000000e+02 3.522343692274216287e-01
9.013333099999999831e+02 3.491788984334593393e-01
9.066666900000000169e+02 3.601961467474094070e-01
9.120000000000000000e+02 3.793564751412458746e-01
9.173333099999999831e+02 3.893243067406171876e-01
9.226666900000000169e+02 3.874199540704135192e-01
9.280000000000000000e+02 3.729589486329905057e-01
9.333333099999999831e+02 3.530576100727425559e-01
9.386666900000000169e+02 3.314584351175659527e-01
9.440000000000000000e+02 3.160652842084174519e-01
9.493333099999999831e+02 3.050597856252524887e-01
9.546666900000000169e+02 3.021432225601405341e-01
9.600000000000000000e+02 3.067615148779261891e-01
9.653333099999999831e+02 3.137101522656626229e-01
9.706666900000000169e+02 3.103474805892673105e-01
9.760000000000000000e+02 3.143249694186491250e-01
9.813333099999999831e+02 3.361954413710097622e-01
9.866666900000000169e+02 3.807562413415592206e-01
9.920000000000000000e+02 4.289153713051830352e-01
9.973333099999999831e+02 4.476505526741699770e-01
1.002666699999999992e+03 4.156297461481362476e-01
1.008000000000000000e+03 3.624158241786840096e-01
1.013333300000000008e+03 3.189604821779585819e-01
1.018666699999999992e+03 3.140238665608278690e-01
1.024000000000000000e+03 3.361619820930974445e-01
1.029333399999999983e+03 3.513026310196771251e-01
1.034666600000000017e+03 3.429853154579989849e-01
1.040000000000000000e+03 3.136882647432423510e-01
1.045333399999999983e+03 2.780309662516446401e-01
1.050666600000000017e+03 2.536513997499701412e-01
1.056000000000000000e+03 2.401777527716642824e-01
1.061333399999999983e+03 2.289306916307735085e-01
1.066666600000000017e+03 2.307825429730324951e-01
1.072000000000000000e+03 2.440023704258721671e-01
1.077333399999999983e+03 2.725146503128511033e-01
1.082666600000000017e+03 2.998586936952751247e-01
1.088000000000000000e+03 3.063141538100030981e-01
1.093333399999999983e+03 2.831377073118697130e-01
1.098666600000000017e+03 2.432368495360329452e-01
1.104000000000000000e+03 2.009942700422957529e-01
1.109333399999999983e+03 1.697050004275067470e-01
1.114666600000000017e+03 1.413868355770381835e-01
1.120000000000000000e+03 1.097000644611328540e-01
1.125333399999999983e+03 7.379746659483267524e-02
1.130666600000000017e+03 3.956324585120635923e-02
1.136000000000000000e+03 1.688653780831837065e-02
1.141333399999999983e+03 7.986978277206744151e-03
1.146666600000000017e+03 1.573597544034874979e-02
1.152000000000000000e+03 4.270027557793956707e-02
1.157333399999999983e+03 7.965985347429908880e-02
1.162666600000000017e+03 1.165734075322493180e-01
1.168000000000000000e+03 1.369737545779431687e-01
1.173333399999999983e+03 1.412319313849259572e-01
1.178666600000000017e+03 1.466702646137492405e-01
1.184000000000000000e+03 1.691998089688244999e-01
1.189333399999999983e+03 2.139578442212970999e-01
1.194666600000000017e+03 2.715903296668765177e-01
1.200000000000000000e+03 3.125466886803780486e-01
1.205333399999999983e+03 3.390992412214932084e-01
1.210666600000000017e+03 3.645100210128013329e-01
1.216000000000000000e+03 4.114070938584118986e-01
1.221333399999999983e+03 4.887699009338017930e-01
1.226666600000000017e+03 5.757831340822898714e-01
1.232000000000000000e+03 6.342581523566536150e-01
1.237333399999999983e+03 6.483375230634028652e-01
1.242666600000000017e+03 6.236188582173234352e-01
1.248000000000000000e+03 5.844685840143512001e-01
1.253333399999999983e+03 5.541630497184084625e-01
1.258666600000000017e+03 5.421732846624470747e-01
1.264000000000000000e+03 5.423251165860745182e-01
1.269333399999999983e+03 5.457093315833635438e-01
1.274666600000000017e+03 5.501543770378445330e-01
1.280000000000000000e+03 5.495718562054872081e-01
1.285333399999999983e+03 5.491732665947166581e-01
1.290666600000000017e+03 5.553985966063915702e-01
1.296000000000000000e+03 5.667013424257675291e-01
1.301333399999999983e+03 5.829990075062355670e-01
1.306666600000000017e+03 6.023173927661008564e-01
1.312000000000000000e+03 6.204579058413974835e-01
1.317333399999999983e+03 6.344696501231639196e-01
1.322666600000000017e+03 6.382329589344823972e-01
1.328000000000000000e+03 6.230385983056255794e-01
1.333333399999999983e+03 5.910648499987081195e-01
1.338666600000000017e+03 5.343790673695284488e-01
1.344000000000000000e+03 4.666516921675984975e-01
1.349333399999999983e+03 3.998575157273375202e-01
1.354666600000000017e+03 3.414474967165650465e-01
1.360000000000000000e+03 2.965871167756743421e-01
1.365333399999999983e+03 2.734073139955348619e-01
1.370666600000000017e+03 2.572600202440312178e-01
1.376000000000000000e+03 2.598607934671052777e-01
1.381333399999999983e+03 2.843047007304129736e-01
1.386666600000000017e+03 3.222205099236006842e-01
1.392000000000000000e+03 3.676500919523928990e-01
1.397333399999999983e+03 4.119533094117186489e-01
1.402666600000000017e+03 4.385692695111721995e-01
1.408000000000000000e+03 4.538434171477995771e-01
1.413333399999999983e+03 4.753699025723563398e-01
1.418666600000000017e+03 5.186460412520214058e-01
1.424000000000000000e+03 6.068577719623546862e-01
1.429333399999999983e+03 7.341079079230772297e-01
1.434666600000000017e+03 8.695758827371776745e-01
1.440000000000000000e+03 9.671950496247445628e-01
1.445333399999999983e+03 1.000000000000000000e+00
1.450666600000000017e+03 9.516887036384429344e-01
1.456000000000000000e+03 8.415073842809990268e-01
1.461333399999999983e+03 6.868764176990135306e-01
1.466666600000000017e+03 5.165707779996331350e-01
1.472000000000000000e+03 3.522502403014464711e-01
1.477333399999999983e+03 2.189442482357296105e-01
1.482666600000000017e+03 1.225662682395692316e-01
1.488000000000000000e+03 6.422884083031618618e-02
1.493333399999999983e+03 3.105831468504040294e-02
1.498666600000000017e+03 1.356151397411062276e-02
1.504000000000000000e+03 7.753231547455459623e-03
1.509333399999999983e+03 1.370487969503057096e-02
1.514666600000000017e+03 2.713980868387939893e-02
1.520000000000000000e+03 4.535048832023254317e-02
1.525333399999999983e+03 6.682913507994250879e-02
1.530666600000000017e+03 9.000513208854567238e-02
1.536000000000000000e+03 1.144158707703872985e-01
1.541333399999999983e+03 1.400709120008046815e-01
1.546666600000000017e+03 1.611407475059054295e-01
1.552000000000000000e+03 1.735545860865117251e-01
1.557333399999999983e+03 1.806969582384418960e-01
1.562666600000000017e+03 1.890036184843573719e-01
1.568000000000000000e+03 2.017085952137296911e-01
1.573333399999999983e+03 2.265365501309909435e-01
1.578666600000000017e+03 2.570941973888069554e-01
1.584000000000000000e+03 2.951195575720370057e-01
1.589333399999999983e+03 3.359497904149836289e-01
1.594666600000000017e+03 3.713992000244037417e-01
1.600000000000000000e+03 3.896298223920126591e-01
1.605333399999999983e+03 3.915893785300805785e-01
1.610666600000000017e+03 3.763284108005863771e-01
1.616000000000000000e+03 3.731260509762657773e-01
1.621333399999999983e+03 3.903021221819938935e-01
1.626666600000000017e+03 4.336663707640152077e-01
1.632000000000000000e+03 4.929883478214913684e-01
1.637333399999999983e+03 5.641790267164215056e-01
1.642666600000000017e+03 6.417751240189585316e-01
1.648000000000000000e+03 7.322854343885559780e-01
1.653333399999999983e+03 8.174692314616655020e-01
1.658666600000000017e+03 8.762878872823858245e-01
1.664000000000000000e+03 8.780119890759623402e-01
1.669333399999999983e+03 8.123235532200828724e-01
1.674666600000000017e+03 6.913990384823996971e-01
1.680000000000000000e+03 5.418368841308761619e-01
1.685333399999999983e+03 3.882886177569339625e-01
1.690666600000000017e+03 2.530215902056331956e-01
1.696000000000000000e+03 1.471100438048432990e-01
1.701333399999999983e+03 8.111472702351146813e-02
1.706666600000000017e+03 5.375778118271663797e-02
1.712000000000000000e+03 4.794171536464596900e-02
1.717333399999999983e+03 4.847832715862818859e-02
1.722666600000000017e+03 4.634509558237931426e-02
1.728000000000000000e+03 4.139417892408092658e-02
1.733333399999999983e+03 4.415885587577084853e-02
1.738666600000000017e+03 5.193609934744414236e-02
1.744000000000000000e+03 5.308698742956085431e-02
1.749333399999999983e+03 4.637346879353074908e-02
1.754666600000000017e+03 3.421000529870883017e-02
1.760000000000000000e+03 2.261103607352104444e-02
1.765333399999999983e+03 2.215165935353381743e-02
1.770666600000000017e+03 2.952364943267024588e-02
1.776000000000000000e+03 3.551598905663910788e-02
1.781333399999999983e+03 3.512438256238546719e-02
1.786666600000000017e+03 2.693263548229891252e-02
1.792000000000000000e+03 1.417665408286999940e-02
1.797333399999999983e+03 7.829367380657757322e-03
1.802666600000000017e+03 1.529423393373155124e-02
