6.080000000000000000e+02 1.269861443562904715e-02
6.133333099999999831e+02 3.122394368569559805e-02
6.186666900000000169e+02 3.086241168095377185e-02
6.240000000000000000e+02 2.027192133430481824e-02
6.293333099999999831e+02 1.016054140523111292e-02
6.346666900000000169e+02 8.586857272350442369e-03
6.400000000000000000e+02 1.275460885026916125e-02
6.453333099999999831e+02 1.427685377502980676e-02
6.506666900000000169e+02 1.233724078313603451e-02
6.560000000000000000e+02 8.156848198544439099e-03
6.613333099999999831e+02 5.398661867784619248e-03
6.666666900000000169e+02 5.317920616975352170e-03
6.720000000000000000e+02 6.136733937094098618e-03
6.773333099999999831e+02 5.653231089416914726e-03
6.826666900000000169e+02 7.220265663821902845e-03
6.880000000000000000e+02 1.593748837187161302e-02
6.933333099999999831e+02 3.692986559243036093e-02
6.986666900000000169e+02 6.745266404594052467e-02
7.040000000000000000e+02 9.745174760136258996e-02
7.093333099999999831e+02 1.157138505438122106e-01
7.146666900000000169e+02 1.164291366166439745e-01
7.200000000000000000e+02 1.042363741658372672e-01
7.253333099999999831e+02 9.079678925755904628e-02
7.306666900000000169e+02 8.224296687456038313e-02
7.360000000000000000e+02 7.821623102619575107e-02
7.413333099999999831e+02 7.648887864293785199e-02
7.466666900000000169e+02 7.562565346587456216e-02
7.520000000000000000e+02 7.980218976438804845e-02
7.573333099999999831e+02 9.050656768972131783e-02
7.626666900000000169e+02 9.625536846573520822e-02
7.680000000000000000e+02 9.001853964736994396e-02
7.733333099999999831e+02 7.576246721661675232e-02
7.786666900000000169e+02 5.758061471719280733e-02
7.840000000000000000e+02 4.465215026378895752e-02
7.893333099999999831e+02 4.341912503264831746e-02
7.946666900000000169e+02 5.157069371118497281e-02
8.000000000000000000e+02 6.941436208357962268e-02
8.053333099999999831e+02 1.041244975289200847e-01
8.106666900000000169e+02 1.473303106965671572e-01
8.160000000000000000e+02 1.922823582884877758e-01
8.213333099999999831e+02 2.251384376710067470e-01
8.266666900000000169e+02 2.385896600358998199e-01
8.320000000000000000e+02 2.377804834124677691e-01
8.373333099999999831e+02 2.421772507360646920e-01
8.426666900000000169e+02 2.621526456941600802e-01
8.480000000000000000e+02 3.004293725234632451e-01
8.533333099999999831e+02 3.370127986006391518e-01
8.586666900000000169e+02 3.536781428495257007e-01
8.640000000000000000e+02 3.459061507633609533e-01
8.693333099999999831e+02 3.271269898798440656e-01
8.746666900000000169e+02 3.073793400114600560e-01
8.800000000000000000e+02 2.921999873991912855e-01
8.853333099999999831e+02 2.781598774902844795e-01
8.906666900000000169e+02 2.629756619525069894e-01
8.960000000000000000e+02 2.541835756324526407e-01
9.013333099999999831e+02 2.620670209436013476e-01
9.066666900000000169e+02 2.841717900350496651e-01
9.120000000000000000e+02 3.141593710827231822e-01
9.173333099999999831e+02 3.396716930251539313e-01
9.226666900000000169e+02 3.503943277899872477e-01
9.280000000000000000e+02 3.451287496322690274e-01
9.333333099999999831e+02 3.290833691961532192e-01
9.386666900000000169e+02 3.104246234722864428e-01
9.440000000000000000e+02 2.972135326798813759e-01
9.493333099999999831e+02 2.878406470739826029e-01
9.546666900000000169e+02 2.801813234391871132e-01
9.600000000000000000e+02 2.703648963185566467e-01
9.653333099999999831e+02 2.569147252776483592e-01
9.706666900000000169e+02 2.445922783099597209e-01
9.760000000000000000e+02 2.313954375393899587e-01
9.813333099999999831e+02 2.256943441206392120e-01
9.866666900000000169e+02 2.463182300935331803e-01
9.920000000000000000e+02 3.035108130992106301e-01
9.973333099999999831e+02 3.773628558158166335e-01
1.002666699999999992e+03 4.342447891219994305e-01
1.008000000000000000e+03 4.352018298582355227e-01
1.013333300000000008e+03 3.860281382379755488e-01
1.018666699999999992e+03 3.283090479572230991e-01
1.024000000000000000e+03 3.033163126388119246e-01
1.029333399999999983e+03 3.101371864014771940e-01
1.034666600000000017e+03 3.278773721073018343e-01
1.040000000000000000e+03 3.292503531307708897e-01
1.045333399999999983e+03 3.061166530838190236e-01
1.050666600000000017e+03 2.709201939496004297e-01
1.056000000000000000e+03 2.380487120224508701e-01
1.061333399999999983e+03 2.107448280652619577e-01
1.066666600000000017e+03 1.956077364110812011e-01
1.072000000000000000e+03 1.963517686828548658e-01
1.077333399999999983e+03 2.070322061638343591e-01
1.082666600000000017e+03 2.237393771047665458e-01
1.088000000000000000e+03 2.370114977290412595e-01
1.093333399999999983e+03 2.366910118261621176e-01
1.098666600000000017e+03 2.216018859920224626e-01
1.104000000000000000e+03 1.962112011724091443e-01
1.109333399999999983e+03 1.660788128998347823e-01
1.114666600000000017e+03 1.412242774594226480e-01
1.120000000000000000e+03 1.217391730566843300e-01
1.125333399999999983e+03 1.019100253711659743e-01
1.130666600000000017e+03 7.408713754146475927e-02
1.136000000000000000e+03 3.930888921963590632e-02
1.141333399999999983e+03 1.121558721093425873e-02
1.146666600000000017e+03 2.490049403549226409e-03
1.152000000000000000e+03 1.599871962309260681e-02
1.157333399999999983e+03 4.776191214607616170e-02
1.162666600000000017e+03 7.900062116278484814e-02
1.168000000000000000e+03 9.794832122819240039e-02
1.173333399999999983e+03 1.097933237358977576e-01
1.178666600000000017e+03 1.198533827381507572e-01
1.184000000000000000e+03 1.378431793747588729e-01
1.189333399999999983e+03 1.703144436903872017e-01
1.194666600000000017e+03 2.105613460343098986e-01
1.200000000000000000e+03 2.519840559135237967e-01
1.205333399999999983e+03 2.941101687488399397e-01
1.210666600000000017e+03 3.358125947827715341e-01
1.216000000000000000e+03 3.853159814861424337e-01
1.221333399999999983e+03 4.536405332085998166e-01
1.226666600000000017e+03 5.414559340019798883e-01
1.232000000000000000e+03 6.399878986586229335e-01
1.237333399999999983e+03 7.308793395853497854e-01
1.242666600000000017e+03 7.905215027738943245e-01
1.248000000000000000e+03 8.101028739731057637e-01
1.253333399999999983e+03 7.969305471737314628e-01
1.258666600000000017e+03 7.650102360749935215e-01
1.264000000000000000e+03 7.304484682858799482e-01
1.269333399999999983e+03 7.025344623519551579e-01
1.274666600000000017e+03 6.804649231590800262e-01
1.280000000000000000e+03 6.667136267374508263e-01
1.285333399999999983e+03 6.591236860548030929e-01
1.290666600000000017e+03 6.545798314373977300e-01
1.296000000000000000e+03 6.557053035031510380e-01
1.301333399999999983e+03 6.675609265042773410e-01
1.306666600000000017e+03 6.930168728450090132e-01
1.312000000000000000e+03 7.298344447792064482e-01
1.317333399999999983e+03 7.619743298407235521e-01
1.322666600000000017e+03 7.797323728424664369e-01
1.328000000000000000e+03 7.818468397143040205e-01
1.333333399999999983e+03 7.687749211642829206e-01
1.338666600000000017e+03 7.471351189898147727e-01
1.344000000000000000e+03 7.130768726792834356e-01
1.349333399999999983e+03 6.583843802389425237e-01
1.354666600000000017e+03 5.949945727041154875e-01
1.360000000000000000e+03 5.350583517737997896e-01
1.365333399999999983e+03 4.842660808945378759e-01
1.370666600000000017e+03 4.532440783209736312e-01
1.376000000000000000e+03 4.388887502538085239e-01
1.381333399999999983e+03 4.358324412540979242e-01
1.386666600000000017e+03 4.476768329356510812e-01
1.392000000000000000e+03 4.691659929038179411e-01
1.397333399999999983e+03 4.914903501363635518e-01
1.402666600000000017e+03 5.102519213940196474e-01
1.408000000000000000e+03 5.161579578996697837e-01
1.413333399999999983e+03 5.081080097006273055e-01
1.418666600000000017e+03 4.992097168667437579e-01
1.424000000000000000e+03 5.059865606463815890e-01
1.429333399999999983e+03 5.527709886333933564e-01
1.434666600000000017e+03 6.535575123267419739e-01
1.440000000000000000e+03 7.857700379068687235e-01
1.445333399999999983e+03 9.156874810416935073e-01
1.450666600000000017e+03 9.992456293304854409e-01
1.456000000000000000e+03 9.999999999999998890e-01
1.461333399999999983e+03 9.208017903385457004e-01
1.466666600000000017e+03 7.825597037795293254e-01
1.472000000000000000e+03 6.026192371044386542e-01
1.477333399999999983e+03 4.193208156330446856e-01
1.482666600000000017e+03 2.529217280708380144e-01
1.488000000000000000e+03 1.187683496919242770e-01
1.493333399999999983e+03 3.576338836942664912e-02
1.498666600000000017e+03 4.748608539935132711e-03
1.504000000000000000e+03 9.017472256358226648e-03
1.509333399999999983e+03 3.361223103457648687e-02
1.514666600000000017e+03 5.636123409601390827e-02
1.520000000000000000e+03 6.764857813165281453e-02
1.525333399999999983e+03 7.290383676371156585e-02
1.530666600000000017e+03 8.289688416457738351e-02
1.536000000000000000e+03 1.083385991172809287e-01
1.541333399999999983e+03 1.494563976436110719e-01
1.546666600000000017e+03 1.974550926920144722e-01
1.552000000000000000e+03 2.429113143942759900e-01
1.557333399999999983e+03 2.774829005977668683e-01
1.562666600000000017e+03 2.990628926349916394e-01
1.568000000000000000e+03 3.215334905563386192e-01
1.573333399999999983e+03 3.479324567680867619e-01
1.578666600000000017e+03 3.779050724002920303e-01
1.584000000000000000e+03 4.121775440353754871e-01
1.589333399999999983e+03 4.491310387146302263e-01
1.594666600000000017e+03 4.863933019856678253e-01
1.600000000000000000e+03 5.347938990939490322e-01
1.605333399999999983e+03 5.879940270222552279e-01
1.610666600000000017e+03 6.349454364150888264e-01
1.616000000000000000e+03 6.639583182696305874e-01
1.621333399999999983e+03 6.756652916330301295e-01
1.626666600000000017e+03 6.696513043571444834e-01
1.632000000000000000e+03 6.574756963565161483e-01
1.637333399999999983e+03 6.587035670712740876e-01
1.642666600000000017e+03 6.828947447185007569e-01
1.648000000000000000e+03 7.327162634237180949e-01
1.653333399999999983e+03 8.108891270498019832e-01
1.658666600000000017e+03 8.961516478338975578e-01
1.664000000000000000e+03 9.612194552439632389e-01
1.669333399999999983e+03 9.908462411622742660e-01
1.674666600000000017e+03 9.656984542012075901e-01
1.680000000000000000e+03 8.822317467357674303e-01
1.685333399999999983e+03 7.546291166752515656e-01
1.690666600000000017e+03 5.997008990520280580e-01
1.696000000000000000e+03 4.405818777437662814e-01
1.701333399999999983e+03 3.001756002493590758e-01
1.706666600000000017e+03 1.865190575297562270e-01
1.712000000000000000e+03 1.038097606128804834e-01
1.717333399999999983e+03 5.268046812446205984e-02
1.722666600000000017e+03 2.567328980154659837e-02
1.728000000000000000e+03 1.583750880034188319e-02
1.733333399999999983e+03 1.418330065028329881e-02
1.738666600000000017e+03 9.459699122175492178e-03
1.744000000000000000e+03 2.728193538145339339e-03
1.749333399999999983e+03 0.000000000000000000e+00
1.754666600000000017e+03 1.092917012287865711e-03
1.760000000000000000e+03 7.332405677860364367e-03
1.765333399999999983e+03 1.786871981121365693e-02
1.770666600000000017e+03 2.747452881464660518e-02
1.776000000000000000e+03 3.931783926513033461e-02
1.781333399999999983e+03 5.383747094173687436e-02
1.786666600000000017e+03 6.569000413913650416e-02
1.792000000000000000e+03 7.092407999461082524e-02
1.797333399999999983e+03 6.331202639397703891e-02
1.802666600000000017e+03 3.744495126061957169e-02
