6.080000000000000000e+02 5.205866945495270584e-03
6.133333099999999831e+02 5.775600167310288025e-02
6.186666900000000169e+02 6.712110888589313540e-02
6.240000000000000000e+02 5.170752398719070941e-02
6.293333099999999831e+02 3.577350689698548247e-02
6.346666900000000169e+02 3.050047596451059898e-02
6.400000000000000000e+02 3.441056505079719691e-02
6.453333099999999831e+02 3.581325056049202565e-02
6.506666900000000169e+02 3.014187387598491266e-02
6.560000000000000000e+02 1.860999802137141071e-02
6.613333099999999831e+02 8.225867578146082645e-03
6.666666900000000169e+02 3.111456615286530350e-03
6.720000000000000000e+02 8.542734930741369137e-03
6.773333099999999831e+02 2.095976506110691640e-02
6.826666900000000169e+02 3.647866657189684225e-02
6.880000000000000000e+02 5.425883582890143886e-02
6.933333099999999831e+02 6.778291804076173876e-02
6.986666900000000169e+02 7.725833144882979231e-02
7.040000000000000000e+02 8.882062948976492123e-02
7.093333099999999831e+02 9.959756178486510458e-02
7.146666900000000169e+02 1.069385871573422381e-01
7.200000000000000000e+02 1.149341383448683890e-01
7.253333099999999831e+02 1.199924865104826932e-01
7.306666900000000169e+02 1.204532291082063972e-01
7.360000000000000000e+02 1.221916538571741484e-01
7.413333099999999831e+02 1.231751353092391532e-01
7.466666900000000169e+02 1.220060762500333323e-01
7.520000000000000000e+02 1.261247570456905109e-01
7.573333099999999831e+02 1.326780465274030874e-01
7.626666900000000169e+02 1.351083066190272297e-01
7.680000000000000000e+02 1.368907948173177236e-01
7.733333099999999831e+02 1.346211313128476417e-01
7.786666900000000169e+02 1.218469116810712571e-01
7.840000000000000000e+02 1.038604596562377608e-01
7.893333099999999831e+02 8.700710115098959918e-02
7.946666900000000169e+02 7.957735505080690275e-02
8.000000000000000000e+02 9.654963336104899208e-02
8.053333099999999831e+02 1.387128295078901286e-01
8.106666900000000169e+02 1.895799645902329633e-01
8.160000000000000000e+02 2.395478831350855153e-01
8.213333099999999831e+02 2.781244052691878577e-01
8.266666900000000169e+02 2.963873944293459184e-01
8.320000000000000000e+02 3.010615274888743809e-01
8.373333099999999831e+02 3.053875533752266058e-01
8.426666900000000169e+02 3.158313609804788147e-01
8.480000000000000000e+02 3.387521054487341865e-01
8.533333099999999831e+02 3.655454789904378221e-01
8.586666900000000169e+02 3.786375986172706432e-01
8.640000000000000000e+02 3.742849877158336280e-01
8.693333099999999831e+02 3.602919169540476640e-01
8.746666900000000169e+02 3.469943134889058034e-01
8.800000000000000000e+02 3.371907131566044824e-01
8.853333099999999831e+02 3.285252401175616788e-01
8.906666900000000169e+02 3.176773477609770580e-01
8.960000000000000000e+02 3.069087743617855968e-01
9.013333099999999831e+02 3.013822196374170148e-01
9.066666900000000169e+02 3.108816678032960690e-01
9.120000000000000000e+02 3.337339673912519400e-01
9.173333099999999831e+02 3.648182480824935792e-01
9.226666900000000169e+02 3.965456487405597530e-01
9.280000000000000000e+02 4.154088570938797020e-01
9.333333099999999831e+02 4.175821035697096506e-01
9.386666900000000169e+02 4.084397462580992011e-01
9.440000000000000000e+02 3.935538250364153390e-01
9.493333099999999831e+02 3.790153933011651821e-01
9.546666900000000169e+02 3.702115410528094563e-01
9.600000000000000000e+02 3.590499881760203515e-01
9.653333099999999831e+02 3.479776002836607041e-01
9.706666900000000169e+02 3.338714391201009213e-01
9.760000000000000000e+02 3.108255468061650872e-01
9.813333099999999831e+02 2.979928655168533891e-01
9.866666900000000169e+02 3.205723585595582348e-01
9.920000000000000000e+02 3.781688642980485238e-01
9.973333099999999831e+02 4.537421054546122989e-01
1.002666699999999992e+03 5.038001600016507320e-01
1.008000000000000000e+03 4.863528447191193260e-01
1.013333300000000008e+03 4.251087379406430777e-01
1.018666699999999992e+03 3.698956537785450527e-01
1.024000000000000000e+03 3.481266228892243020e-01
1.029333399999999983e+03 3.596446534618550350e-01
1.034666600000000017e+03 3.742396562138653460e-01
1.040000000000000000e+03 3.637814853952922589e-01
1.045333399999999983e+03 3.336829946753527287e-01
1.050666600000000017e+03 3.054280412580125392e-01
1.056000000000000000e+03 2.864975740681881544e-01
1.061333399999999983e+03 2.771685669254696505e-01
1.066666600000000017e+03 2.698004441039089096e-01
1.072000000000000000e+03 2.649833748730368033e-01
1.077333399999999983e+03 2.622170121654670560e-01
1.082666600000000017e+03 2.676239705144643488e-01
1.088000000000000000e+03 2.791682432886754550e-01
1.093333399999999983e+03 2.866340716127511179e-01
1.098666600000000017e+03 2.780868595777223340e-01
1.104000000000000000e+03 2.542884265443449698e-01
1.109333399999999983e+03 2.233816777291467714e-01
1.114666600000000017e+03 1.940737300885626293e-01
1.120000000000000000e+03 1.731436344305955222e-01
1.125333399999999983e+03 1.499362411803735473e-01
1.130666600000000017e+03 1.109834901067549701e-01
1.136000000000000000e+03 6.128160793692976477e-02
1.141333399999999983e+03 2.259277831460073521e-02
1.146666600000000017e+03 7.817357163468466666e-03
1.152000000000000000e+03 2.823239728819058186e-02
1.157333399999999983e+03 6.992567160793899950e-02
1.162666600000000017e+03 1.076689711043052888e-01
1.168000000000000000e+03 1.257357086058631668e-01
1.173333399999999983e+03 1.260811256873025921e-01
1.178666600000000017e+03 1.177196476997781072e-01
1.184000000000000000e+03 1.179595232041499298e-01
1.189333399999999983e+03 1.381353094369198176e-01
1.194666600000000017e+03 1.775693001348253586e-01
1.200000000000000000e+03 2.244045471530130564e-01
1.205333399999999983e+03 2.711298083582130425e-01
1.210666600000000017e+03 3.141598421540993669e-01
1.216000000000000000e+03 3.551783655485326041e-01
1.221333399999999983e+03 4.126046846137550461e-01
1.226666600000000017e+03 4.906801667252365107e-01
1.232000000000000000e+03 5.787391261657515162e-01
1.237333399999999983e+03 6.601925494540863415e-01
1.242666600000000017e+03 7.165772768398427361e-01
1.248000000000000000e+03 7.357722407782861795e-01
1.253333399999999983e+03 7.312549559996266435e-01
1.258666600000000017e+03 7.088708686223484934e-01
1.264000000000000000e+03 6.822394107915873418e-01
1.269333399999999983e+03 6.571670214693705603e-01
1.274666600000000017e+03 6.351031569984958436e-01
1.280000000000000000e+03 6.110492642112091977e-01
1.285333399999999983e+03 5.863597341928719064e-01
1.290666600000000017e+03 5.602955250108415663e-01
1.296000000000000000e+03 5.484686464460337696e-01
1.301333399999999983e+03 5.564856147688067578e-01
1.306666600000000017e+03 5.833198032816948597e-01
1.312000000000000000e+03 6.178620810364333638e-01
1.317333399999999983e+03 6.487292487304487931e-01
1.322666600000000017e+03 6.672310229926725622e-01
1.328000000000000000e+03 6.732136601609123305e-01
1.333333399999999983e+03 6.658034437450263132e-01
1.338666600000000017e+03 6.380902851065893833e-01
1.344000000000000000e+03 5.897042343131555509e-01
1.349333399999999983e+03 5.225652592936038676e-01
1.354666600000000017e+03 4.500011392873056182e-01
1.360000000000000000e+03 3.888656718586715466e-01
1.365333399999999983e+03 3.518995376651534723e-01
1.370666600000000017e+03 3.304512242854012460e-01
1.376000000000000000e+03 3.209271558191845175e-01
1.381333399999999983e+03 3.119107825305249548e-01
1.386666600000000017e+03 3.103469901045472490e-01
1.392000000000000000e+03 3.221077850672867116e-01
1.397333399999999983e+03 3.436998753538593188e-01
1.402666600000000017e+03 3.685963204628304735e-01
1.408000000000000000e+03 3.943657881281545929e-01
1.413333399999999983e+03 4.075551651220530314e-01
1.418666600000000017e+03 4.234580949284864615e-01
1.424000000000000000e+03 4.549158945145584942e-01
1.429333399999999983e+03 5.115473404514938593e-01
1.434666600000000017e+03 6.127667370594424012e-01
1.440000000000000000e+03 7.463150818488462068e-01
1.445333399999999983e+03 8.692726691255782123e-01
1.450666600000000017e+03 9.549571792888106314e-01
1.456000000000000000e+03 9.741034711763890686e-01
1.461333399999999983e+03 9.140486777292425868e-01
1.466666600000000017e+03 7.910074320899400657e-01
1.472000000000000000e+03 6.194566868218148725e-01
1.477333399999999983e+03 4.338073921867846572e-01
1.482666600000000017e+03 2.690697360968974383e-01
1.488000000000000000e+03 1.459187073418099223e-01
1.493333399999999983e+03 6.864118161633039894e-02
1.498666600000000017e+03 2.662455725918077762e-02
1.504000000000000000e+03 4.290264026885941620e-03
1.509333399999999983e+03 3.570106375512946666e-03
1.514666600000000017e+03 1.288643179286097507e-02
1.520000000000000000e+03 2.356268854315526559e-02
1.525333399999999983e+03 3.167991442056987406e-02
1.530666600000000017e+03 3.714204321994769853e-02
1.536000000000000000e+03 4.284258410423751051e-02
1.541333399999999983e+03 6.054629516523880178e-02
1.546666600000000017e+03 8.665745797296973973e-02
1.552000000000000000e+03 1.125493075963094614e-01
1.557333399999999983e+03 1.348986828728656329e-01
1.562666600000000017e+03 1.513847041332612164e-01
1.568000000000000000e+03 1.632257023631316639e-01
1.573333399999999983e+03 1.788978277751868962e-01
1.578666600000000017e+03 1.984109629901498473e-01
1.584000000000000000e+03 2.199092906474872933e-01
1.589333399999999983e+03 2.465256080028779551e-01
1.594666600000000017e+03 2.734868982026395501e-01
1.600000000000000000e+03 3.056138014178739759e-01
1.605333399999999983e+03 3.385755003719517764e-01
1.610666600000000017e+03 3.680981798594714083e-01
1.616000000000000000e+03 3.934814272958523929e-01
1.621333399999999983e+03 4.200631253103390139e-01
1.626666600000000017e+03 4.481799994604918624e-01
1.632000000000000000e+03 4.867286945844661594e-01
1.637333399999999983e+03 5.340945723965159209e-01
1.642666600000000017e+03 5.931705779964280278e-01
1.648000000000000000e+03 6.708734958105597723e-01
1.653333399999999983e+03 7.667168035970570727e-01
1.658666600000000017e+03 8.706024919072941071e-01
1.664000000000000000e+03 9.588424038877111366e-01
1.669333399999999983e+03 9.999999999999998890e-01
1.674666600000000017e+03 9.736832660512330095e-01
1.680000000000000000e+03 8.833630079590304440e-01
1.685333399999999983e+03 7.489206380496125082e-01
1.690666600000000017e+03 5.985780048723698954e-01
1.696000000000000000e+03 4.499216186852239563e-01
1.701333399999999983e+03 3.145935383683297060e-01
1.706666600000000017e+03 2.019923562808710049e-01
1.712000000000000000e+03 1.179446787897123206e-01
1.717333399999999983e+03 6.460507080802872781e-02
1.722666600000000017e+03 3.837702497532904933e-02
1.728000000000000000e+03 2.749567189430274575e-02
1.733333399999999983e+03 2.296514633580026485e-02
1.738666600000000017e+03 1.858054741610598234e-02
1.744000000000000000e+03 1.039565209485087197e-02
1.749333399999999983e+03 2.065022078860777842e-03
1.754666600000000017e+03 0.000000000000000000e+00
1.760000000000000000e+03 5.748845009501405562e-03
1.765333399999999983e+03 1.934139898656928036e-02
1.770666600000000017e+03 3.376953011843364383e-02
1.776000000000000000e+03 4.301967832042073031e-02
1.781333399999999983e+03 4.654858319458458210e-02
1.786666600000000017e+03 4.605432869938085039e-02
1.792000000000000000e+03 4.195788520265757854e-02
1.797333399999999983e+03 3.503480026623576743e-02
1.802666600000000017e+03 2.591423195806723256e-02
