6.080000000000000000e+02 9.052157200905079637e-02
6.133333099999999831e+02 8.927202400527824155e-02
6.186666900000000169e+02 7.941543581304069677e-02
6.240000000000000000e+02 6.366667644402375370e-02
6.293333099999999831e+02 4.511484191700493307e-02
6.346666900000000169e+02 2.344469176604476596e-02
6.400000000000000000e+02 6.589839659245289548e-03
6.453333099999999831e+02 0.000000000000000000e+00
6.506666900000000169e+02 1.489116434839616102e-03
6.560000000000000000e+02 1.040020049430236473e-02
6.613333099999999831e+02 2.412844118110605424e-02
6.666666900000000169e+02 3.528704359081603903e-02
6.720000000000000000e+02 5.014668203244584954e-02
6.773333099999999831e+02 7.381368178387130718e-02
6.826666900000000169e+02 9.625220354528279953e-02
6.880000000000000000e+02 1.161712523092926636e-01
6.933333099999999831e+02 1.321180763787101198e-01
6.986666900000000169e+02 1.423615560330677987e-01
7.040000000000000000e+02 1.495820986806692676e-01
7.093333099999999831e+02 1.566713538510283998e-01
7.146666900000000169e+02 1.538833927545888713e-01
7.200000000000000000e+02 1.403137465303727349e-01
7.253333099999999831e+02 1.220572183138301514e-01
7.306666900000000169e+02 1.098279917851318066e-01
7.360000000000000000e+02 1.080808798422076972e-01
7.413333099999999831e+02 1.154753263691184750e-01
7.466666900000000169e+02 1.248845056339269038e-01
7.520000000000000000e+02 1.274581080630839969e-01
7.573333099999999831e+02 1.247990535456359740e-01
7.626666900000000169e+02 1.224934677303985697e-01
7.680000000000000000e+02 1.229229839260671947e-01
7.733333099999999831e+02 1.215350245336505181e-01
7.786666900000000169e+02 1.260855525536884736e-01
7.840000000000000000e+02 1.380019420034425959e-01
7.893333099999999831e+02 1.587602993165079801e-01
7.946666900000000169e+02 1.886833882473130664e-01
8.000000000000000000e+02 2.281109720556877829e-01
8.053333099999999831e+02 2.642561294414096928e-01
8.106666900000000169e+02 2.964097124211915735e-01
8.160000000000000000e+02 3.194284677992995092e-01
8.213333099999999831e+02 3.299272220374016573e-01
8.266666900000000169e+02 3.364782074839018366e-01
8.320000000000000000e+02 3.512541734631814405e-01
8.373333099999999831e+02 3.718685816698291124e-01
8.426666900000000169e+02 3.905871051622825663e-01
8.480000000000000000e+02 4.000565183034937022e-01
8.533333099999999831e+02 3.918040849501813194e-01
8.586666900000000169e+02 3.748961386581277644e-01
8.640000000000000000e+02 3.616059501714222191e-01
8.693333099999999831e+02 3.568559237816968932e-01
8.746666900000000169e+02 3.527671122415034222e-01
8.800000000000000000e+02 3.456008978641424978e-01
8.853333099999999831e+02 3.279270759646040201e-01
8.906666900000000169e+02 3.060842175797401366e-01
8.960000000000000000e+02 2.928607220961810809e-01
9.013333099999999831e+02 2.991886862647610279e-01
9.066666900000000169e+02 3.181071110261449730e-01
9.120000000000000000e+02 3.441220271698070543e-01
9.173333099999999831e+02 3.642828296871009064e-01
9.226666900000000169e+02 3.708282923511882490e-01
9.280000000000000000e+02 3.657340229078562821e-01
9.333333099999999831e+02 3.574658027158317264e-01
9.386666900000000169e+02 3.492395714285823072e-01
9.440000000000000000e+02 3.435863071683319392e-01
9.493333099999999831e+02 3.360501744795111323e-01
9.546666900000000169e+02 3.231299821802617322e-01
9.600000000000000000e+02 3.050861430209386715e-01
9.653333099999999831e+02 2.863311100300985346e-01
9.706666900000000169e+02 2.745706736357307887e-01
9.760000000000000000e+02 2.799519689487985907e-01
9.813333099999999831e+02 3.105828940646399583e-01
9.866666900000000169e+02 3.649404317903060524e-01
9.920000000000000000e+02 4.215544622372335848e-01
9.973333099999999831e+02 4.535106270013191110e-01
1.002666699999999992e+03 4.461281748034012229e-01
1.008000000000000000e+03 4.081711438219622901e-01
1.013333300000000008e+03 3.646514588337247398e-01
1.018666699999999992e+03 3.372413343507110195e-01
1.024000000000000000e+03 3.244177797494295912e-01
1.029333399999999983e+03 3.185817643469885940e-01
1.034666600000000017e+03 3.127016427288640266e-01
1.040000000000000000e+03 3.074366681856714467e-01
1.045333399999999983e+03 2.998311003424498078e-01
1.050666600000000017e+03 2.861526981823062643e-01
1.056000000000000000e+03 2.655594994170912826e-01
1.061333399999999983e+03 2.443143273926231263e-01
1.066666600000000017e+03 2.327501348439290629e-01
1.072000000000000000e+03 2.424788741363011202e-01
1.077333399999999983e+03 2.612533968833403719e-01
1.082666600000000017e+03 2.735881766802039650e-01
1.088000000000000000e+03 2.727161927630726290e-01
1.093333399999999983e+03 2.525081692247804210e-01
1.098666600000000017e+03 2.200457201089101311e-01
1.104000000000000000e+03 1.875263167955029397e-01
1.109333399999999983e+03 1.581633338859495530e-01
1.114666600000000017e+03 1.311395271165321230e-01
1.120000000000000000e+03 1.049853254988758061e-01
1.125333399999999983e+03 7.305477669178409017e-02
1.130666600000000017e+03 4.125729649652430664e-02
1.136000000000000000e+03 1.587243198041058539e-02
1.141333399999999983e+03 6.870592778693987782e-03
1.146666600000000017e+03 1.590220138957629953e-02
1.152000000000000000e+03 4.006896065345581792e-02
1.157333399999999983e+03 6.981304665819827726e-02
1.162666600000000017e+03 9.795985765732150019e-02
1.168000000000000000e+03 1.177303586251464973e-01
1.173333399999999983e+03 1.297194571247710648e-01
1.178666600000000017e+03 1.411605781537067505e-01
1.184000000000000000e+03 1.616100231837111212e-01
1.189333399999999983e+03 1.942954500068286572e-01
1.194666600000000017e+03 2.370314413995353031e-01
1.200000000000000000e+03 2.859559823189680716e-01
1.205333399999999983e+03 3.339488390988400446e-01
1.210666600000000017e+03 3.826509947581946403e-01
1.216000000000000000e+03 4.425282640703258608e-01
1.221333399999999983e+03 5.177176446027713652e-01
1.226666600000000017e+03 5.990023326322659880e-01
1.232000000000000000e+03 6.716733985956581110e-01
1.237333399999999983e+03 7.139626572679602656e-01
1.242666600000000017e+03 7.151535781529516633e-01
1.248000000000000000e+03 6.881440927678248443e-01
1.253333399999999983e+03 6.534697009365255660e-01
1.258666600000000017e+03 6.179293637588113564e-01
1.264000000000000000e+03 5.902794005276585931e-01
1.269333399999999983e+03 5.683765712926108771e-01
1.274666600000000017e+03 5.484646941231665629e-01
1.280000000000000000e+03 5.322853282461310620e-01
1.285333399999999983e+03 5.266399661892325890e-01
1.290666600000000017e+03 5.282670329652295882e-01
1.296000000000000000e+03 5.423668558048078125e-01
1.301333399999999983e+03 5.662779648179444569e-01
1.306666600000000017e+03 5.947522279065445838e-01
1.312000000000000000e+03 6.177052477783733231e-01
1.317333399999999983e+03 6.326921808277574666e-01
1.322666600000000017e+03 6.368137623521806789e-01
1.328000000000000000e+03 6.283184448411838208e-01
1.333333399999999983e+03 6.013532131780392476e-01
1.338666600000000017e+03 5.516773272410608886e-01
1.344000000000000000e+03 4.783661387578971858e-01
1.349333399999999983e+03 4.004133943110477212e-01
1.354666600000000017e+03 3.382804658541448961e-01
1.360000000000000000e+03 3.020257382643165012e-01
1.365333399999999983e+03 2.870978130767724013e-01
1.370666600000000017e+03 2.826638377940488001e-01
1.376000000000000000e+03 2.787952514056257214e-01
1.381333399999999983e+03 2.829643501143662143e-01
1.386666600000000017e+03 3.027805880762066137e-01
1.392000000000000000e+03 3.381657008311531598e-01
1.397333399999999983e+03 3.791994307822574850e-01
1.402666600000000017e+03 4.117720555991602471e-01
1.408000000000000000e+03 4.296589487378975059e-01
1.413333399999999983e+03 4.435206634286208427e-01
1.418666600000000017e+03 4.765321442211969405e-01
1.424000000000000000e+03 5.495476850338079089e-01
1.429333399999999983e+03 6.654845793201845661e-01
1.434666600000000017e+03 8.063660310656293184e-01
1.440000000000000000e+03 9.309506543558799807e-01
1.445333399999999983e+03 9.999999999999998890e-01
1.450666600000000017e+03 9.931859565328666761e-01
1.456000000000000000e+03 9.065718437885499359e-01
1.461333399999999983e+03 7.546991231232175190e-01
1.466666600000000017e+03 5.763283410941132390e-01
1.472000000000000000e+03 3.949502612990475892e-01
1.477333399999999983e+03 2.404274479136719322e-01
1.482666600000000017e+03 1.300524061811385024e-01
1.488000000000000000e+03 6.113460103894211017e-02
1.493333399999999983e+03 2.295295133909043550e-02
1.498666600000000017e+03 1.047296562124852386e-02
1.504000000000000000e+03 1.083424962239013141e-02
1.509333399999999983e+03 1.980426147228197750e-02
1.514666600000000017e+03 3.397551229981196630e-02
1.520000000000000000e+03 5.063789155259694474e-02
1.525333399999999983e+03 6.633971295834678594e-02
1.530666600000000017e+03 8.047819801018815666e-02
1.536000000000000000e+03 9.894285494727697583e-02
1.541333399999999983e+03 1.192920110362966774e-01
1.546666600000000017e+03 1.440915330290068463e-01
1.552000000000000000e+03 1.715475745637083660e-01
1.557333399999999983e+03 1.962003618714261988e-01
1.562666600000000017e+03 2.107961387675399700e-01
1.568000000000000000e+03 2.203951949501787022e-01
1.573333399999999983e+03 2.248971811513955088e-01
1.578666600000000017e+03 2.349768602220842495e-01
1.584000000000000000e+03 2.534316894833090195e-01
1.589333399999999983e+03 2.806446594196330691e-01
1.594666600000000017e+03 3.105148765346095185e-01
1.600000000000000000e+03 3.372616358644535128e-01
1.605333399999999983e+03 3.589260748349371588e-01
1.610666600000000017e+03 3.782883032934487022e-01
1.616000000000000000e+03 4.011555333605030249e-01
1.621333399999999983e+03 4.322273019694281015e-01
1.626666600000000017e+03 4.761929049019574256e-01
1.632000000000000000e+03 5.316838959909665485e-01
1.637333399999999983e+03 6.014307936494625029e-01
1.642666600000000017e+03 6.815961069935927430e-01
1.648000000000000000e+03 7.737386999954521949e-01
1.653333399999999983e+03 8.654288004766091946e-01
1.658666600000000017e+03 9.390634804211157594e-01
1.664000000000000000e+03 9.720952714985180432e-01
1.669333399999999983e+03 9.426171969672112461e-01
1.674666600000000017e+03 8.436296908259770522e-01
1.680000000000000000e+03 6.973689354732545143e-01
1.685333399999999983e+03 5.337749148741486316e-01
1.690666600000000017e+03 3.821600531263690259e-01
1.696000000000000000e+03 2.619337167896741425e-01
1.701333399999999983e+03 1.729545866758471495e-01
1.706666600000000017e+03 1.094615017643476296e-01
1.712000000000000000e+03 7.009792147873131207e-02
1.717333399999999983e+03 5.180104189093512335e-02
1.722666600000000017e+03 5.047549143605423172e-02
1.728000000000000000e+03 6.052197242765658403e-02
1.733333399999999983e+03 7.076209584018414156e-02
1.738666600000000017e+03 7.550813341142939561e-02
1.744000000000000000e+03 7.637100573543173510e-02
1.749333399999999983e+03 7.506373607513669444e-02
1.754666600000000017e+03 7.527718864799182175e-02
1.760000000000000000e+03 7.837643429220880753e-02
1.765333399999999983e+03 7.830174402998173189e-02
1.770666600000000017e+03 7.495445941866947515e-02
1.776000000000000000e+03 6.991168894389969413e-02
1.781333399999999983e+03 6.324905285492922469e-02
1.786666600000000017e+03 5.549324465459115618e-02
1.792000000000000000e+03 4.628034816349978209e-02
1.797333399999999983e+03 3.227205735859440400e-02
1.802666600000000017e+03 1.123752064845688452e-02
