6.080000000000000000e+02 5.030173134055107576e-02
6.133333099999999831e+02 6.208696953882728020e-02
6.186666900000000169e+02 6.498049427836347092e-02
6.240000000000000000e+02 6.206316688214900956e-02
6.293333099999999831e+02 5.756285147441114747e-02
6.346666900000000169e+02 5.307933718732425754e-02
6.400000000000000000e+02 4.788008008974815877e-02
6.453333099999999831e+02 3.920084539434742082e-02
6.506666900000000169e+02 2.339491698827710076e-02
6.560000000000000000e+02 7.293134562469742385e-03
6.613333099999999831e+02 0.000000000000000000e+00
6.666666900000000169e+02 5.221043182795203318e-03
6.720000000000000000e+02 2.144721068620877164e-02
6.773333099999999831e+02 4.514570477626834999e-02
6.826666900000000169e+02 6.800963523006331446e-02
6.880000000000000000e+02 8.929636365306656276e-02
6.933333099999999831e+02 1.104609084308437045e-01
6.986666900000000169e+02 1.293232124751294010e-01
7.040000000000000000e+02 1.426628542339523353e-01
7.093333099999999831e+02 1.516953817874341082e-01
7.146666900000000169e+02 1.544525204263084150e-01
7.200000000000000000e+02 1.497904797296912838e-01
7.253333099999999831e+02 1.396077582300856990e-01
7.306666900000000169e+02 1.274174682419991489e-01
7.360000000000000000e+02 1.216259106714384641e-01
7.413333099999999831e+02 1.268517982912481246e-01
7.466666900000000169e+02 1.388656841001615905e-01
7.520000000000000000e+02 1.478817310998242485e-01
7.573333099999999831e+02 1.480826671369493142e-01
7.626666900000000169e+02 1.376205907055941813e-01
7.680000000000000000e+02 1.273961995450734741e-01
7.733333099999999831e+02 1.209016018618931237e-01
7.786666900000000169e+02 1.189342332454360052e-01
7.840000000000000000e+02 1.180422760504803992e-01
7.893333099999999831e+02 1.196890235378088446e-01
7.946666900000000169e+02 1.302693744785556329e-01
8.000000000000000000e+02 1.593032617696596154e-01
8.053333099999999831e+02 2.017043498443270300e-01
8.106666900000000169e+02 2.486548536649408336e-01
8.160000000000000000e+02 2.832775201058236325e-01
8.213333099999999831e+02 3.002031526588834209e-01
8.266666900000000169e+02 3.082258250659462018e-01
8.320000000000000000e+02 3.205861434764826212e-01
8.373333099999999831e+02 3.482447657673798935e-01
8.426666900000000169e+02 3.895902905369876268e-01
8.480000000000000000e+02 4.259172305821231075e-01
8.533333099999999831e+02 4.430790333652871449e-01
8.586666900000000169e+02 4.379549414014324293e-01
8.640000000000000000e+02 4.185232134094961087e-01
8.693333099999999831e+02 4.049491846996865485e-01
8.746666900000000169e+02 4.030738236861214907e-01
8.800000000000000000e+02 4.068857138316936961e-01
8.853333099999999831e+02 4.069062801039412536e-01
8.906666900000000169e+02 3.956708535526191062e-01
8.960000000000000000e+02 3.762354187270217087e-01
9.013333099999999831e+02 3.626148129631584505e-01
9.066666900000000169e+02 3.626429047699921693e-01
9.120000000000000000e+02 3.797041639410553282e-01
9.173333099999999831e+02 4.082237247504131861e-01
9.226666900000000169e+02 4.323505758041247815e-01
9.280000000000000000e+02 4.393418338266559253e-01
9.333333099999999831e+02 4.277535269130932627e-01
9.386666900000000169e+02 4.061920368357380129e-01
9.440000000000000000e+02 3.875187456255718699e-01
9.493333099999999831e+02 3.828524834163851143e-01
9.546666900000000169e+02 3.885067513308834153e-01
9.600000000000000000e+02 3.947036291722408885e-01
9.653333099999999831e+02 3.916771486421212756e-01
9.706666900000000169e+02 3.752209717416998269e-01
9.760000000000000000e+02 3.478590091998077227e-01
9.813333099999999831e+02 3.350825609698615537e-01
9.866666900000000169e+02 3.579777847693757509e-01
9.920000000000000000e+02 4.183154123068208996e-01
9.973333099999999831e+02 4.903362841770834146e-01
1.002666699999999992e+03 5.319495323677954079e-01
1.008000000000000000e+03 5.135004276294471426e-01
1.013333300000000008e+03 4.619996806285433522e-01
1.018666699999999992e+03 4.161900804523797626e-01
1.024000000000000000e+03 3.968052239491363098e-01
1.029333399999999983e+03 4.008891001060415626e-01
1.034666600000000017e+03 4.021550882085493384e-01
1.040000000000000000e+03 3.855076173916890392e-01
1.045333399999999983e+03 3.610970175540129667e-01
1.050666600000000017e+03 3.386743303210826284e-01
1.056000000000000000e+03 3.155110674812271476e-01
1.061333399999999983e+03 2.942120233749278557e-01
1.066666600000000017e+03 2.752493351324542536e-01
1.072000000000000000e+03 2.713718660058064280e-01
1.077333399999999983e+03 2.848677651224537088e-01
1.082666600000000017e+03 3.100910943513361939e-01
1.088000000000000000e+03 3.268492361938924451e-01
1.093333399999999983e+03 3.238589621749815017e-01
1.098666600000000017e+03 2.962156144447383732e-01
1.104000000000000000e+03 2.540418637654294765e-01
1.109333399999999983e+03 2.115507119188849705e-01
1.114666600000000017e+03 1.785824803621919032e-01
1.120000000000000000e+03 1.510086345996744517e-01
1.125333399999999983e+03 1.225639368744415036e-01
1.130666600000000017e+03 8.505793059259673938e-02
1.136000000000000000e+03 4.167765121500575931e-02
1.141333399999999983e+03 1.113718213390508388e-02
1.146666600000000017e+03 8.582686251207814060e-03
1.152000000000000000e+03 3.161997665326788526e-02
1.157333399999999983e+03 6.851589324507416368e-02
1.162666600000000017e+03 1.037080839943554239e-01
1.168000000000000000e+03 1.218558308834620796e-01
1.173333399999999983e+03 1.268490940920221355e-01
1.178666600000000017e+03 1.327607370638045348e-01
1.184000000000000000e+03 1.476082453555902785e-01
1.189333399999999983e+03 1.744381588767997260e-01
1.194666600000000017e+03 2.136230339200224648e-01
1.200000000000000000e+03 2.521864147164786796e-01
1.205333399999999983e+03 2.886411439436590842e-01
1.210666600000000017e+03 3.279754849278534445e-01
1.216000000000000000e+03 3.767964550295452297e-01
1.221333399999999983e+03 4.402001499210869140e-01
1.226666600000000017e+03 5.183306161562175607e-01
1.232000000000000000e+03 5.998437086123691309e-01
1.237333399999999983e+03 6.712911716926671657e-01
1.242666600000000017e+03 7.200818051822287513e-01
1.248000000000000000e+03 7.434028355979681590e-01
1.253333399999999983e+03 7.444082029402596667e-01
1.258666600000000017e+03 7.292162724303812293e-01
1.264000000000000000e+03 7.028442326893498127e-01
1.269333399999999983e+03 6.665693725037278305e-01
1.274666600000000017e+03 6.253101911942006153e-01
1.280000000000000000e+03 5.890420296203492390e-01
1.285333399999999983e+03 5.616225793709672676e-01
1.290666600000000017e+03 5.471403974297980310e-01
1.296000000000000000e+03 5.471335262264901411e-01
1.301333399999999983e+03 5.608703287959835304e-01
1.306666600000000017e+03 5.870180722508454574e-01
1.312000000000000000e+03 6.191251504244322801e-01
1.317333399999999983e+03 6.440887681502205364e-01
1.322666600000000017e+03 6.566825754513426761e-01
1.328000000000000000e+03 6.575399835704686113e-01
1.333333399999999983e+03 6.480561580676198474e-01
1.338666600000000017e+03 6.240450984125733846e-01
1.344000000000000000e+03 5.785344205270753770e-01
1.349333399999999983e+03 5.058341884376513775e-01
1.354666600000000017e+03 4.165759331063244586e-01
1.360000000000000000e+03 3.315433383826047464e-01
1.365333399999999983e+03 2.713744029305799055e-01
1.370666600000000017e+03 2.429844862669273409e-01
1.376000000000000000e+03 2.436184516078066520e-01
1.381333399999999983e+03 2.593347659979856612e-01
1.386666600000000017e+03 2.818667500637002665e-01
1.392000000000000000e+03 3.066196707198374227e-01
1.397333399999999983e+03 3.351698397396024043e-01
1.402666600000000017e+03 3.680524703863565783e-01
1.408000000000000000e+03 4.029456886848074015e-01
1.413333399999999983e+03 4.322854812896794741e-01
1.418666600000000017e+03 4.561929297478122813e-01
1.424000000000000000e+03 4.856476485151876576e-01
1.429333399999999983e+03 5.457268389414107190e-01
1.434666600000000017e+03 6.510618683875482038e-01
1.440000000000000000e+03 7.905034403416533184e-01
1.445333399999999983e+03 9.235922162460918905e-01
1.450666600000000017e+03 9.999999999999998890e-01
1.456000000000000000e+03 9.870443864869414829e-01
1.461333399999999983e+03 8.899494256928357494e-01
1.466666600000000017e+03 7.342560839515163140e-01
1.472000000000000000e+03 5.547630809457760881e-01
1.477333399999999983e+03 3.840008312306651406e-01
1.482666600000000017e+03 2.417121984716021355e-01
1.488000000000000000e+03 1.367731510873447798e-01
1.493333399999999983e+03 7.029530766390808261e-02
1.498666600000000017e+03 3.587657489738169808e-02
1.504000000000000000e+03 1.933872887463436094e-02
1.509333399999999983e+03 1.171606166086857151e-02
1.514666600000000017e+03 8.384441175516911191e-03
1.520000000000000000e+03 6.957765416645276743e-03
1.525333399999999983e+03 8.376955619734911124e-03
1.530666600000000017e+03 1.892347996052966275e-02
1.536000000000000000e+03 3.900880166227269769e-02
1.541333399999999983e+03 6.624098357565241790e-02
1.546666600000000017e+03 9.747627584106717535e-02
1.552000000000000000e+03 1.243254127164812040e-01
1.557333399999999983e+03 1.421430744178066030e-01
1.562666600000000017e+03 1.505127301142278884e-01
1.568000000000000000e+03 1.545876121754198029e-01
1.573333399999999983e+03 1.574956094902712211e-01
1.578666600000000017e+03 1.630635445472687073e-01
1.584000000000000000e+03 1.734926745162268524e-01
1.589333399999999983e+03 1.958071300499652778e-01
1.594666600000000017e+03 2.276566250359779442e-01
1.600000000000000000e+03 2.668208731458748262e-01
1.605333399999999983e+03 3.046017934001361560e-01
1.610666600000000017e+03 3.298430365480335968e-01
1.616000000000000000e+03 3.419893206075191316e-01
1.621333399999999983e+03 3.536337654357269433e-01
1.626666600000000017e+03 3.752149721313716713e-01
1.632000000000000000e+03 4.149624989302581057e-01
1.637333399999999983e+03 4.743790695294332060e-01
1.642666600000000017e+03 5.469397563776515758e-01
1.648000000000000000e+03 6.307556162861288618e-01
1.653333399999999983e+03 7.232390887376117794e-01
1.658666600000000017e+03 8.165205640797469355e-01
1.664000000000000000e+03 8.894994984648653125e-01
1.669333399999999983e+03 9.157371469132797870e-01
1.674666600000000017e+03 8.796652886302120944e-01
1.680000000000000000e+03 7.884490782582405100e-01
1.685333399999999983e+03 6.635616214862403162e-01
1.690666600000000017e+03 5.301972352029178381e-01
1.696000000000000000e+03 4.019189381099269598e-01
1.701333399999999983e+03 2.827421229575419748e-01
1.706666600000000017e+03 1.795365896635264247e-01
1.712000000000000000e+03 1.019267548809468793e-01
1.717333399999999983e+03 5.381468094382374501e-02
1.722666600000000017e+03 3.078015405299978219e-02
1.728000000000000000e+03 2.248526463723222318e-02
1.733333399999999983e+03 1.952238861713300605e-02
1.738666600000000017e+03 1.926100038266689157e-02
1.744000000000000000e+03 2.112623768137198571e-02
1.749333399999999983e+03 2.240802482989462385e-02
1.754666600000000017e+03 1.998978996873863878e-02
1.760000000000000000e+03 1.484083251287625881e-02
1.765333399999999983e+03 1.263333211188594728e-02
1.770666600000000017e+03 1.938321350103150431e-02
1.776000000000000000e+03 3.410949583393507734e-02
1.781333399999999983e+03 4.990056669979547888e-02
1.786666600000000017e+03 5.829515344007105138e-02
1.792000000000000000e+03 5.429443189941041137e-02
1.797333399999999983e+03 3.744659399925320126e-02
1.802666600000000017e+03 5.614763902993102213e-03
