6.080000000000000000e+02 2.156679642236790373e-02
6.133333099999999831e+02 3.519232200801713367e-02
6.186666900000000169e+02 4.536372976547164981e-02
6.240000000000000000e+02 5.130016542202377183e-02
6.293333099999999831e+02 5.101113276516872075e-02
6.346666900000000169e+02 4.610717588482526885e-02
6.400000000000000000e+02 3.920174702487488200e-02
6.453333099999999831e+02 3.200089396231185768e-02
6.506666900000000169e+02 2.257334574182739972e-02
6.560000000000000000e+02 1.205075622646756099e-02
6.613333099999999831e+02 3.807959939148237993e-03
6.666666900000000169e+02 3.682298054010288077e-03
6.720000000000000000e+02 1.295479907020682074e-02
6.773333099999999831e+02 3.088223404032772873e-02
6.826666900000000169e+02 5.009230913260125789e-02
6.880000000000000000e+02 6.646633953093067371e-02
6.933333099999999831e+02 8.027086156004077655e-02
6.986666900000000169e+02 9.213413041717827268e-02
7.040000000000000000e+02 1.023849862166342356e-01
7.093333099999999831e+02 1.148753953017443846e-01
7.146666900000000169e+02 1.266700981434972229e-01
7.200000000000000000e+02 1.315771679007714801e-01
7.253333099999999831e+02 1.291147597851242668e-01
7.306666900000000169e+02 1.191624241318423316e-01
7.360000000000000000e+02 1.099428142124197483e-01
7.413333099999999831e+02 1.109080505309638087e-01
7.466666900000000169e+02 1.226181475683709304e-01
7.520000000000000000e+02 1.366383593487868753e-01
7.573333099999999831e+02 1.468135940032325448e-01
7.626666900000000169e+02 1.451641672166234798e-01
7.680000000000000000e+02 1.381637909031274147e-01
7.733333099999999831e+02 1.295636226956656811e-01
7.786666900000000169e+02 1.244232275973078256e-01
7.840000000000000000e+02 1.228064885258856598e-01
7.893333099999999831e+02 1.269395971020249869e-01
7.946666900000000169e+02 1.361067706395625021e-01
8.000000000000000000e+02 1.552057688048970596e-01
8.053333099999999831e+02 1.807295564310292535e-01
8.106666900000000169e+02 2.118248595657206135e-01
8.160000000000000000e+02 2.426747735141515372e-01
8.213333099999999831e+02 2.715836097089414092e-01
8.266666900000000169e+02 2.964075320550800252e-01
8.320000000000000000e+02 3.198617987152971853e-01
8.373333099999999831e+02 3.446314321991014173e-01
8.426666900000000169e+02 3.721974108524881419e-01
8.480000000000000000e+02 3.973616348704620549e-01
8.533333099999999831e+02 4.108729201962849076e-01
8.586666900000000169e+02 4.102236560257613296e-01
8.640000000000000000e+02 3.996782396979475793e-01
8.693333099999999831e+02 3.850396081735585896e-01
8.746666900000000169e+02 3.724564023726784634e-01
8.800000000000000000e+02 3.598831580454331935e-01
8.853333099999999831e+02 3.400775763286314479e-01
8.906666900000000169e+02 3.180630625616222007e-01
8.960000000000000000e+02 2.998553801667007690e-01
9.013333099999999831e+02 2.911149625393383289e-01
9.066666900000000169e+02 2.995536241416805745e-01
9.120000000000000000e+02 3.208308079514263778e-01
9.173333099999999831e+02 3.432935797724862570e-01
9.226666900000000169e+02 3.633223242294135735e-01
9.280000000000000000e+02 3.736484881580851569e-01
9.333333099999999831e+02 3.746540785160282216e-01
9.386666900000000169e+02 3.711039492365869608e-01
9.440000000000000000e+02 3.623293687362926785e-01
9.493333099999999831e+02 3.484136319478298160e-01
9.546666900000000169e+02 3.392405331541281099e-01
9.600000000000000000e+02 3.320245042447775852e-01
9.653333099999999831e+02 3.263061772314009845e-01
9.706666900000000169e+02 3.181887482588369176e-01
9.760000000000000000e+02 2.957409661398696654e-01
9.813333099999999831e+02 2.719930660391551847e-01
9.866666900000000169e+02 2.791148222656997802e-01
9.920000000000000000e+02 3.258724377252880666e-01
9.973333099999999831e+02 3.957909298914339957e-01
1.002666699999999992e+03 4.513624253910910600e-01
1.008000000000000000e+03 4.475323479494482393e-01
1.013333300000000008e+03 3.948069598603236585e-01
1.018666699999999992e+03 3.392470802182855905e-01
1.024000000000000000e+03 3.123143096006459341e-01
1.029333399999999983e+03 3.176177740716078501e-01
1.034666600000000017e+03 3.329509264210376851e-01
1.040000000000000000e+03 3.286286408593493413e-01
1.045333399999999983e+03 3.073961081679555396e-01
1.050666600000000017e+03 2.800887841633755149e-01
1.056000000000000000e+03 2.568133958369313019e-01
1.061333399999999983e+03 2.456855336383757804e-01
1.066666600000000017e+03 2.427692294209158608e-01
1.072000000000000000e+03 2.421629251170566155e-01
1.077333399999999983e+03 2.488968807613558265e-01
1.082666600000000017e+03 2.548962878785835384e-01
1.088000000000000000e+03 2.586121247295364856e-01
1.093333399999999983e+03 2.589139983913705811e-01
1.098666600000000017e+03 2.445900526786039531e-01
1.104000000000000000e+03 2.121549895322812906e-01
1.109333399999999983e+03 1.756060999850345694e-01
1.114666600000000017e+03 1.430764543640437314e-01
1.120000000000000000e+03 1.196861120885763657e-01
1.125333399999999983e+03 9.961158486204339801e-02
1.130666600000000017e+03 6.987874538551572257e-02
1.136000000000000000e+03 3.193934308699581531e-02
1.141333399999999983e+03 4.240029038410450361e-03
1.146666600000000017e+03 2.485508320484441924e-04
1.152000000000000000e+03 1.957130065434620203e-02
1.157333399999999983e+03 5.110339585112001065e-02
1.162666600000000017e+03 8.286838393883214082e-02
1.168000000000000000e+03 1.073139260899931557e-01
1.173333399999999983e+03 1.206514157184738062e-01
1.178666600000000017e+03 1.258216519145664569e-01
1.184000000000000000e+03 1.278362809287169888e-01
1.189333399999999983e+03 1.340450484994227809e-01
1.194666600000000017e+03 1.574676299818537628e-01
1.200000000000000000e+03 1.991042983254421583e-01
1.205333399999999983e+03 2.481460957910490706e-01
1.210666600000000017e+03 2.992513433707068571e-01
1.216000000000000000e+03 3.547894114687858425e-01
1.221333399999999983e+03 4.221804169178983157e-01
1.226666600000000017e+03 5.041594268079268026e-01
1.232000000000000000e+03 5.963915095885924389e-01
1.237333399999999983e+03 6.772802776429643901e-01
1.242666600000000017e+03 7.278193498787123294e-01
1.248000000000000000e+03 7.419769119343480046e-01
1.253333399999999983e+03 7.281452868387131572e-01
1.258666600000000017e+03 6.933387260271600683e-01
1.264000000000000000e+03 6.595725547224750018e-01
1.269333399999999983e+03 6.334874304325720518e-01
1.274666600000000017e+03 6.160200733798010253e-01
1.280000000000000000e+03 6.011013015371764467e-01
1.285333399999999983e+03 5.834864314075512981e-01
1.290666600000000017e+03 5.595932224746740236e-01
1.296000000000000000e+03 5.424771094281279904e-01
1.301333399999999983e+03 5.450468051874478581e-01
1.306666600000000017e+03 5.722257802360628531e-01
1.312000000000000000e+03 6.101477361103486707e-01
1.317333399999999983e+03 6.439560547779741295e-01
1.322666600000000017e+03 6.619168360699699827e-01
1.328000000000000000e+03 6.617723422904334685e-01
1.333333399999999983e+03 6.532546247508767001e-01
1.338666600000000017e+03 6.371349216378087155e-01
1.344000000000000000e+03 6.003459547367105964e-01
1.349333399999999983e+03 5.393883945003709046e-01
1.354666600000000017e+03 4.562144065093678424e-01
1.360000000000000000e+03 3.656575646829396398e-01
1.365333399999999983e+03 2.950235514303445883e-01
1.370666600000000017e+03 2.575087862368688474e-01
1.376000000000000000e+03 2.483632314899013593e-01
1.381333399999999983e+03 2.605221881467724154e-01
1.386666600000000017e+03 2.831393325113497617e-01
1.392000000000000000e+03 3.096775288894240141e-01
1.397333399999999983e+03 3.405150866776278096e-01
1.402666600000000017e+03 3.749520104799508036e-01
1.408000000000000000e+03 4.087935874129546288e-01
1.413333399999999983e+03 4.360652730460349291e-01
1.418666600000000017e+03 4.595256851983654522e-01
1.424000000000000000e+03 4.908494758410161252e-01
1.429333399999999983e+03 5.497121937677412751e-01
1.434666600000000017e+03 6.501221554327771823e-01
1.440000000000000000e+03 7.820381135837999320e-01
1.445333399999999983e+03 9.113569389529054821e-01
1.450666600000000017e+03 9.942080130047334929e-01
1.456000000000000000e+03 1.000000000000000000e+00
1.461333399999999983e+03 9.250227221969296032e-01
1.466666600000000017e+03 7.869448394469910069e-01
1.472000000000000000e+03 6.124009948375788159e-01
1.477333399999999983e+03 4.369380819924745807e-01
1.482666600000000017e+03 2.775299825068626158e-01
1.488000000000000000e+03 1.506346041445371930e-01
1.493333399999999983e+03 6.449149925941248529e-02
1.498666600000000017e+03 1.735564324083719093e-02
1.504000000000000000e+03 0.000000000000000000e+00
1.509333399999999983e+03 4.271858883020199400e-03
1.514666600000000017e+03 1.395392384568752350e-02
1.520000000000000000e+03 2.453325758706021917e-02
1.525333399999999983e+03 3.388234573293513047e-02
1.530666600000000017e+03 4.278225745612433684e-02
1.536000000000000000e+03 5.382539726294867377e-02
1.541333399999999983e+03 7.246081945938427638e-02
1.546666600000000017e+03 9.661284460840743882e-02
1.552000000000000000e+03 1.232705373638897928e-01
1.557333399999999983e+03 1.437302872783357277e-01
1.562666600000000017e+03 1.569863300028419839e-01
1.568000000000000000e+03 1.655414357020600358e-01
1.573333399999999983e+03 1.751829754326149624e-01
1.578666600000000017e+03 1.821084556224564499e-01
1.584000000000000000e+03 1.879151126042510056e-01
1.589333399999999983e+03 1.923727922756302000e-01
1.594666600000000017e+03 2.051942823932005333e-01
1.600000000000000000e+03 2.353700001284803611e-01
1.605333399999999983e+03 2.767463455855051491e-01
1.610666600000000017e+03 3.129489934309336308e-01
1.616000000000000000e+03 3.382284566912496238e-01
1.621333399999999983e+03 3.560792647386722964e-01
1.626666600000000017e+03 3.794923859360257445e-01
1.632000000000000000e+03 4.231433549467479294e-01
1.637333399999999983e+03 4.853366494678088561e-01
1.642666600000000017e+03 5.587841000192028673e-01
1.648000000000000000e+03 6.405044977740300682e-01
1.653333399999999983e+03 7.340252852522152205e-01
1.658666600000000017e+03 8.301434168272028291e-01
1.664000000000000000e+03 9.081565125211249478e-01
1.669333399999999983e+03 9.431074678435493741e-01
1.674666600000000017e+03 9.150524234438441873e-01
1.680000000000000000e+03 8.264476666861272358e-01
1.685333399999999983e+03 7.010503437380740666e-01
1.690666600000000017e+03 5.589000090203377624e-01
1.696000000000000000e+03 4.166618787225358500e-01
1.701333399999999983e+03 2.887502971838240562e-01
1.706666600000000017e+03 1.811366232853842129e-01
1.712000000000000000e+03 1.017588405706549015e-01
1.717333399999999983e+03 5.288369811047075736e-02
1.722666600000000017e+03 2.649730035717903082e-02
1.728000000000000000e+03 1.525466743333347627e-02
1.733333399999999983e+03 1.096286642942067603e-02
1.738666600000000017e+03 7.906521414298754713e-03
1.744000000000000000e+03 7.400039341219826448e-03
1.749333399999999983e+03 7.852834911741241042e-03
1.754666600000000017e+03 8.034312165611573117e-03
1.760000000000000000e+03 9.742533700349553794e-03
1.765333399999999983e+03 1.208269355242193310e-02
1.770666600000000017e+03 1.594973414744914678e-02
1.776000000000000000e+03 2.164507415613579205e-02
1.781333399999999983e+03 2.346434065424152574e-02
1.786666600000000017e+03 1.933484187530895571e-02
1.792000000000000000e+03 1.260783091881408080e-02
1.797333399999999983e+03 9.360588236229535480e-03
1.802666600000000017e+03 1.416761634483081241e-02
