6.080000000000000000e+02 1.344957864850006291e-01
6.133333099999999831e+02 1.474372964356762683e-01
6.186666900000000169e+02 1.516107249182258032e-01
6.240000000000000000e+02 1.491694152261029416e-01
6.293333099999999831e+02 1.446827487922019428e-01
6.346666900000000169e+02 1.355381036894906244e-01
6.400000000000000000e+02 1.159933753883162083e-01
6.453333099999999831e+02 8.642227283474214483e-02
6.506666900000000169e+02 4.969713321670256312e-02
6.560000000000000000e+02 1.725472526686750926e-02
6.613333099999999831e+02 1.236425480516611941e-03
6.666666900000000169e+02 0.000000000000000000e+00
6.720000000000000000e+02 8.881801280609970956e-03
6.773333099999999831e+02 3.153032524979118567e-02
6.826666900000000169e+02 6.421052510438002292e-02
6.880000000000000000e+02 9.824411771231514323e-02
6.933333099999999831e+02 1.263929876260892482e-01
6.986666900000000169e+02 1.408350825332069234e-01
7.040000000000000000e+02 1.406115451245382175e-01
7.093333099999999831e+02 1.335675065196301470e-01
7.146666900000000169e+02 1.237464039134562044e-01
7.200000000000000000e+02 1.108832160608718143e-01
7.253333099999999831e+02 9.546354692535552466e-02
7.306666900000000169e+02 8.624334664627542058e-02
7.360000000000000000e+02 8.428494666279486014e-02
7.413333099999999831e+02 8.993467965685059129e-02
7.466666900000000169e+02 9.752903342515371887e-02
7.520000000000000000e+02 1.013953800716273640e-01
7.573333099999999831e+02 9.750495229303267342e-02
7.626666900000000169e+02 9.524620812756763588e-02
7.680000000000000000e+02 9.011110132992539157e-02
7.733333099999999831e+02 8.649165121730771622e-02
7.786666900000000169e+02 8.201558528824649807e-02
7.840000000000000000e+02 7.692912369078939994e-02
7.893333099999999831e+02 7.875238889436678158e-02
7.946666900000000169e+02 9.667233451179958748e-02
8.000000000000000000e+02 1.268104915906764218e-01
8.053333099999999831e+02 1.711178821143898299e-01
8.106666900000000169e+02 2.196518852991126425e-01
8.160000000000000000e+02 2.602163888560179994e-01
8.213333099999999831e+02 2.819622516764548337e-01
8.266666900000000169e+02 2.840700022920441548e-01
8.320000000000000000e+02 2.756545244201679679e-01
8.373333099999999831e+02 2.777291167148081552e-01
8.426666900000000169e+02 2.988770225169816164e-01
8.480000000000000000e+02 3.301966931223841994e-01
8.533333099999999831e+02 3.466255429857468262e-01
8.586666900000000169e+02 3.405638260521966498e-01
8.640000000000000000e+02 3.197245366629765106e-01
8.693333099999999831e+02 3.012489095330478928e-01
8.746666900000000169e+02 2.914364580903979207e-01
8.800000000000000000e+02 2.848228859433725724e-01
8.853333099999999831e+02 2.714845644400739055e-01
8.906666900000000169e+02 2.479268488726390496e-01
8.960000000000000000e+02 2.255835766922928698e-01
9.013333099999999831e+02 2.192536374977558100e-01
9.066666900000000169e+02 2.313033081962129200e-01
9.120000000000000000e+02 2.535545881094397602e-01
9.173333099999999831e+02 2.765573614218839182e-01
9.226666900000000169e+02 2.789289616777121950e-01
9.280000000000000000e+02 2.637035259227543116e-01
9.333333099999999831e+02 2.420024343989999605e-01
9.386666900000000169e+02 2.204282144744704186e-01
9.440000000000000000e+02 2.041944900884962444e-01
9.493333099999999831e+02 1.958545186826917972e-01
9.546666900000000169e+02 1.807671942227426221e-01
9.600000000000000000e+02 1.630370972852466793e-01
9.653333099999999831e+02 1.450299454504309915e-01
9.706666900000000169e+02 1.288254506276135247e-01
9.760000000000000000e+02 1.146493849377427238e-01
9.813333099999999831e+02 1.151731207858299882e-01
9.866666900000000169e+02 1.401548731759938715e-01
9.920000000000000000e+02 1.938179161836459941e-01
9.973333099999999831e+02 2.585268704955873131e-01
1.002666699999999992e+03 3.010314435092544261e-01
1.008000000000000000e+03 2.874531363999578426e-01
1.013333300000000008e+03 2.363089428193852481e-01
1.018666699999999992e+03 1.871462734598261790e-01
1.024000000000000000e+03 1.686799524406130957e-01
1.029333399999999983e+03 1.838141056773469062e-01
1.034666600000000017e+03 2.063817200460563717e-01
1.040000000000000000e+03 2.094283324227345366e-01
1.045333399999999983e+03 1.953400407608219536e-01
1.050666600000000017e+03 1.719559119035223294e-01
1.056000000000000000e+03 1.486332179153334321e-01
1.061333399999999983e+03 1.368007427695420164e-01
1.066666600000000017e+03 1.375757384660761251e-01
1.072000000000000000e+03 1.504378922332790247e-01
1.077333399999999983e+03 1.735427242084101040e-01
1.082666600000000017e+03 1.966366815925418010e-01
1.088000000000000000e+03 2.094845994604899175e-01
1.093333399999999983e+03 2.149570176862911353e-01
1.098666600000000017e+03 2.134254371227289337e-01
1.104000000000000000e+03 2.022495867381315926e-01
1.109333399999999983e+03 1.864018693084686928e-01
1.114666600000000017e+03 1.684615390520753375e-01
1.120000000000000000e+03 1.486679486306933529e-01
1.125333399999999983e+03 1.279998200765632144e-01
1.130666600000000017e+03 1.019415394740791347e-01
1.136000000000000000e+03 6.680554339725948421e-02
1.141333399999999983e+03 3.372352839326477059e-02
1.146666600000000017e+03 1.545362336211619607e-02
1.152000000000000000e+03 1.799090098709937163e-02
1.157333399999999983e+03 3.900513817710364595e-02
1.162666600000000017e+03 6.779685661368990701e-02
1.168000000000000000e+03 9.392404222496064659e-02
1.173333399999999983e+03 1.154235178580707705e-01
1.178666600000000017e+03 1.305666218046624971e-01
1.184000000000000000e+03 1.402986274195327787e-01
1.189333399999999983e+03 1.540520583487790252e-01
1.194666600000000017e+03 1.774414804431778403e-01
1.200000000000000000e+03 2.116835785103478862e-01
1.205333399999999983e+03 2.537592831969293639e-01
1.210666600000000017e+03 2.938830843432548856e-01
1.216000000000000000e+03 3.360295561252963359e-01
1.221333399999999983e+03 3.915828919225133320e-01
1.226666600000000017e+03 4.619834608522215280e-01
1.232000000000000000e+03 5.332341759128028658e-01
1.237333399999999983e+03 5.953772097215778158e-01
1.242666600000000017e+03 6.327626423188352778e-01
1.248000000000000000e+03 6.401344381817527518e-01
1.253333399999999983e+03 6.286052806350277411e-01
1.258666600000000017e+03 6.061656796422412175e-01
1.264000000000000000e+03 5.721667717206457837e-01
1.269333399999999983e+03 5.482484829843198293e-01
1.274666600000000017e+03 5.371029250260027643e-01
1.280000000000000000e+03 5.245683412862227613e-01
1.285333399999999983e+03 5.088897909974561262e-01
1.290666600000000017e+03 4.893102981224880521e-01
1.296000000000000000e+03 4.716415905450561108e-01
1.301333399999999983e+03 4.759737291957750749e-01
1.306666600000000017e+03 5.100696715302173168e-01
1.312000000000000000e+03 5.546146485565078832e-01
1.317333399999999983e+03 5.884631432053013533e-01
1.322666600000000017e+03 5.976754763956277916e-01
1.328000000000000000e+03 5.830278685078497114e-01
1.333333399999999983e+03 5.537014134851810931e-01
1.338666600000000017e+03 5.218066565651732214e-01
1.344000000000000000e+03 4.806364490948564772e-01
1.349333399999999983e+03 4.184749172199667133e-01
1.354666600000000017e+03 3.330278995797079644e-01
1.360000000000000000e+03 2.417531760174905786e-01
1.365333399999999983e+03 1.722132269523364567e-01
1.370666600000000017e+03 1.395253110930758378e-01
1.376000000000000000e+03 1.388596506450445744e-01
1.381333399999999983e+03 1.513236483788444053e-01
1.386666600000000017e+03 1.625119861379027975e-01
1.392000000000000000e+03 1.732591224741837910e-01
1.397333399999999983e+03 1.991911054990306573e-01
1.402666600000000017e+03 2.457380349296649225e-01
1.408000000000000000e+03 3.001141799546382383e-01
1.413333399999999983e+03 3.484139806430517350e-01
1.418666600000000017e+03 3.864023376783007335e-01
1.424000000000000000e+03 4.231941567807030458e-01
1.429333399999999983e+03 4.933696511030809528e-01
1.434666600000000017e+03 6.157122485625576847e-01
1.440000000000000000e+03 7.669195203109062664e-01
1.445333399999999983e+03 9.110735413439010610e-01
1.450666600000000017e+03 1.000000000000000000e+00
1.456000000000000000e+03 9.977879937071890692e-01
1.461333399999999983e+03 9.107553610485505935e-01
1.466666600000000017e+03 7.608646765107719423e-01
1.472000000000000000e+03 5.731293046611851683e-01
1.477333399999999983e+03 3.914963069292822784e-01
1.482666600000000017e+03 2.423345759424891943e-01
1.488000000000000000e+03 1.366227843373826745e-01
1.493333399999999983e+03 7.262361575924253243e-02
1.498666600000000017e+03 3.642352833796660971e-02
1.504000000000000000e+03 1.694640144222755648e-02
1.509333399999999983e+03 1.838109437431070803e-02
1.514666600000000017e+03 3.515365074648655469e-02
1.520000000000000000e+03 5.799869897749444780e-02
1.525333399999999983e+03 7.634890031834865032e-02
1.530666600000000017e+03 8.821758723427108873e-02
1.536000000000000000e+03 1.024423827501207002e-01
1.541333399999999983e+03 1.286852912896143952e-01
1.546666600000000017e+03 1.669223879917044739e-01
1.552000000000000000e+03 2.043917919931920735e-01
1.557333399999999983e+03 2.281233504577620808e-01
1.562666600000000017e+03 2.313192900905328142e-01
1.568000000000000000e+03 2.186025333319542019e-01
1.573333399999999983e+03 2.017831603242653260e-01
1.578666600000000017e+03 1.999655690678709685e-01
1.584000000000000000e+03 2.227559072417401864e-01
1.589333399999999983e+03 2.661880517506564625e-01
1.594666600000000017e+03 3.168673954483155475e-01
1.600000000000000000e+03 3.626485254360192756e-01
1.605333399999999983e+03 3.968261023395627252e-01
1.610666600000000017e+03 4.186580908346435037e-01
1.616000000000000000e+03 4.349179325681143404e-01
1.621333399999999983e+03 4.469283268090645245e-01
1.626666600000000017e+03 4.604989553738670360e-01
1.632000000000000000e+03 4.779810139053329299e-01
1.637333399999999983e+03 5.100677491156344612e-01
1.642666600000000017e+03 5.591860457174553378e-01
1.648000000000000000e+03 6.313878604666313121e-01
1.653333399999999983e+03 7.263871983852679959e-01
1.658666600000000017e+03 8.285798871123090104e-01
1.664000000000000000e+03 9.034640365423797226e-01
1.669333399999999983e+03 9.289029590532857927e-01
1.674666600000000017e+03 8.880780652181503587e-01
1.680000000000000000e+03 7.872981025006399181e-01
1.685333399999999983e+03 6.573322586223758757e-01
1.690666600000000017e+03 5.219778452591544715e-01
1.696000000000000000e+03 3.910193934400138516e-01
1.701333399999999983e+03 2.725424885941518105e-01
1.706666600000000017e+03 1.704590882137506647e-01
1.712000000000000000e+03 8.887350732876586612e-02
1.717333399999999983e+03 3.737449626722609552e-02
1.722666600000000017e+03 1.579083055003648040e-02
1.728000000000000000e+03 1.318232821038730143e-02
1.733333399999999983e+03 1.841572692831564689e-02
1.738666600000000017e+03 2.584190356792243071e-02
1.744000000000000000e+03 3.136268092014582454e-02
1.749333399999999983e+03 3.418505284275375616e-02
1.754666600000000017e+03 3.709016567323787650e-02
1.760000000000000000e+03 3.955212093772650372e-02
1.765333399999999983e+03 4.185428317345859378e-02
1.770666600000000017e+03 4.745210336214611413e-02
1.776000000000000000e+03 5.573749059147585505e-02
1.781333399999999983e+03 6.518331439613844758e-02
1.786666600000000017e+03 7.395927704940068181e-02
1.792000000000000000e+03 7.421538882370076751e-02
1.797333399999999983e+03 5.778934340567537520e-02
1.802666600000000017e+03 1.729754504968720324e-02
