6.080000000000000000e+02 8.043920145924479681e-02
6.133333099999999831e+02 6.186220612113808165e-02
6.186666900000000169e+02 5.317569477638268982e-02
6.240000000000000000e+02 5.089867830224783368e-02
6.293333099999999831e+02 5.333866472410690729e-02
6.346666900000000169e+02 5.052334545796158954e-02
6.400000000000000000e+02 3.910058465335426725e-02
6.453333099999999831e+02 2.464689313099691081e-02
6.506666900000000169e+02 9.709635214137460682e-03
6.560000000000000000e+02 0.000000000000000000e+00
6.613333099999999831e+02 4.158300080898564080e-03
6.666666900000000169e+02 1.882849881674671447e-02
6.720000000000000000e+02 3.976268808317971748e-02
6.773333099999999831e+02 6.582332727049571008e-02
6.826666900000000169e+02 9.154492259388075093e-02
6.880000000000000000e+02 1.119529066835863451e-01
6.933333099999999831e+02 1.263966281453390850e-01
6.986666900000000169e+02 1.333489857148646429e-01
7.040000000000000000e+02 1.320317503708473283e-01
7.093333099999999831e+02 1.270136993451748131e-01
7.146666900000000169e+02 1.230294843979796576e-01
7.200000000000000000e+02 1.204439319471601877e-01
7.253333099999999831e+02 1.180912829537653502e-01
7.306666900000000169e+02 1.124785006776938406e-01
7.360000000000000000e+02 1.058354337564470921e-01
7.413333099999999831e+02 1.028780796958252697e-01
7.466666900000000169e+02 1.045644771428434483e-01
7.520000000000000000e+02 1.057055541214215882e-01
7.573333099999999831e+02 1.023164657547212114e-01
7.626666900000000169e+02 9.040590546087767798e-02
7.680000000000000000e+02 7.624193795155115305e-02
7.733333099999999831e+02 6.313217919189509364e-02
7.786666900000000169e+02 5.703604270936653287e-02
7.840000000000000000e+02 6.074782141486844561e-02
7.893333099999999831e+02 8.038123197913227269e-02
7.946666900000000169e+02 1.171844380383064571e-01
8.000000000000000000e+02 1.673951019144077068e-01
8.053333099999999831e+02 2.158191659288286601e-01
8.106666900000000169e+02 2.557153783190014851e-01
8.160000000000000000e+02 2.773813980872575358e-01
8.213333099999999831e+02 2.841988316678706883e-01
8.266666900000000169e+02 2.892326366116601544e-01
8.320000000000000000e+02 3.040486761504511692e-01
8.373333099999999831e+02 3.284369330936726672e-01
8.426666900000000169e+02 3.541345200453374087e-01
8.480000000000000000e+02 3.622098103484114873e-01
8.533333099999999831e+02 3.453361942165055765e-01
8.586666900000000169e+02 3.182289413189731686e-01
8.640000000000000000e+02 2.994050047308645657e-01
8.693333099999999831e+02 2.944840844445977823e-01
8.746666900000000169e+02 2.987365115705498120e-01
8.800000000000000000e+02 3.031923692954239247e-01
8.853333099999999831e+02 3.031019164977396541e-01
8.906666900000000169e+02 3.036260818232590086e-01
8.960000000000000000e+02 3.094449890712452911e-01
9.013333099999999831e+02 3.196358241599736583e-01
9.066666900000000169e+02 3.331633039028437104e-01
9.120000000000000000e+02 3.490923014930901735e-01
9.173333099999999831e+02 3.633640689765478271e-01
9.226666900000000169e+02 3.692651264337370454e-01
9.280000000000000000e+02 3.621510634094310399e-01
9.333333099999999831e+02 3.459015881259200897e-01
9.386666900000000169e+02 3.269883446232755286e-01
9.440000000000000000e+02 3.149739823946599571e-01
9.493333099999999831e+02 3.145223111430447971e-01
9.546666900000000169e+02 3.198221630503917945e-01
9.600000000000000000e+02 3.192594715325549615e-01
9.653333099999999831e+02 3.099279152822089767e-01
9.706666900000000169e+02 2.943130572869123718e-01
9.760000000000000000e+02 2.961632512795171479e-01
9.813333099999999831e+02 3.346914668480857613e-01
9.866666900000000169e+02 4.002314034092651629e-01
9.920000000000000000e+02 4.604521196929954874e-01
9.973333099999999831e+02 4.820539561011803475e-01
1.002666699999999992e+03 4.509108251724364136e-01
1.008000000000000000e+03 3.977224383305173472e-01
1.013333300000000008e+03 3.604299516075386567e-01
1.018666699999999992e+03 3.529758566305681300e-01
1.024000000000000000e+03 3.685208475634295655e-01
1.029333399999999983e+03 3.824530176496782619e-01
1.034666600000000017e+03 3.742370960047432527e-01
1.040000000000000000e+03 3.453108978024144182e-01
1.045333399999999983e+03 3.088130082280537425e-01
1.050666600000000017e+03 2.750150424635661173e-01
1.056000000000000000e+03 2.528196881322246070e-01
1.061333399999999983e+03 2.410941053090799036e-01
1.066666600000000017e+03 2.365922897244748802e-01
1.072000000000000000e+03 2.380300646318724012e-01
1.077333399999999983e+03 2.495589555751818456e-01
1.082666600000000017e+03 2.650742207997958122e-01
1.088000000000000000e+03 2.729132517620980747e-01
1.093333399999999983e+03 2.659437318809051987e-01
1.098666600000000017e+03 2.415285975235094418e-01
1.104000000000000000e+03 2.051413530747981939e-01
1.109333399999999983e+03 1.685818007542893293e-01
1.114666600000000017e+03 1.347820837505442904e-01
1.120000000000000000e+03 9.805819901604220790e-02
1.125333399999999983e+03 6.178657360318680347e-02
1.130666600000000017e+03 3.028742594545469347e-02
1.136000000000000000e+03 1.204379561631292207e-02
1.141333399999999983e+03 1.450458482027211504e-02
1.146666600000000017e+03 3.637714552893470121e-02
1.152000000000000000e+03 6.066429649370829597e-02
1.157333399999999983e+03 7.577281794778936708e-02
1.162666600000000017e+03 8.019251416086178863e-02
1.168000000000000000e+03 8.048623853670616723e-02
1.173333399999999983e+03 8.696176240558191328e-02
1.178666600000000017e+03 1.114297574495480836e-01
1.184000000000000000e+03 1.508812254636622552e-01
1.189333399999999983e+03 1.973452622463461592e-01
1.194666600000000017e+03 2.446692441847960198e-01
1.200000000000000000e+03 2.880856765482229798e-01
1.205333399999999983e+03 3.290484946911435005e-01
1.210666600000000017e+03 3.803124500984521039e-01
1.216000000000000000e+03 4.448254706472431486e-01
1.221333399999999983e+03 5.181373085285774227e-01
1.226666600000000017e+03 5.915988171151183028e-01
1.232000000000000000e+03 6.487960638831367088e-01
1.237333399999999983e+03 6.835985096741826750e-01
1.242666600000000017e+03 6.923520151579705129e-01
1.248000000000000000e+03 6.798325774504254682e-01
1.253333399999999983e+03 6.546080207401396844e-01
1.258666600000000017e+03 6.278647129024816920e-01
1.264000000000000000e+03 6.031737749090290146e-01
1.269333399999999983e+03 5.866093488882014872e-01
1.274666600000000017e+03 5.676181844596800419e-01
1.280000000000000000e+03 5.503735339787421132e-01
1.285333399999999983e+03 5.361155687222168842e-01
1.290666600000000017e+03 5.300093850303334575e-01
1.296000000000000000e+03 5.424690361338067035e-01
1.301333399999999983e+03 5.719089580039840026e-01
1.306666600000000017e+03 6.051719209113700648e-01
1.312000000000000000e+03 6.357626927227520985e-01
1.317333399999999983e+03 6.541813249133195951e-01
1.322666600000000017e+03 6.564395050075244598e-01
1.328000000000000000e+03 6.458534189424892658e-01
1.333333399999999983e+03 6.133303966413981012e-01
1.338666600000000017e+03 5.581086864259441338e-01
1.344000000000000000e+03 4.868704542648549238e-01
1.349333399999999983e+03 4.108593120621047423e-01
1.354666600000000017e+03 3.445053572764189553e-01
1.360000000000000000e+03 3.010569368790914080e-01
1.365333399999999983e+03 2.771338189578275157e-01
1.370666600000000017e+03 2.745714186614678920e-01
1.376000000000000000e+03 2.888705026289328237e-01
1.381333399999999983e+03 3.103017539673895153e-01
1.386666600000000017e+03 3.351260037267542180e-01
1.392000000000000000e+03 3.628819309119900582e-01
1.397333399999999983e+03 3.874033945436917148e-01
1.402666600000000017e+03 4.098881611697613447e-01
1.408000000000000000e+03 4.277589506435759970e-01
1.413333399999999983e+03 4.411587922785579208e-01
1.418666600000000017e+03 4.684369065123781817e-01
1.424000000000000000e+03 5.332157894347989702e-01
1.429333399999999983e+03 6.461061488868492519e-01
1.434666600000000017e+03 7.907220407926323080e-01
1.440000000000000000e+03 9.261554586602257499e-01
1.445333399999999983e+03 1.000000000000000222e+00
1.450666600000000017e+03 9.850940692960926670e-01
1.456000000000000000e+03 8.871819801248089776e-01
1.461333399999999983e+03 7.341114247292068740e-01
1.466666600000000017e+03 5.583824306761970835e-01
1.472000000000000000e+03 3.905813385820879335e-01
1.477333399999999983e+03 2.444438870293737798e-01
1.482666600000000017e+03 1.329036276428656183e-01
1.488000000000000000e+03 6.197915086591026385e-02
1.493333399999999983e+03 2.871427656524355373e-02
1.498666600000000017e+03 2.020217332532624893e-02
1.504000000000000000e+03 2.077979510683663697e-02
1.509333399999999983e+03 1.830383583178408352e-02
1.514666600000000017e+03 1.298916334738625493e-02
1.520000000000000000e+03 1.010306495933084754e-02
1.525333399999999983e+03 1.744433731794791526e-02
1.530666600000000017e+03 3.991072813614577469e-02
1.536000000000000000e+03 7.378632682882479976e-02
1.541333399999999983e+03 1.125211393149409822e-01
1.546666600000000017e+03 1.438477237128796271e-01
1.552000000000000000e+03 1.641889159229266704e-01
1.557333399999999983e+03 1.717504628696185920e-01
1.562666600000000017e+03 1.748014392687317342e-01
1.568000000000000000e+03 1.803137595915858538e-01
1.573333399999999983e+03 1.947618827785133622e-01
1.578666600000000017e+03 2.146159956227596810e-01
1.584000000000000000e+03 2.469179776583664832e-01
1.589333399999999983e+03 2.853023126131273846e-01
1.594666600000000017e+03 3.256708194133698941e-01
1.600000000000000000e+03 3.573941130822723689e-01
1.605333399999999983e+03 3.799096823490855090e-01
1.610666600000000017e+03 3.919528506626338560e-01
1.616000000000000000e+03 4.061407828091879724e-01
1.621333399999999983e+03 4.278053790482818641e-01
1.626666600000000017e+03 4.642935492513542428e-01
1.632000000000000000e+03 5.131402218356649891e-01
1.637333399999999983e+03 5.857558481965103869e-01
1.642666600000000017e+03 6.835982772833021359e-01
1.648000000000000000e+03 7.969341437230681446e-01
1.653333399999999983e+03 9.024746380999363327e-01
1.658666600000000017e+03 9.725983744611599313e-01
1.664000000000000000e+03 9.783641171424652949e-01
1.669333399999999983e+03 9.204563361723065995e-01
1.674666600000000017e+03 8.110489065091023297e-01
1.680000000000000000e+03 6.686297265809559853e-01
1.685333399999999983e+03 5.151369182296487992e-01
1.690666600000000017e+03 3.706309639712184190e-01
1.696000000000000000e+03 2.467210762515483213e-01
1.701333399999999983e+03 1.538138939392449667e-01
1.706666600000000017e+03 9.275926194837391670e-02
1.712000000000000000e+03 5.779632561841013816e-02
1.717333399999999983e+03 4.150948714675729151e-02
1.722666600000000017e+03 3.706520988238570097e-02
1.728000000000000000e+03 3.619261119538528387e-02
1.733333399999999983e+03 3.354438210507065810e-02
1.738666600000000017e+03 3.049921602519662517e-02
1.744000000000000000e+03 3.079767565594410117e-02
1.749333399999999983e+03 3.830009419928667030e-02
1.754666600000000017e+03 4.971975369266222466e-02
1.760000000000000000e+03 5.424559483878519522e-02
1.765333399999999983e+03 4.692048468469679767e-02
1.770666600000000017e+03 3.605780205738853134e-02
1.776000000000000000e+03 2.847343805098774550e-02
1.781333399999999983e+03 2.892161165020615265e-02
1.786666600000000017e+03 3.417052620295037840e-02
1.792000000000000000e+03 3.567494742450642853e-02
1.797333399999999983e+03 2.959677315761502503e-02
1.802666600000000017e+03 1.148979119063774090e-02
