6.080000000000000000e+02 6.021213899673348580e-02
6.133333099999999831e+02 9.365084815545696162e-02
6.186666900000000169e+02 9.605469874086722259e-02
6.240000000000000000e+02 7.818273296322457433e-02
6.293333099999999831e+02 5.174090579166860937e-02
6.346666900000000169e+02 2.861394649965469730e-02
6.400000000000000000e+02 1.141031684316931583e-02
6.453333099999999831e+02 1.201710590613483398e-03
6.506666900000000169e+02 0.000000000000000000e+00
6.560000000000000000e+02 4.308067425598791945e-03
6.613333099999999831e+02 1.227159995628052808e-02
6.666666900000000169e+02 2.251530410902793239e-02
6.720000000000000000e+02 3.236549087679628511e-02
6.773333099999999831e+02 4.120482002455856663e-02
6.826666900000000169e+02 5.302944002597549666e-02
6.880000000000000000e+02 6.493398224923449535e-02
6.933333099999999831e+02 7.899514608742309874e-02
6.986666900000000169e+02 9.542954926175796493e-02
7.040000000000000000e+02 1.122763067863319919e-01
7.093333099999999831e+02 1.239205264590118316e-01
7.146666900000000169e+02 1.317024042614259038e-01
7.200000000000000000e+02 1.330076133919050330e-01
7.253333099999999831e+02 1.354130043055513100e-01
7.306666900000000169e+02 1.393915088834579152e-01
7.360000000000000000e+02 1.454275786871901954e-01
7.413333099999999831e+02 1.491429469991355505e-01
7.466666900000000169e+02 1.473897818933297410e-01
7.520000000000000000e+02 1.403748161343594814e-01
7.573333099999999831e+02 1.333902892086455405e-01
7.626666900000000169e+02 1.249910335906577602e-01
7.680000000000000000e+02 1.232775377307700343e-01
7.733333099999999831e+02 1.283653007131887736e-01
7.786666900000000169e+02 1.344260539668429288e-01
7.840000000000000000e+02 1.396054562641127483e-01
7.893333099999999831e+02 1.490765320795277016e-01
7.946666900000000169e+02 1.682125362018786485e-01
8.000000000000000000e+02 2.022840482523418082e-01
8.053333099999999831e+02 2.462748946515269655e-01
8.106666900000000169e+02 2.849968662226432525e-01
8.160000000000000000e+02 3.046290730074212028e-01
8.213333099999999831e+02 3.067609796320318050e-01
8.266666900000000169e+02 3.066195102908894077e-01
8.320000000000000000e+02 3.163190807371263902e-01
8.373333099999999831e+02 3.455856242197640760e-01
8.426666900000000169e+02 3.919905490530839476e-01
8.480000000000000000e+02 4.392708330744146683e-01
8.533333099999999831e+02 4.719428940146198626e-01
8.586666900000000169e+02 4.876043998014426561e-01
8.640000000000000000e+02 4.859074300202105845e-01
8.693333099999999831e+02 4.766125881018216659e-01
8.746666900000000169e+02 4.664407881524591515e-01
8.800000000000000000e+02 4.540817089718123256e-01
8.853333099999999831e+02 4.374093418794562371e-01
8.906666900000000169e+02 4.166290676755188827e-01
8.960000000000000000e+02 3.965423742568506826e-01
9.013333099999999831e+02 3.883221951436801045e-01
9.066666900000000169e+02 3.980417336378446747e-01
9.120000000000000000e+02 4.244126811200935601e-01
9.173333099999999831e+02 4.613913908809753606e-01
9.226666900000000169e+02 4.910231735084450988e-01
9.280000000000000000e+02 5.066897229283262583e-01
9.333333099999999831e+02 5.068600369915732262e-01
9.386666900000000169e+02 4.919742928496352863e-01
9.440000000000000000e+02 4.651929675048351864e-01
9.493333099999999831e+02 4.335531510546580813e-01
9.546666900000000169e+02 3.972806741438741907e-01
9.600000000000000000e+02 3.672576365829530176e-01
9.653333099999999831e+02 3.438242353708426680e-01
9.706666900000000169e+02 3.221806130468831131e-01
9.760000000000000000e+02 2.988755717319465099e-01
9.813333099999999831e+02 2.862137098316770989e-01
9.866666900000000169e+02 3.001277028267111402e-01
9.920000000000000000e+02 3.472024706483685663e-01
9.973333099999999831e+02 4.078073471858599253e-01
1.002666699999999992e+03 4.489558134422381719e-01
1.008000000000000000e+03 4.454252348117465621e-01
1.013333300000000008e+03 4.131468616948081318e-01
1.018666699999999992e+03 3.857155124700984428e-01
1.024000000000000000e+03 3.800441812770398720e-01
1.029333399999999983e+03 3.935774521892488886e-01
1.034666600000000017e+03 4.016648191225279940e-01
1.040000000000000000e+03 3.878593602519226913e-01
1.045333399999999983e+03 3.565330185721202749e-01
1.050666600000000017e+03 3.206682059969960252e-01
1.056000000000000000e+03 2.876524243903386124e-01
1.061333399999999983e+03 2.679443272816358634e-01
1.066666600000000017e+03 2.560354132255555637e-01
1.072000000000000000e+03 2.553378489256638573e-01
1.077333399999999983e+03 2.639222280978172352e-01
1.082666600000000017e+03 2.781737236408502456e-01
1.088000000000000000e+03 2.913617471510751011e-01
1.093333399999999983e+03 2.957790784956336183e-01
1.098666600000000017e+03 2.788900861222530780e-01
1.104000000000000000e+03 2.447910825409608249e-01
1.109333399999999983e+03 2.014425323111362354e-01
1.114666600000000017e+03 1.603309475297005626e-01
1.120000000000000000e+03 1.294464091498851999e-01
1.125333399999999983e+03 1.006182588930508576e-01
1.130666600000000017e+03 6.511007447512943969e-02
1.136000000000000000e+03 3.103198260795953650e-02
1.141333399999999983e+03 9.559918924335488941e-03
1.146666600000000017e+03 1.198113741618476308e-02
1.152000000000000000e+03 4.190996340382052709e-02
1.157333399999999983e+03 8.290855097880621416e-02
1.162666600000000017e+03 1.166826875318956319e-01
1.168000000000000000e+03 1.409715233182664562e-01
1.173333399999999983e+03 1.557066065292964097e-01
1.178666600000000017e+03 1.635487604412733109e-01
1.184000000000000000e+03 1.738140884774992956e-01
1.189333399999999983e+03 1.915921960168743277e-01
1.194666600000000017e+03 2.157354324523453326e-01
1.200000000000000000e+03 2.479394894462675913e-01
1.205333399999999983e+03 2.807426506131382449e-01
1.210666600000000017e+03 3.082868222470686592e-01
1.216000000000000000e+03 3.429924007324054447e-01
1.221333399999999983e+03 3.988432129064476417e-01
1.226666600000000017e+03 4.783595085000351688e-01
1.232000000000000000e+03 5.745064777696901048e-01
1.237333399999999983e+03 6.639699144909302353e-01
1.242666600000000017e+03 7.235057302220826436e-01
1.248000000000000000e+03 7.527294094363971011e-01
1.253333399999999983e+03 7.569337248688370323e-01
1.258666600000000017e+03 7.468242931776766236e-01
1.264000000000000000e+03 7.316790658050367213e-01
1.269333399999999983e+03 7.117899664270149751e-01
1.274666600000000017e+03 6.841250291346215873e-01
1.280000000000000000e+03 6.555661095751057488e-01
1.285333399999999983e+03 6.274768165681190446e-01
1.290666600000000017e+03 6.072661455269201536e-01
1.296000000000000000e+03 5.989929539495141286e-01
1.301333399999999983e+03 6.035117562639290556e-01
1.306666600000000017e+03 6.198689142917592765e-01
1.312000000000000000e+03 6.418497480030527225e-01
1.317333399999999983e+03 6.587456461529268559e-01
1.322666600000000017e+03 6.623887744753885753e-01
1.328000000000000000e+03 6.520352975156403774e-01
1.333333399999999983e+03 6.284085264140872873e-01
1.338666600000000017e+03 5.956905536931225154e-01
1.344000000000000000e+03 5.510952662962720350e-01
1.349333399999999983e+03 4.954049080159864671e-01
1.354666600000000017e+03 4.321893431494610582e-01
1.360000000000000000e+03 3.756897435357425818e-01
1.365333399999999983e+03 3.317851687104620417e-01
1.370666600000000017e+03 3.059925859755151523e-01
1.376000000000000000e+03 2.945470778338886708e-01
1.381333399999999983e+03 2.936270733622010631e-01
1.386666600000000017e+03 3.056989305643137422e-01
1.392000000000000000e+03 3.351835371138427444e-01
1.397333399999999983e+03 3.774757130162081920e-01
1.402666600000000017e+03 4.247837673269549974e-01
1.408000000000000000e+03 4.616027833219428778e-01
1.413333399999999983e+03 4.756612079828620443e-01
1.418666600000000017e+03 4.740373334888000612e-01
1.424000000000000000e+03 4.784818127361988305e-01
1.429333399999999983e+03 5.099061791217606165e-01
1.434666600000000017e+03 5.931837657612093473e-01
1.440000000000000000e+03 7.195070263123379828e-01
1.445333399999999983e+03 8.569303664017440259e-01
1.450666600000000017e+03 9.630665093311980840e-01
1.456000000000000000e+03 1.000000000000000000e+00
1.461333399999999983e+03 9.446481326843936266e-01
1.466666600000000017e+03 8.227732840688136706e-01
1.472000000000000000e+03 6.541520877437466686e-01
1.477333399999999983e+03 4.759673245652715212e-01
1.482666600000000017e+03 3.167003942509855063e-01
1.488000000000000000e+03 1.892809532382025428e-01
1.493333399999999983e+03 9.817742055644783361e-02
1.498666600000000017e+03 4.818887969721660780e-02
1.504000000000000000e+03 2.037143692813329215e-02
1.509333399999999983e+03 9.663108274659073377e-03
1.514666600000000017e+03 8.670635611570767440e-03
1.520000000000000000e+03 9.599636551291335432e-03
1.525333399999999983e+03 1.647494303914015523e-02
1.530666600000000017e+03 3.268283980541361600e-02
1.536000000000000000e+03 5.166272149652811896e-02
1.541333399999999983e+03 7.401856049578764418e-02
1.546666600000000017e+03 9.828778237134659646e-02
1.552000000000000000e+03 1.181351748017529790e-01
1.557333399999999983e+03 1.339317649690301981e-01
1.562666600000000017e+03 1.482048048140642837e-01
1.568000000000000000e+03 1.598384716495591662e-01
1.573333399999999983e+03 1.769681091538104489e-01
1.578666600000000017e+03 1.951265815690488292e-01
1.584000000000000000e+03 2.082938887008947138e-01
1.589333399999999983e+03 2.143448287373795336e-01
1.594666600000000017e+03 2.228165634767726444e-01
1.600000000000000000e+03 2.431875104963310830e-01
1.605333399999999983e+03 2.834900649124869609e-01
1.610666600000000017e+03 3.259434745026085212e-01
1.616000000000000000e+03 3.629316369347738158e-01
1.621333399999999983e+03 3.903939791987400820e-01
1.626666600000000017e+03 4.206058482080736183e-01
1.632000000000000000e+03 4.633728397598764759e-01
1.637333399999999983e+03 5.221649034419562074e-01
1.642666600000000017e+03 5.899168311846092472e-01
1.648000000000000000e+03 6.647480429080182551e-01
1.653333399999999983e+03 7.390227828106106234e-01
1.658666600000000017e+03 8.102884190174186596e-01
1.664000000000000000e+03 8.669874246267263995e-01
1.669333399999999983e+03 8.948413545613534970e-01
1.674666600000000017e+03 8.821584310138647078e-01
1.680000000000000000e+03 8.214806879404933371e-01
1.685333399999999983e+03 7.147359102158290511e-01
1.690666600000000017e+03 5.788064975493940612e-01
1.696000000000000000e+03 4.343050386312095612e-01
1.701333399999999983e+03 3.019960675209142908e-01
1.706666600000000017e+03 1.944490226677238476e-01
1.712000000000000000e+03 1.153027351426745145e-01
1.717333399999999983e+03 6.238913622452071928e-02
1.722666600000000017e+03 2.989973243448377366e-02
1.728000000000000000e+03 1.290961854712089664e-02
1.733333399999999983e+03 9.727557022523725463e-03
1.738666600000000017e+03 1.710789542980195935e-02
1.744000000000000000e+03 2.853659482384292984e-02
1.749333399999999983e+03 3.813994850950181564e-02
1.754666600000000017e+03 3.816915233276736708e-02
1.760000000000000000e+03 2.874297923729909887e-02
1.765333399999999983e+03 1.820623565930926807e-02
1.770666600000000017e+03 1.495677075042351964e-02
1.776000000000000000e+03 1.905075941245090720e-02
1.781333399999999983e+03 2.822026860595575753e-02
1.786666600000000017e+03 3.533224629940494299e-02
1.792000000000000000e+03 3.524757992320100286e-02
1.797333399999999983e+03 2.667445090696625443e-02
1.802666600000000017e+03 7.062455623664186735e-03
