6.080000000000000000e+02 1.431067366304828725e-01
6.133333099999999831e+02 1.181557045715252025e-01
6.186666900000000169e+02 1.061886439783387426e-01
6.240000000000000000e+02 1.000811221037787857e-01
6.293333099999999831e+02 8.949146793331731742e-02
6.346666900000000169e+02 7.386851118953800810e-02
6.400000000000000000e+02 4.784566820491027023e-02
6.453333099999999831e+02 2.012432023681366353e-02
6.506666900000000169e+02 3.021975451772738672e-03
6.560000000000000000e+02 0.000000000000000000e+00
6.613333099999999831e+02 1.001389106661011719e-02
6.666666900000000169e+02 3.350882921458543662e-02
6.720000000000000000e+02 5.515844477322509598e-02
6.773333099999999831e+02 7.572910011995459545e-02
6.826666900000000169e+02 9.662409447531765394e-02
6.880000000000000000e+02 1.182197857009659736e-01
6.933333099999999831e+02 1.372857866764160273e-01
6.986666900000000169e+02 1.517826771663110252e-01
7.040000000000000000e+02 1.570438207436311295e-01
7.093333099999999831e+02 1.553277609822441285e-01
7.146666900000000169e+02 1.495066377826807513e-01
7.200000000000000000e+02 1.412962934400677495e-01
7.253333099999999831e+02 1.251808841341452705e-01
7.306666900000000169e+02 1.102296544719978538e-01
7.360000000000000000e+02 1.016966417927474692e-01
7.413333099999999831e+02 1.020446115406307419e-01
7.466666900000000169e+02 1.116751016972441085e-01
7.520000000000000000e+02 1.217988689518587353e-01
7.573333099999999831e+02 1.192681118665064460e-01
7.626666900000000169e+02 1.165029556844310171e-01
7.680000000000000000e+02 1.150199104566272251e-01
7.733333099999999831e+02 1.169239821056702877e-01
7.786666900000000169e+02 1.279056025201682767e-01
7.840000000000000000e+02 1.453481648070112375e-01
7.893333099999999831e+02 1.673966222540490822e-01
7.946666900000000169e+02 2.061136551153418539e-01
8.000000000000000000e+02 2.557039030145049074e-01
8.053333099999999831e+02 3.040447076818189043e-01
8.106666900000000169e+02 3.424348110488095176e-01
8.160000000000000000e+02 3.561500445573589912e-01
8.213333099999999831e+02 3.483935747545965356e-01
8.266666900000000169e+02 3.410827181536252861e-01
8.320000000000000000e+02 3.472743197692649830e-01
8.373333099999999831e+02 3.674395318385636489e-01
8.426666900000000169e+02 3.925348240070657413e-01
8.480000000000000000e+02 4.016602896295056735e-01
8.533333099999999831e+02 3.967742923592405546e-01
8.586666900000000169e+02 3.939768611134138454e-01
8.640000000000000000e+02 4.000340057605219490e-01
8.693333099999999831e+02 4.150619888117085265e-01
8.746666900000000169e+02 4.251077058518233365e-01
8.800000000000000000e+02 4.144410537018098362e-01
8.853333099999999831e+02 3.876112049233106926e-01
8.906666900000000169e+02 3.571107836010806169e-01
8.960000000000000000e+02 3.326633829613809823e-01
9.013333099999999831e+02 3.270035642302550616e-01
9.066666900000000169e+02 3.376952882783143539e-01
9.120000000000000000e+02 3.588173231733103874e-01
9.173333099999999831e+02 3.793117959986763710e-01
9.226666900000000169e+02 3.868665565626699943e-01
9.280000000000000000e+02 3.752190270686595608e-01
9.333333099999999831e+02 3.485544742317985278e-01
9.386666900000000169e+02 3.199106831382800276e-01
9.440000000000000000e+02 3.056611518168722563e-01
9.493333099999999831e+02 3.054014120169697422e-01
9.546666900000000169e+02 3.123322782677560028e-01
9.600000000000000000e+02 3.141660842916622065e-01
9.653333099999999831e+02 2.980151677638245844e-01
9.706666900000000169e+02 2.757089007456530183e-01
9.760000000000000000e+02 2.701324170187442419e-01
9.813333099999999831e+02 2.978605821924407149e-01
9.866666900000000169e+02 3.543921240075939560e-01
9.920000000000000000e+02 4.090091136689523177e-01
9.973333099999999831e+02 4.268146964118476605e-01
1.002666699999999992e+03 4.038178153110367763e-01
1.008000000000000000e+03 3.623835150946451145e-01
1.013333300000000008e+03 3.370184239065517340e-01
1.018666699999999992e+03 3.354165345441895152e-01
1.024000000000000000e+03 3.379947162069074085e-01
1.029333399999999983e+03 3.259106456917073014e-01
1.034666600000000017e+03 2.986082310095222181e-01
1.040000000000000000e+03 2.662534574036912183e-01
1.045333399999999983e+03 2.437620067354309694e-01
1.050666600000000017e+03 2.313611976020581440e-01
1.056000000000000000e+03 2.212623531496998031e-01
1.061333399999999983e+03 2.142040681559392867e-01
1.066666600000000017e+03 2.155201525289591191e-01
1.072000000000000000e+03 2.222257907439511848e-01
1.077333399999999983e+03 2.308513343672421170e-01
1.082666600000000017e+03 2.333337873487805192e-01
1.088000000000000000e+03 2.252519053697468188e-01
1.093333399999999983e+03 2.078095014323489698e-01
1.098666600000000017e+03 1.858911265527327938e-01
1.104000000000000000e+03 1.650225345308200253e-01
1.109333399999999983e+03 1.508026550222042739e-01
1.114666600000000017e+03 1.374449208430608416e-01
1.120000000000000000e+03 1.178710638948342604e-01
1.125333399999999983e+03 8.486024424408145084e-02
1.130666600000000017e+03 4.551641454210549748e-02
1.136000000000000000e+03 1.869693555468322430e-02
1.141333399999999983e+03 1.605887551779135169e-02
1.146666600000000017e+03 3.194374819348291816e-02
1.152000000000000000e+03 5.470353352281334680e-02
1.157333399999999983e+03 6.839970768037086091e-02
1.162666600000000017e+03 7.344457396013918948e-02
1.168000000000000000e+03 7.725543319334021719e-02
1.173333399999999983e+03 8.423186619985142953e-02
1.178666600000000017e+03 1.032994604537986888e-01
1.184000000000000000e+03 1.343381815591166151e-01
1.189333399999999983e+03 1.724629082380836065e-01
1.194666600000000017e+03 2.181829211729191809e-01
1.200000000000000000e+03 2.633413963055176721e-01
1.205333399999999983e+03 3.038667432759420417e-01
1.210666600000000017e+03 3.531406958894239834e-01
1.216000000000000000e+03 4.115577760375345728e-01
1.221333399999999983e+03 4.817083155220330815e-01
1.226666600000000017e+03 5.529041775145954185e-01
1.232000000000000000e+03 6.089857925891035695e-01
1.237333399999999983e+03 6.449778330561473094e-01
1.242666600000000017e+03 6.596914699210901789e-01
1.248000000000000000e+03 6.558896938737995841e-01
1.253333399999999983e+03 6.401185758306537910e-01
1.258666600000000017e+03 6.078852012460824739e-01
1.264000000000000000e+03 5.670065478596207909e-01
1.269333399999999983e+03 5.354641201394911842e-01
1.274666600000000017e+03 5.127232104882508690e-01
1.280000000000000000e+03 5.037439221260493483e-01
1.285333399999999983e+03 5.048076843998237084e-01
1.290666600000000017e+03 5.128503712933759617e-01
1.296000000000000000e+03 5.287421678582566731e-01
1.301333399999999983e+03 5.615372606231909813e-01
1.306666600000000017e+03 6.016411935926782029e-01
1.312000000000000000e+03 6.341371894689168398e-01
1.317333399999999983e+03 6.477308998710136212e-01
1.322666600000000017e+03 6.435843905030014245e-01
1.328000000000000000e+03 6.156162933980775520e-01
1.333333399999999983e+03 5.752313808571607456e-01
1.338666600000000017e+03 5.202421361549832701e-01
1.344000000000000000e+03 4.438124877609517793e-01
1.349333399999999983e+03 3.590102469833978405e-01
1.354666600000000017e+03 2.911673732769345935e-01
1.360000000000000000e+03 2.485899962967935695e-01
1.365333399999999983e+03 2.438933443388230371e-01
1.370666600000000017e+03 2.616388811789077673e-01
1.376000000000000000e+03 2.834228940847980383e-01
1.381333399999999983e+03 3.029246538465394933e-01
1.386666600000000017e+03 3.247292077389917764e-01
1.392000000000000000e+03 3.568624029860101299e-01
1.397333399999999983e+03 4.013896645141779573e-01
1.402666600000000017e+03 4.430531346710925300e-01
1.408000000000000000e+03 4.732061701301973344e-01
1.413333399999999983e+03 4.904306755121446981e-01
1.418666600000000017e+03 5.141282771744761781e-01
1.424000000000000000e+03 5.739011127704161108e-01
1.429333399999999983e+03 6.810416997845616383e-01
1.434666600000000017e+03 8.150967903523917979e-01
1.440000000000000000e+03 9.378786182622673717e-01
1.445333399999999983e+03 9.999999999999998890e-01
1.450666600000000017e+03 9.774933794724283143e-01
1.456000000000000000e+03 8.720672000066663765e-01
1.461333399999999983e+03 7.162485671344452909e-01
1.466666600000000017e+03 5.426864822146748590e-01
1.472000000000000000e+03 3.861272330645175166e-01
1.477333399999999983e+03 2.572788478944686430e-01
1.482666600000000017e+03 1.584222181150840847e-01
1.488000000000000000e+03 8.588991407416556034e-02
1.493333399999999983e+03 3.974538445108859869e-02
1.498666600000000017e+03 1.541909947908265237e-02
1.504000000000000000e+03 1.829980527284653588e-02
1.509333399999999983e+03 3.520670218159240028e-02
1.514666600000000017e+03 5.697155210943628811e-02
1.520000000000000000e+03 8.212320991608516862e-02
1.525333399999999983e+03 1.048341425246083064e-01
1.530666600000000017e+03 1.271602406987383804e-01
1.536000000000000000e+03 1.531842189187629655e-01
1.541333399999999983e+03 1.738428384422637252e-01
1.546666600000000017e+03 1.857289531025814178e-01
1.552000000000000000e+03 1.961379085039969272e-01
1.557333399999999983e+03 2.027927095741133556e-01
1.562666600000000017e+03 2.169861989456262075e-01
1.568000000000000000e+03 2.399938098705855782e-01
1.573333399999999983e+03 2.690567784651189398e-01
1.578666600000000017e+03 2.986482327108830881e-01
1.584000000000000000e+03 3.321511518976504318e-01
1.589333399999999983e+03 3.605053514327214992e-01
1.594666600000000017e+03 3.857359042425411721e-01
1.600000000000000000e+03 3.994016632224546837e-01
1.605333399999999983e+03 4.067069862788524892e-01
1.610666600000000017e+03 4.140709874741780316e-01
1.616000000000000000e+03 4.328756310318506717e-01
1.621333399999999983e+03 4.646091577255103133e-01
1.626666600000000017e+03 5.109925599766841353e-01
1.632000000000000000e+03 5.617262099943420850e-01
1.637333399999999983e+03 6.201448486165119789e-01
1.642666600000000017e+03 6.837232678895351912e-01
1.648000000000000000e+03 7.462059082537849664e-01
1.653333399999999983e+03 8.004412911648103313e-01
1.658666600000000017e+03 8.376519983971419947e-01
1.664000000000000000e+03 8.443440427605468646e-01
1.669333399999999983e+03 8.133063932739365010e-01
1.674666600000000017e+03 7.409589308271730124e-01
1.680000000000000000e+03 6.301496121030012443e-01
1.685333399999999983e+03 4.974392509693455477e-01
1.690666600000000017e+03 3.659030161963292560e-01
1.696000000000000000e+03 2.570627351912787018e-01
1.701333399999999983e+03 1.822354143625835310e-01
1.706666600000000017e+03 1.372943532525374433e-01
1.712000000000000000e+03 1.065283853502398820e-01
1.717333399999999983e+03 7.873317281040177751e-02
1.722666600000000017e+03 5.388935085718087048e-02
1.728000000000000000e+03 4.183954328077243989e-02
1.733333399999999983e+03 4.642397383347282580e-02
1.738666600000000017e+03 5.879558617903464512e-02
1.744000000000000000e+03 6.848417716252104548e-02
1.749333399999999983e+03 6.892742273276646070e-02
1.754666600000000017e+03 6.654723138899547308e-02
1.760000000000000000e+03 6.884596637853700185e-02
1.765333399999999983e+03 7.164483377120579866e-02
1.770666600000000017e+03 7.266737786353313910e-02
1.776000000000000000e+03 7.344453282957610907e-02
1.781333399999999983e+03 7.565331355822843551e-02
1.786666600000000017e+03 8.200694972141003847e-02
1.792000000000000000e+03 8.508130456522580709e-02
1.797333399999999983e+03 6.775785460300655372e-02
1.802666600000000017e+03 1.717522876322256573e-02
