6.080000000000000000e+02 4.957580326653300562e-02
6.133333099999999831e+02 5.804648351549711316e-02
6.186666900000000169e+02 6.510757198998146089e-02
6.240000000000000000e+02 6.806806413971537573e-02
6.293333099999999831e+02 6.352795910464094364e-02
6.346666900000000169e+02 4.631861881291197969e-02
6.400000000000000000e+02 2.258045137561311144e-02
6.453333099999999831e+02 6.565164820596654932e-03
6.506666900000000169e+02 0.000000000000000000e+00
6.560000000000000000e+02 3.185493656639415763e-03
6.613333099999999831e+02 1.621853884130563389e-02
6.666666900000000169e+02 3.257763007801965649e-02
6.720000000000000000e+02 5.139658099546248748e-02
6.773333099999999831e+02 7.535404135782809709e-02
6.826666900000000169e+02 9.232307416839521941e-02
6.880000000000000000e+02 1.039703678908783929e-01
6.933333099999999831e+02 1.187989881551945320e-01
6.986666900000000169e+02 1.421855460865589227e-01
7.040000000000000000e+02 1.698061338813767196e-01
7.093333099999999831e+02 1.874301527915778753e-01
7.146666900000000169e+02 1.792312506936712402e-01
7.200000000000000000e+02 1.520275193534815217e-01
7.253333099999999831e+02 1.249152162699092017e-01
7.306666900000000169e+02 1.102930237441204220e-01
7.360000000000000000e+02 1.126640451905689122e-01
7.413333099999999831e+02 1.215466569524546320e-01
7.466666900000000169e+02 1.251561548838471816e-01
7.520000000000000000e+02 1.229825704498088007e-01
7.573333099999999831e+02 1.197167658694443942e-01
7.626666900000000169e+02 1.121196978690949669e-01
7.680000000000000000e+02 1.107603926639166014e-01
7.733333099999999831e+02 1.175064801123681807e-01
7.786666900000000169e+02 1.271750419685964140e-01
7.840000000000000000e+02 1.417499691474057577e-01
7.893333099999999831e+02 1.639117904023706107e-01
7.946666900000000169e+02 1.879164812261823470e-01
8.000000000000000000e+02 2.180066379780043473e-01
8.053333099999999831e+02 2.531158237352771345e-01
8.106666900000000169e+02 2.863155629575539485e-01
8.160000000000000000e+02 3.125841133874356359e-01
8.213333099999999831e+02 3.314027196903147066e-01
8.266666900000000169e+02 3.482925361629589656e-01
8.320000000000000000e+02 3.674516049339309753e-01
8.373333099999999831e+02 3.904839263807887706e-01
8.426666900000000169e+02 4.148834835242866115e-01
8.480000000000000000e+02 4.268604582926488478e-01
8.533333099999999831e+02 4.195636286648800062e-01
8.586666900000000169e+02 4.075070078297232667e-01
8.640000000000000000e+02 3.930690134524363888e-01
8.693333099999999831e+02 3.773012390140064731e-01
8.746666900000000169e+02 3.654352907279021512e-01
8.800000000000000000e+02 3.549534667879354899e-01
8.853333099999999831e+02 3.447175036522223124e-01
8.906666900000000169e+02 3.464204724911679745e-01
8.960000000000000000e+02 3.544147637425181796e-01
9.013333099999999831e+02 3.637462683325096702e-01
9.066666900000000169e+02 3.769352912993751414e-01
9.120000000000000000e+02 3.956595688089071805e-01
9.173333099999999831e+02 4.088961367514992173e-01
9.226666900000000169e+02 4.144441017740061461e-01
9.280000000000000000e+02 4.068154095892632105e-01
9.333333099999999831e+02 3.881603034511277306e-01
9.386666900000000169e+02 3.693671031832606033e-01
9.440000000000000000e+02 3.600816974833900286e-01
9.493333099999999831e+02 3.530866697523492026e-01
9.546666900000000169e+02 3.478805418747231704e-01
9.600000000000000000e+02 3.362027619631617892e-01
9.653333099999999831e+02 3.165823837224087667e-01
9.706666900000000169e+02 2.954112280577855798e-01
9.760000000000000000e+02 2.960109534957268140e-01
9.813333099999999831e+02 3.337305093840780001e-01
9.866666900000000169e+02 4.046506909164051535e-01
9.920000000000000000e+02 4.732729898809774904e-01
9.973333099999999831e+02 5.007585696505774120e-01
1.002666699999999992e+03 4.670423383826172170e-01
1.008000000000000000e+03 4.071508585267986646e-01
1.013333300000000008e+03 3.641282536429293892e-01
1.018666699999999992e+03 3.555005741326293656e-01
1.024000000000000000e+03 3.628408888523367848e-01
1.029333399999999983e+03 3.607284057480129591e-01
1.034666600000000017e+03 3.323959103515609081e-01
1.040000000000000000e+03 2.903012273320300096e-01
1.045333399999999983e+03 2.560067751698579253e-01
1.050666600000000017e+03 2.397754127839009097e-01
1.056000000000000000e+03 2.346957521907422628e-01
1.061333399999999983e+03 2.392191615527404502e-01
1.066666600000000017e+03 2.463107989322551594e-01
1.072000000000000000e+03 2.503292298817471062e-01
1.077333399999999983e+03 2.567653063373503408e-01
1.082666600000000017e+03 2.657003693286805190e-01
1.088000000000000000e+03 2.683547485548914979e-01
1.093333399999999983e+03 2.586123007615465652e-01
1.098666600000000017e+03 2.322844613809705305e-01
1.104000000000000000e+03 1.942940874947147178e-01
1.109333399999999983e+03 1.539220491013262027e-01
1.114666600000000017e+03 1.183288258754835870e-01
1.120000000000000000e+03 8.474498963150975395e-02
1.125333399999999983e+03 4.906099941951799770e-02
1.130666600000000017e+03 1.899396692544277898e-02
1.136000000000000000e+03 6.918929438549934960e-03
1.141333399999999983e+03 1.154374005582208852e-02
1.146666600000000017e+03 3.449749448949759878e-02
1.152000000000000000e+03 6.589775064415059891e-02
1.157333399999999983e+03 9.358433949578072453e-02
1.162666600000000017e+03 1.138970190328816301e-01
1.168000000000000000e+03 1.241654568329641356e-01
1.173333399999999983e+03 1.187764754955356328e-01
1.178666600000000017e+03 1.144112795472163741e-01
1.184000000000000000e+03 1.257519281355143903e-01
1.189333399999999983e+03 1.588123437415911998e-01
1.194666600000000017e+03 2.076436447982434041e-01
1.200000000000000000e+03 2.604184304558539997e-01
1.205333399999999983e+03 3.066210291334393045e-01
1.210666600000000017e+03 3.576435321501482689e-01
1.216000000000000000e+03 4.273681234469712820e-01
1.221333399999999983e+03 5.196089583700701509e-01
1.226666600000000017e+03 6.149564859251082094e-01
1.232000000000000000e+03 6.933148034135124815e-01
1.237333399999999983e+03 7.351242382772749107e-01
1.242666600000000017e+03 7.377975463576620374e-01
1.248000000000000000e+03 7.097484568325644894e-01
1.253333399999999983e+03 6.719884506392989065e-01
1.258666600000000017e+03 6.336361675516224423e-01
1.264000000000000000e+03 6.056268793444739007e-01
1.269333399999999983e+03 5.839300260125606101e-01
1.274666600000000017e+03 5.647126607309957969e-01
1.280000000000000000e+03 5.433082582644159775e-01
1.285333399999999983e+03 5.324730479013461970e-01
1.290666600000000017e+03 5.388103978209037859e-01
1.296000000000000000e+03 5.656140635474701250e-01
1.301333399999999983e+03 6.023309319967724562e-01
1.306666600000000017e+03 6.349285548892208420e-01
1.312000000000000000e+03 6.507306978400309028e-01
1.317333399999999983e+03 6.517797793147838137e-01
1.322666600000000017e+03 6.372112158942483395e-01
1.328000000000000000e+03 6.131683367113368588e-01
1.333333399999999983e+03 5.791737768964209110e-01
1.338666600000000017e+03 5.320598996591372476e-01
1.344000000000000000e+03 4.740750442708215884e-01
1.349333399999999983e+03 4.153841952575794694e-01
1.354666600000000017e+03 3.591350828073477941e-01
1.360000000000000000e+03 3.199786255481696373e-01
1.365333399999999983e+03 2.977571886003864132e-01
1.370666600000000017e+03 2.911035560788651222e-01
1.376000000000000000e+03 2.991915815298610837e-01
1.381333399999999983e+03 3.194512000129108853e-01
1.386666600000000017e+03 3.453018160160300498e-01
1.392000000000000000e+03 3.779238321569004522e-01
1.397333399999999983e+03 4.090362986203672224e-01
1.402666600000000017e+03 4.327806832932393766e-01
1.408000000000000000e+03 4.478604577480452265e-01
1.413333399999999983e+03 4.604515159524525947e-01
1.418666600000000017e+03 4.869498559755447986e-01
1.424000000000000000e+03 5.549965217085662816e-01
1.429333399999999983e+03 6.737754846721576429e-01
1.434666600000000017e+03 8.156370314595270399e-01
1.440000000000000000e+03 9.367926607511395387e-01
1.445333399999999983e+03 9.999999999999998890e-01
1.450666600000000017e+03 9.789682229268258373e-01
1.456000000000000000e+03 8.872032196484533895e-01
1.461333399999999983e+03 7.489661756082626187e-01
1.466666600000000017e+03 5.784172522499592128e-01
1.472000000000000000e+03 4.027202477283560733e-01
1.477333399999999983e+03 2.550068156421368970e-01
1.482666600000000017e+03 1.453380900495504224e-01
1.488000000000000000e+03 7.817704204964710801e-02
1.493333399999999983e+03 4.314428701190413384e-02
1.498666600000000017e+03 2.023102964427044015e-02
1.504000000000000000e+03 7.125062336342819630e-03
1.509333399999999983e+03 9.050550789480235614e-03
1.514666600000000017e+03 2.534226747170792438e-02
1.520000000000000000e+03 5.226173443681228492e-02
1.525333399999999983e+03 8.208014463919523218e-02
1.530666600000000017e+03 1.079549057258640393e-01
1.536000000000000000e+03 1.286215494521833758e-01
1.541333399999999983e+03 1.428608186744512176e-01
1.546666600000000017e+03 1.527888981562046944e-01
1.552000000000000000e+03 1.620882068906855933e-01
1.557333399999999983e+03 1.742737941451497630e-01
1.562666600000000017e+03 1.891384537432563850e-01
1.568000000000000000e+03 2.049879778359030014e-01
1.573333399999999983e+03 2.182533882521061619e-01
1.578666600000000017e+03 2.324247087594669692e-01
1.584000000000000000e+03 2.524337085800087421e-01
1.589333399999999983e+03 2.886802653937090568e-01
1.594666600000000017e+03 3.298065698455410200e-01
1.600000000000000000e+03 3.643703603517725043e-01
1.605333399999999983e+03 3.917399674774755258e-01
1.610666600000000017e+03 4.102078454744454983e-01
1.616000000000000000e+03 4.218605663181127507e-01
1.621333399999999983e+03 4.416418310144077930e-01
1.626666600000000017e+03 4.681574747453477459e-01
1.632000000000000000e+03 5.031935471488458989e-01
1.637333399999999983e+03 5.649456126628722430e-01
1.642666600000000017e+03 6.526624215762381054e-01
1.648000000000000000e+03 7.594293325918920479e-01
1.653333399999999983e+03 8.687315789759016971e-01
1.658666600000000017e+03 9.516745754178563832e-01
1.664000000000000000e+03 9.762509803334383784e-01
1.669333399999999983e+03 9.324694544155460729e-01
1.674666600000000017e+03 8.255580602593945994e-01
1.680000000000000000e+03 6.799063835355494412e-01
1.685333399999999983e+03 5.214525294870093752e-01
1.690666600000000017e+03 3.739122401412079411e-01
1.696000000000000000e+03 2.537160026276388258e-01
1.701333399999999983e+03 1.663021045953240185e-01
1.706666600000000017e+03 1.090594109248539528e-01
1.712000000000000000e+03 7.832922175185741409e-02
1.717333399999999983e+03 6.411471460442570713e-02
1.722666600000000017e+03 5.806217569963555147e-02
1.728000000000000000e+03 6.180990956805511305e-02
1.733333399999999983e+03 6.964834312092244017e-02
1.738666600000000017e+03 7.353043678204457256e-02
1.744000000000000000e+03 7.167571032441009959e-02
1.749333399999999983e+03 6.210452887326631255e-02
1.754666600000000017e+03 4.909252381563572465e-02
1.760000000000000000e+03 4.560212339935812431e-02
1.765333399999999983e+03 5.415535969778638437e-02
1.770666600000000017e+03 7.072420448417073013e-02
1.776000000000000000e+03 8.345371032891071850e-02
1.781333399999999983e+03 8.045388060464898905e-02
1.786666600000000017e+03 5.985591593739258975e-02
1.792000000000000000e+03 3.166438373004723528e-02
1.797333399999999983e+03 1.077424585969282561e-02
1.802666600000000017e+03 8.870838007369144171e-03
