6.080000000000000000e+02 6.957431150794368691e-02
6.133333099999999831e+02 4.298377390075355103e-02
6.186666900000000169e+02 3.529156177790311599e-02
6.240000000000000000e+02 3.952727001470229123e-02
6.293333099999999831e+02 5.000931246204977365e-02
6.346666900000000169e+02 5.377687081962322785e-02
6.400000000000000000e+02 4.165984594010875564e-02
6.453333099999999831e+02 2.214957801648925750e-02
6.506666900000000169e+02 5.882654700120208517e-03
6.560000000000000000e+02 0.000000000000000000e+00
6.613333099999999831e+02 4.836678706106038728e-03
6.666666900000000169e+02 1.205203889186209909e-02
6.720000000000000000e+02 1.759974521557756966e-02
6.773333099999999831e+02 3.462478014657154046e-02
6.826666900000000169e+02 5.798387738084215953e-02
6.880000000000000000e+02 8.484652901672774805e-02
6.933333099999999831e+02 1.045006633370426929e-01
6.986666900000000169e+02 1.116241463246715332e-01
7.040000000000000000e+02 1.073375753097978030e-01
7.093333099999999831e+02 1.005081377952972144e-01
7.146666900000000169e+02 9.055344546803770212e-02
7.200000000000000000e+02 8.176026082104244364e-02
7.253333099999999831e+02 7.134155808944016297e-02
7.306666900000000169e+02 6.338882415958885241e-02
7.360000000000000000e+02 6.346589388013826327e-02
7.413333099999999831e+02 7.083295502492556461e-02
7.466666900000000169e+02 8.507415801334890226e-02
7.520000000000000000e+02 9.846193689039633989e-02
7.573333099999999831e+02 1.019126679471691610e-01
7.626666900000000169e+02 1.015140572440249855e-01
7.680000000000000000e+02 1.005458106532167439e-01
7.733333099999999831e+02 9.761591755327853059e-02
7.786666900000000169e+02 9.447896138441423675e-02
7.840000000000000000e+02 9.200572650704240407e-02
7.893333099999999831e+02 9.543664109643064386e-02
7.946666900000000169e+02 1.191309764186785497e-01
8.000000000000000000e+02 1.630399584475242525e-01
8.053333099999999831e+02 2.193382458161833859e-01
8.106666900000000169e+02 2.684819285837823366e-01
8.160000000000000000e+02 2.981469802129115276e-01
8.213333099999999831e+02 3.065496942619380105e-01
8.266666900000000169e+02 3.051724015426747760e-01
8.320000000000000000e+02 3.086322993948903970e-01
8.373333099999999831e+02 3.208201779790019748e-01
8.426666900000000169e+02 3.327547675672383742e-01
8.480000000000000000e+02 3.394214987472009559e-01
8.533333099999999831e+02 3.360356891469674090e-01
8.586666900000000169e+02 3.262271866864630554e-01
8.640000000000000000e+02 3.225248393319608553e-01
8.693333099999999831e+02 3.187368736819909398e-01
8.746666900000000169e+02 3.122813265348389211e-01
8.800000000000000000e+02 3.095311997609478949e-01
8.853333099999999831e+02 3.088099922718641199e-01
8.906666900000000169e+02 3.121701417566282166e-01
8.960000000000000000e+02 3.246827279748198403e-01
9.013333099999999831e+02 3.376036193092493143e-01
9.066666900000000169e+02 3.490557840981272086e-01
9.120000000000000000e+02 3.640450211684679860e-01
9.173333099999999831e+02 3.773315377012054217e-01
9.226666900000000169e+02 3.821787032990667243e-01
9.280000000000000000e+02 3.778054274642957955e-01
9.333333099999999831e+02 3.655386986294229534e-01
9.386666900000000169e+02 3.462330433354605663e-01
9.440000000000000000e+02 3.256736053107486262e-01
9.493333099999999831e+02 3.105040677650830472e-01
9.546666900000000169e+02 2.994400071551363562e-01
9.600000000000000000e+02 2.966105429382772107e-01
9.653333099999999831e+02 3.022061797272174721e-01
9.706666900000000169e+02 3.073928959252265614e-01
9.760000000000000000e+02 3.187599073619098444e-01
9.813333099999999831e+02 3.494269492354465378e-01
9.866666900000000169e+02 3.967134991748895723e-01
9.920000000000000000e+02 4.467760146541152055e-01
9.973333099999999831e+02 4.696120584457184610e-01
1.002666699999999992e+03 4.452190679869532097e-01
1.008000000000000000e+03 3.918263670130629484e-01
1.013333300000000008e+03 3.448422046856280954e-01
1.018666699999999992e+03 3.278261896641792572e-01
1.024000000000000000e+03 3.429763675443616155e-01
1.029333399999999983e+03 3.639351496167221311e-01
1.034666600000000017e+03 3.682708773301350824e-01
1.040000000000000000e+03 3.480565889643459365e-01
1.045333399999999983e+03 3.181631396569777337e-01
1.050666600000000017e+03 2.956865811811237865e-01
1.056000000000000000e+03 2.884330407038751543e-01
1.061333399999999983e+03 2.894596350725078260e-01
1.066666600000000017e+03 2.948556291394697215e-01
1.072000000000000000e+03 2.913211290047667545e-01
1.077333399999999983e+03 2.836177114614070183e-01
1.082666600000000017e+03 2.764519553699575360e-01
1.088000000000000000e+03 2.660554345791974473e-01
1.093333399999999983e+03 2.482990637143439594e-01
1.098666600000000017e+03 2.321547193425522182e-01
1.104000000000000000e+03 2.192652843418165798e-01
1.109333399999999983e+03 2.044028419700543997e-01
1.114666600000000017e+03 1.832523083836313516e-01
1.120000000000000000e+03 1.474000928339785632e-01
1.125333399999999983e+03 9.340220113264144364e-02
1.130666600000000017e+03 4.108615292246180217e-02
1.136000000000000000e+03 1.317888835042634738e-02
1.141333399999999983e+03 1.053998611361065332e-02
1.146666600000000017e+03 3.288130908388137846e-02
1.152000000000000000e+03 6.724177804727242413e-02
1.157333399999999983e+03 9.362060642777390862e-02
1.162666600000000017e+03 1.077317965881887107e-01
1.168000000000000000e+03 1.149259221202124787e-01
1.173333399999999983e+03 1.176814921153704896e-01
1.178666600000000017e+03 1.278086729488571716e-01
1.184000000000000000e+03 1.571812648874787999e-01
1.189333399999999983e+03 2.042914202577431060e-01
1.194666600000000017e+03 2.618980119805262019e-01
1.200000000000000000e+03 3.171642469811710718e-01
1.205333399999999983e+03 3.576278756599177155e-01
1.210666600000000017e+03 3.890473866069030784e-01
1.216000000000000000e+03 4.308840450311236525e-01
1.221333399999999983e+03 4.919675835199222025e-01
1.226666600000000017e+03 5.634894861795693988e-01
1.232000000000000000e+03 6.276788045496533019e-01
1.237333399999999983e+03 6.613034650392276559e-01
1.242666600000000017e+03 6.614985565006146206e-01
1.248000000000000000e+03 6.423032881642735115e-01
1.253333399999999983e+03 6.133421022325236116e-01
1.258666600000000017e+03 5.842798841559281309e-01
1.264000000000000000e+03 5.678059455544016698e-01
1.269333399999999983e+03 5.519230117697018212e-01
1.274666600000000017e+03 5.368659515802466364e-01
1.280000000000000000e+03 5.285846968800990142e-01
1.285333399999999983e+03 5.261732643764588380e-01
1.290666600000000017e+03 5.471244147849086970e-01
1.296000000000000000e+03 5.989285148852464546e-01
1.301333399999999983e+03 6.522316679318606036e-01
1.306666600000000017e+03 6.875839051047601957e-01
1.312000000000000000e+03 6.954051071842076714e-01
1.317333399999999983e+03 6.804269069974993034e-01
1.322666600000000017e+03 6.667897159670097551e-01
1.328000000000000000e+03 6.566949467638284466e-01
1.333333399999999983e+03 6.349486394918552046e-01
1.338666600000000017e+03 5.906923521708635771e-01
1.344000000000000000e+03 5.256469046115654908e-01
1.349333399999999983e+03 4.542436815769811398e-01
1.354666600000000017e+03 3.929107262434531345e-01
1.360000000000000000e+03 3.411279518443823267e-01
1.365333399999999983e+03 3.012090407922490831e-01
1.370666600000000017e+03 2.754609397865263598e-01
1.376000000000000000e+03 2.703604259226079498e-01
1.381333399999999983e+03 2.843085516156689807e-01
1.386666600000000017e+03 3.147471347881597992e-01
1.392000000000000000e+03 3.526597138804662968e-01
1.397333399999999983e+03 3.873135838194446401e-01
1.402666600000000017e+03 4.145976524213728087e-01
1.408000000000000000e+03 4.367890155790798423e-01
1.413333399999999983e+03 4.561631335053032421e-01
1.418666600000000017e+03 4.896399593593414590e-01
1.424000000000000000e+03 5.602467019899916023e-01
1.429333399999999983e+03 6.689652735904314529e-01
1.434666600000000017e+03 8.017615290343914625e-01
1.440000000000000000e+03 9.269694700277130162e-01
1.445333399999999983e+03 1.000000000000000000e+00
1.450666600000000017e+03 9.884555351150515756e-01
1.456000000000000000e+03 8.953429177682192819e-01
1.461333399999999983e+03 7.382978132646021985e-01
1.466666600000000017e+03 5.546288183244402203e-01
1.472000000000000000e+03 3.794436780814508525e-01
1.477333399999999983e+03 2.354028318349063731e-01
1.482666600000000017e+03 1.264710759074882951e-01
1.488000000000000000e+03 5.481413190936729185e-02
1.493333399999999983e+03 1.639421387823036119e-02
1.498666600000000017e+03 8.149122917220634477e-03
1.504000000000000000e+03 1.351028756983751848e-02
1.509333399999999983e+03 2.500388259132027557e-02
1.514666600000000017e+03 3.478868759409204509e-02
1.520000000000000000e+03 4.444656830745370713e-02
1.525333399999999983e+03 6.313484124344116710e-02
1.530666600000000017e+03 9.718986682052255244e-02
1.536000000000000000e+03 1.366854464439042627e-01
1.541333399999999983e+03 1.725842485938638426e-01
1.546666600000000017e+03 2.004006339479044441e-01
1.552000000000000000e+03 2.155062183277313415e-01
1.557333399999999983e+03 2.202787311467775122e-01
1.562666600000000017e+03 2.241845155751130414e-01
1.568000000000000000e+03 2.229742339289634556e-01
1.573333399999999983e+03 2.185880588423342874e-01
1.578666600000000017e+03 2.228237222270743889e-01
1.584000000000000000e+03 2.412525801064304420e-01
1.589333399999999983e+03 2.749721420114205617e-01
1.594666600000000017e+03 3.268081395953542634e-01
1.600000000000000000e+03 3.742772766335926704e-01
1.605333399999999983e+03 4.086394487924774332e-01
1.610666600000000017e+03 4.274301651763798282e-01
1.616000000000000000e+03 4.371503458483096960e-01
1.621333399999999983e+03 4.442020191128130957e-01
1.626666600000000017e+03 4.652597960562096513e-01
1.632000000000000000e+03 5.005467500420531790e-01
1.637333399999999983e+03 5.570023923192570781e-01
1.642666600000000017e+03 6.373930714580083867e-01
1.648000000000000000e+03 7.352643963732374832e-01
1.653333399999999983e+03 8.298666318576344292e-01
1.658666600000000017e+03 8.990328035844526999e-01
1.664000000000000000e+03 9.116856004605331520e-01
1.669333399999999983e+03 8.522711689462945106e-01
1.674666600000000017e+03 7.338531210141039374e-01
1.680000000000000000e+03 5.815403004748621596e-01
1.685333399999999983e+03 4.249105367449260151e-01
1.690666600000000017e+03 2.892814509161718006e-01
1.696000000000000000e+03 1.842369475055102845e-01
1.701333399999999983e+03 1.086179175366558947e-01
1.706666600000000017e+03 6.157072601223373409e-02
1.712000000000000000e+03 4.031336483403991089e-02
1.717333399999999983e+03 3.903220703084114840e-02
1.722666600000000017e+03 4.784338639700819185e-02
1.728000000000000000e+03 5.703669005719406299e-02
1.733333399999999983e+03 5.969099516952966478e-02
1.738666600000000017e+03 5.321993719239107024e-02
1.744000000000000000e+03 4.562338745535101520e-02
1.749333399999999983e+03 4.254246812569391356e-02
1.754666600000000017e+03 4.081657319432754893e-02
1.760000000000000000e+03 3.823359753037419012e-02
1.765333399999999983e+03 3.687917206609377108e-02
1.770666600000000017e+03 3.603965929107914162e-02
1.776000000000000000e+03 4.047139812976523199e-02
1.781333399999999983e+03 4.571416166157769856e-02
1.786666600000000017e+03 4.384687430322392609e-02
1.792000000000000000e+03 3.399131034422830239e-02
1.797333399999999983e+03 1.985693436225121483e-02
1.802666600000000017e+03 3.430993343791849393e-03
