6.080000000000000000e+02 2.731307323808357390e-02
6.133333099999999831e+02 7.288918779810397985e-02
6.186666900000000169e+02 8.492644069498339610e-02
6.240000000000000000e+02 7.447596636830305927e-02
6.293333099999999831e+02 5.386134435102443718e-02
6.346666900000000169e+02 3.399325394311916021e-02
6.400000000000000000e+02 2.133713707201733908e-02
6.453333099999999831e+02 1.497354865296990356e-02
6.506666900000000169e+02 9.937678002191915189e-03
6.560000000000000000e+02 3.598565252384523187e-03
6.613333099999999831e+02 0.000000000000000000e+00
6.666666900000000169e+02 2.760770901844458551e-03
6.720000000000000000e+02 1.194583447853718103e-02
6.773333099999999831e+02 2.617530449065943315e-02
6.826666900000000169e+02 4.046575587874573499e-02
6.880000000000000000e+02 5.461953792640120847e-02
6.933333099999999831e+02 6.939996540829111715e-02
6.986666900000000169e+02 8.462458596066090022e-02
7.040000000000000000e+02 9.597986919644711790e-02
7.093333099999999831e+02 1.039325860161520454e-01
7.146666900000000169e+02 1.094055815556571748e-01
7.200000000000000000e+02 1.105241179648719929e-01
7.253333099999999831e+02 1.049284615656655706e-01
7.306666900000000169e+02 9.843242821268195775e-02
7.360000000000000000e+02 9.132686343823544217e-02
7.413333099999999831e+02 9.003599407296575263e-02
7.466666900000000169e+02 9.842320666271403562e-02
7.520000000000000000e+02 1.078787350994080962e-01
7.573333099999999831e+02 1.107793807101315475e-01
7.626666900000000169e+02 1.110809704273758719e-01
7.680000000000000000e+02 1.075860098416005217e-01
7.733333099999999831e+02 1.076298684534344463e-01
7.786666900000000169e+02 1.121668557652043124e-01
7.840000000000000000e+02 1.145609587418243841e-01
7.893333099999999831e+02 1.159129998772753384e-01
7.946666900000000169e+02 1.244984442032543992e-01
8.000000000000000000e+02 1.457629684678273807e-01
8.053333099999999831e+02 1.821196425828922050e-01
8.106666900000000169e+02 2.259369565998242679e-01
8.160000000000000000e+02 2.640387570650847837e-01
8.213333099999999831e+02 2.843298023330084190e-01
8.266666900000000169e+02 2.920083682194611896e-01
8.320000000000000000e+02 2.999045437925854651e-01
8.373333099999999831e+02 3.169719751863038781e-01
8.426666900000000169e+02 3.456098634664162006e-01
8.480000000000000000e+02 3.794001694312892914e-01
8.533333099999999831e+02 3.976502724411404288e-01
8.586666900000000169e+02 4.026321682969010163e-01
8.640000000000000000e+02 3.975025197185199644e-01
8.693333099999999831e+02 3.882140152447171033e-01
8.746666900000000169e+02 3.744242214048152384e-01
8.800000000000000000e+02 3.584478935609430872e-01
8.853333099999999831e+02 3.373190789812210988e-01
8.906666900000000169e+02 3.181976538233947660e-01
8.960000000000000000e+02 3.027291784997572233e-01
9.013333099999999831e+02 3.034155546291602557e-01
9.066666900000000169e+02 3.196072707307071048e-01
9.120000000000000000e+02 3.528268603244220647e-01
9.173333099999999831e+02 3.937990046019186896e-01
9.226666900000000169e+02 4.308987442613408936e-01
9.280000000000000000e+02 4.492031018844436785e-01
9.333333099999999831e+02 4.475039596167746936e-01
9.386666900000000169e+02 4.278667697261862579e-01
9.440000000000000000e+02 3.976327912500653983e-01
9.493333099999999831e+02 3.634225357751406094e-01
9.546666900000000169e+02 3.416583326165136825e-01
9.600000000000000000e+02 3.364217538667228502e-01
9.653333099999999831e+02 3.427272157864657554e-01
9.706666900000000169e+02 3.495511341285938434e-01
9.760000000000000000e+02 3.409079915560896401e-01
9.813333099999999831e+02 3.242203489008972372e-01
9.866666900000000169e+02 3.253420009473650953e-01
9.920000000000000000e+02 3.608719214221049465e-01
9.973333099999999831e+02 4.209381223588855581e-01
1.002666699999999992e+03 4.703917363420936359e-01
1.008000000000000000e+03 4.692473961238272651e-01
1.013333300000000008e+03 4.251265635466847104e-01
1.018666699999999992e+03 3.719684455965545089e-01
1.024000000000000000e+03 3.424793720294619925e-01
1.029333399999999983e+03 3.407570911326992524e-01
1.034666600000000017e+03 3.477990949625879846e-01
1.040000000000000000e+03 3.379255148785113017e-01
1.045333399999999983e+03 3.120849585868292198e-01
1.050666600000000017e+03 2.839200711103848085e-01
1.056000000000000000e+03 2.639126355338610175e-01
1.061333399999999983e+03 2.513595425301660691e-01
1.066666600000000017e+03 2.453399715934640180e-01
1.072000000000000000e+03 2.450910634892864981e-01
1.077333399999999983e+03 2.554118751620137462e-01
1.082666600000000017e+03 2.745045039929300823e-01
1.088000000000000000e+03 2.952841995852121260e-01
1.093333399999999983e+03 3.025754099681374765e-01
1.098666600000000017e+03 2.856049690987795819e-01
1.104000000000000000e+03 2.521233159616078634e-01
1.109333399999999983e+03 2.152370256573929996e-01
1.114666600000000017e+03 1.814169820559521640e-01
1.120000000000000000e+03 1.517201785798989178e-01
1.125333399999999983e+03 1.165873927378308084e-01
1.130666600000000017e+03 7.093650895739676832e-02
1.136000000000000000e+03 2.918696836384333457e-02
1.141333399999999983e+03 3.480124776806343447e-03
1.146666600000000017e+03 8.203966895058447534e-03
1.152000000000000000e+03 4.022127416603191175e-02
1.157333399999999983e+03 8.387848094517771913e-02
1.162666600000000017e+03 1.236509662420063188e-01
1.168000000000000000e+03 1.484982131925057791e-01
1.173333399999999983e+03 1.490537359949213048e-01
1.178666600000000017e+03 1.413539367500332156e-01
1.184000000000000000e+03 1.365769907620703327e-01
1.189333399999999983e+03 1.505004671013059625e-01
1.194666600000000017e+03 1.899678220846243160e-01
1.200000000000000000e+03 2.460093082972661382e-01
1.205333399999999983e+03 2.967379460002073088e-01
1.210666600000000017e+03 3.391445340707749390e-01
1.216000000000000000e+03 3.774547401536184621e-01
1.221333399999999983e+03 4.307844691937455228e-01
1.226666600000000017e+03 5.096557559796520698e-01
1.232000000000000000e+03 6.044731045708489070e-01
1.237333399999999983e+03 6.926001726154858984e-01
1.242666600000000017e+03 7.501797684498563434e-01
1.248000000000000000e+03 7.677742992976960279e-01
1.253333399999999983e+03 7.549302150229192376e-01
1.258666600000000017e+03 7.264212189205496717e-01
1.264000000000000000e+03 6.937383580822653606e-01
1.269333399999999983e+03 6.652837898722959720e-01
1.274666600000000017e+03 6.319948949850676678e-01
1.280000000000000000e+03 5.964542610201705175e-01
1.285333399999999983e+03 5.670545371371543686e-01
1.290666600000000017e+03 5.470131405915477085e-01
1.296000000000000000e+03 5.421688086880372959e-01
1.301333399999999983e+03 5.548885854002409967e-01
1.306666600000000017e+03 5.746915146931235174e-01
1.312000000000000000e+03 5.965428745089761398e-01
1.317333399999999983e+03 6.159017935734515392e-01
1.322666600000000017e+03 6.248487699092949432e-01
1.328000000000000000e+03 6.236092761679478125e-01
1.333333399999999983e+03 6.123211422317555996e-01
1.338666600000000017e+03 5.858090567228020351e-01
1.344000000000000000e+03 5.387827903138916463e-01
1.349333399999999983e+03 4.720332346365256893e-01
1.354666600000000017e+03 3.986103993118704225e-01
1.360000000000000000e+03 3.375882718864534060e-01
1.365333399999999983e+03 2.984088409549264798e-01
1.370666600000000017e+03 2.812010809231738628e-01
1.376000000000000000e+03 2.780849075629974743e-01
1.381333399999999983e+03 2.801711266361615604e-01
1.386666600000000017e+03 2.899310062667124765e-01
1.392000000000000000e+03 3.124315049481511952e-01
1.397333399999999983e+03 3.460362877542551563e-01
1.402666600000000017e+03 3.868717840155400656e-01
1.408000000000000000e+03 4.232001489280201589e-01
1.413333399999999983e+03 4.422913464973465825e-01
1.418666600000000017e+03 4.478570304062273744e-01
1.424000000000000000e+03 4.598677045476626257e-01
1.429333399999999983e+03 5.064550080038920932e-01
1.434666600000000017e+03 6.108143051097063569e-01
1.440000000000000000e+03 7.596320716538209616e-01
1.445333399999999983e+03 9.058667333666026167e-01
1.450666600000000017e+03 9.988177626080328997e-01
1.456000000000000000e+03 1.000000000000000000e+00
1.461333399999999983e+03 9.071077814728201183e-01
1.466666600000000017e+03 7.529123057207266489e-01
1.472000000000000000e+03 5.760634188389892607e-01
1.477333399999999983e+03 4.066446527108839026e-01
1.482666600000000017e+03 2.672496500581976742e-01
1.488000000000000000e+03 1.604604059179483011e-01
1.493333399999999983e+03 8.551562092894164635e-02
1.498666600000000017e+03 3.594600937405718205e-02
1.504000000000000000e+03 9.722842910388763277e-03
1.509333399999999983e+03 2.720710637596632491e-03
1.514666600000000017e+03 7.872890115059101579e-03
1.520000000000000000e+03 2.243761651417617783e-02
1.525333399999999983e+03 4.412459169560964400e-02
1.530666600000000017e+03 6.675794399266772594e-02
1.536000000000000000e+03 9.304448376003261745e-02
1.541333399999999983e+03 1.211837553686542224e-01
1.546666600000000017e+03 1.425384992506632809e-01
1.552000000000000000e+03 1.591854146631866695e-01
1.557333399999999983e+03 1.692484665076548211e-01
1.562666600000000017e+03 1.758479992368645606e-01
1.568000000000000000e+03 1.895609053421697388e-01
1.573333399999999983e+03 2.081068806132020665e-01
1.578666600000000017e+03 2.245643587925413021e-01
1.584000000000000000e+03 2.429703837916532827e-01
1.589333399999999983e+03 2.565550153824900925e-01
1.594666600000000017e+03 2.712594066633439716e-01
1.600000000000000000e+03 3.009939399167005369e-01
1.605333399999999983e+03 3.357961813238721782e-01
1.610666600000000017e+03 3.619634180590596273e-01
1.616000000000000000e+03 3.832918095700614258e-01
1.621333399999999983e+03 3.976219969741549565e-01
1.626666600000000017e+03 4.193669567684852884e-01
1.632000000000000000e+03 4.653924330937742604e-01
1.637333399999999983e+03 5.325307332957315287e-01
1.642666600000000017e+03 6.088009410111714370e-01
1.648000000000000000e+03 6.914400199048412743e-01
1.653333399999999983e+03 7.754217503229436925e-01
1.658666600000000017e+03 8.550052950737415669e-01
1.664000000000000000e+03 9.134802958125428640e-01
1.669333399999999983e+03 9.340196887341646326e-01
1.674666600000000017e+03 9.017560291301860431e-01
1.680000000000000000e+03 8.158721012699595709e-01
1.685333399999999983e+03 6.922458070196051416e-01
1.690666600000000017e+03 5.510865852802313558e-01
1.696000000000000000e+03 4.072075336446044913e-01
1.701333399999999983e+03 2.801857169709647821e-01
1.706666600000000017e+03 1.793313692688342509e-01
1.712000000000000000e+03 1.026158037931420575e-01
1.717333399999999983e+03 4.923356198583514476e-02
1.722666600000000017e+03 1.821154803169455424e-02
1.728000000000000000e+03 4.216269568688623889e-03
1.733333399999999983e+03 5.110658302062638485e-03
1.738666600000000017e+03 1.440557034190267580e-02
1.744000000000000000e+03 2.210777480650756924e-02
1.749333399999999983e+03 2.612644548489276644e-02
1.754666600000000017e+03 2.919103305732395973e-02
1.760000000000000000e+03 3.017144286608283710e-02
1.765333399999999983e+03 3.053882892289207923e-02
1.770666600000000017e+03 3.022305774331289496e-02
1.776000000000000000e+03 3.078250229081858774e-02
1.781333399999999983e+03 3.382795507687074571e-02
1.786666600000000017e+03 3.857097958795428772e-02
1.792000000000000000e+03 3.929789353333694446e-02
1.797333399999999983e+03 3.023094426643761767e-02
1.802666600000000017e+03 6.231966696764080701e-03
