6.080000000000000000e+02 8.351763854741244691e-03
6.133333099999999831e+02 4.312097441864841396e-02
6.186666900000000169e+02 5.549748462315846204e-02
6.240000000000000000e+02 5.222752035779352348e-02
6.293333099999999831e+02 3.966631777553250582e-02
6.346666900000000169e+02 2.824025401321222928e-02
6.400000000000000000e+02 2.083649763459718279e-02
6.453333099999999831e+02 1.528102594503374413e-02
6.506666900000000169e+02 1.175431375941055068e-02
6.560000000000000000e+02 7.386400591853466840e-03
6.613333099999999831e+02 2.195191186240295737e-03
6.666666900000000169e+02 3.994957209854537762e-04
6.720000000000000000e+02 7.567192032450604199e-04
6.773333099999999831e+02 5.675619758705790704e-03
6.826666900000000169e+02 1.795244276948738255e-02
6.880000000000000000e+02 3.544873235481537516e-02
6.933333099999999831e+02 5.633526252633463266e-02
6.986666900000000169e+02 7.163642355929550343e-02
7.040000000000000000e+02 7.412523571558779500e-02
7.093333099999999831e+02 7.035612527698846541e-02
7.146666900000000169e+02 6.646374958808769218e-02
7.200000000000000000e+02 6.360544658801758899e-02
7.253333099999999831e+02 6.733763357418709461e-02
7.306666900000000169e+02 6.734974029418497321e-02
7.360000000000000000e+02 6.203368427033448262e-02
7.413333099999999831e+02 5.953562478043417094e-02
7.466666900000000169e+02 6.254039397086982865e-02
7.520000000000000000e+02 6.933903971560001489e-02
7.573333099999999831e+02 7.865474477321142410e-02
7.626666900000000169e+02 7.548376489769230424e-02
7.680000000000000000e+02 6.170472591052927197e-02
7.733333099999999831e+02 4.579749077389561052e-02
7.786666900000000169e+02 3.230064849182492925e-02
7.840000000000000000e+02 2.590673210968519324e-02
7.893333099999999831e+02 2.757343052835882144e-02
7.946666900000000169e+02 3.239601968231593798e-02
8.000000000000000000e+02 4.681159534401086592e-02
8.053333099999999831e+02 7.519398144239033965e-02
8.106666900000000169e+02 1.146890118769797323e-01
8.160000000000000000e+02 1.606534345473610015e-01
8.213333099999999831e+02 2.005140329745194461e-01
8.266666900000000169e+02 2.200146255344037904e-01
8.320000000000000000e+02 2.252602279356736570e-01
8.373333099999999831e+02 2.266990628352431036e-01
8.426666900000000169e+02 2.357242968779758030e-01
8.480000000000000000e+02 2.595108566485984092e-01
8.533333099999999831e+02 2.866695394674972364e-01
8.586666900000000169e+02 2.980607199022752285e-01
8.640000000000000000e+02 2.940900746496913909e-01
8.693333099999999831e+02 2.794960766658061702e-01
8.746666900000000169e+02 2.626436167653798948e-01
8.800000000000000000e+02 2.508355435934713773e-01
8.853333099999999831e+02 2.417638814437780281e-01
8.906666900000000169e+02 2.337217390521880711e-01
8.960000000000000000e+02 2.284940007809976859e-01
9.013333099999999831e+02 2.304559973693966757e-01
9.066666900000000169e+02 2.406647235736342483e-01
9.120000000000000000e+02 2.577144734540994242e-01
9.173333099999999831e+02 2.751579689976457188e-01
9.226666900000000169e+02 2.935061860318560756e-01
9.280000000000000000e+02 3.052128897212014191e-01
9.333333099999999831e+02 3.078698879868324023e-01
9.386666900000000169e+02 3.032415263993277210e-01
9.440000000000000000e+02 2.921616850748223748e-01
9.493333099999999831e+02 2.749380441649645346e-01
9.546666900000000169e+02 2.644039433208682510e-01
9.600000000000000000e+02 2.593075033166785115e-01
9.653333099999999831e+02 2.543468227860850028e-01
9.706666900000000169e+02 2.513144360908672881e-01
9.760000000000000000e+02 2.379488768171776070e-01
9.813333099999999831e+02 2.305637792088296723e-01
9.866666900000000169e+02 2.542172114022302476e-01
9.920000000000000000e+02 3.119365921585748880e-01
9.973333099999999831e+02 3.826261875567958382e-01
1.002666699999999992e+03 4.384790960253163172e-01
1.008000000000000000e+03 4.332873103379062951e-01
1.013333300000000008e+03 3.878948859843436292e-01
1.018666699999999992e+03 3.368190749453895960e-01
1.024000000000000000e+03 3.067236564559775447e-01
1.029333399999999983e+03 3.036818068303640539e-01
1.034666600000000017e+03 3.167660130129481000e-01
1.040000000000000000e+03 3.170551157487341842e-01
1.045333399999999983e+03 3.050217150058262550e-01
1.050666600000000017e+03 2.820443296567047842e-01
1.056000000000000000e+03 2.525504249197996764e-01
1.061333399999999983e+03 2.266768759730380667e-01
1.066666600000000017e+03 2.110654677129906176e-01
1.072000000000000000e+03 2.040290838742112867e-01
1.077333399999999983e+03 2.048351012302830343e-01
1.082666600000000017e+03 2.100447855305286882e-01
1.088000000000000000e+03 2.149609681264450234e-01
1.093333399999999983e+03 2.169411945411998943e-01
1.098666600000000017e+03 2.110993543286968366e-01
1.104000000000000000e+03 1.946046630248142728e-01
1.109333399999999983e+03 1.744407262789154922e-01
1.114666600000000017e+03 1.562974507759517240e-01
1.120000000000000000e+03 1.363309503960381808e-01
1.125333399999999983e+03 1.070234374155189794e-01
1.130666600000000017e+03 6.613598480101741395e-02
1.136000000000000000e+03 2.519062503697572578e-02
1.141333399999999983e+03 3.370462044235613287e-03
1.146666600000000017e+03 6.062235990509169496e-03
1.152000000000000000e+03 2.728539019553502185e-02
1.157333399999999983e+03 5.600977066326554010e-02
1.162666600000000017e+03 8.262759525420286522e-02
1.168000000000000000e+03 1.026825330484169574e-01
1.173333399999999983e+03 1.169188208042996335e-01
1.178666600000000017e+03 1.202338042972656701e-01
1.184000000000000000e+03 1.199332358790743819e-01
1.189333399999999983e+03 1.271529675567831807e-01
1.194666600000000017e+03 1.528428002293165944e-01
1.200000000000000000e+03 1.949595978276701114e-01
1.205333399999999983e+03 2.466509566763842587e-01
1.210666600000000017e+03 2.993095190805111216e-01
1.216000000000000000e+03 3.570459920902034900e-01
1.221333399999999983e+03 4.261693320900123427e-01
1.226666600000000017e+03 5.138064096334246100e-01
1.232000000000000000e+03 6.065138445932573008e-01
1.237333399999999983e+03 6.791475257354619988e-01
1.242666600000000017e+03 7.171986583495882916e-01
1.248000000000000000e+03 7.233204301876056119e-01
1.253333399999999983e+03 7.050570234989751439e-01
1.258666600000000017e+03 6.809852051333911138e-01
1.264000000000000000e+03 6.586588728569001683e-01
1.269333399999999983e+03 6.302366340952727519e-01
1.274666600000000017e+03 5.965170129325471082e-01
1.280000000000000000e+03 5.633470132844513589e-01
1.285333399999999983e+03 5.291465930162438935e-01
1.290666600000000017e+03 5.050952513734160432e-01
1.296000000000000000e+03 5.019821031450470983e-01
1.301333399999999983e+03 5.189548320093496647e-01
1.306666600000000017e+03 5.561321181307278261e-01
1.312000000000000000e+03 6.015084071470280236e-01
1.317333399999999983e+03 6.334903013776662650e-01
1.322666600000000017e+03 6.493982716931401278e-01
1.328000000000000000e+03 6.507149205795953462e-01
1.333333399999999983e+03 6.426925071653132315e-01
1.338666600000000017e+03 6.281263683306007595e-01
1.344000000000000000e+03 5.985246580968522911e-01
1.349333399999999983e+03 5.442041624624190943e-01
1.354666600000000017e+03 4.713890646279186303e-01
1.360000000000000000e+03 3.886918674603649371e-01
1.365333399999999983e+03 3.178427238035261282e-01
1.370666600000000017e+03 2.702539208182165864e-01
1.376000000000000000e+03 2.508093185196502706e-01
1.381333399999999983e+03 2.552639059874280969e-01
1.386666600000000017e+03 2.736988700978713607e-01
1.392000000000000000e+03 2.975637459108133043e-01
1.397333399999999983e+03 3.263191110488664060e-01
1.402666600000000017e+03 3.545654908764436231e-01
1.408000000000000000e+03 3.798480165937077047e-01
1.413333399999999983e+03 3.995252452754824435e-01
1.418666600000000017e+03 4.138761786270759857e-01
1.424000000000000000e+03 4.398722008479101220e-01
1.429333399999999983e+03 4.999135595641137075e-01
1.434666600000000017e+03 6.077719564324362000e-01
1.440000000000000000e+03 7.523669568558726262e-01
1.445333399999999983e+03 8.965045995515559252e-01
1.450666600000000017e+03 9.897688215427761227e-01
1.456000000000000000e+03 1.000000000000000000e+00
1.461333399999999983e+03 9.228335326315888487e-01
1.466666600000000017e+03 7.806146446535924266e-01
1.472000000000000000e+03 6.031088931950521204e-01
1.477333399999999983e+03 4.219120053476970722e-01
1.482666600000000017e+03 2.632221886537443045e-01
1.488000000000000000e+03 1.423433315113625253e-01
1.493333399999999983e+03 6.519784459843198932e-02
1.498666600000000017e+03 2.609722779887197613e-02
1.504000000000000000e+03 8.744310083274912937e-03
1.509333399999999983e+03 9.893254354533210712e-04
1.514666600000000017e+03 0.000000000000000000e+00
1.520000000000000000e+03 4.090076580786536700e-03
1.525333399999999983e+03 1.828277143449742043e-02
1.530666600000000017e+03 4.335647626936168370e-02
1.536000000000000000e+03 7.434386467062625847e-02
1.541333399999999983e+03 1.058536594849092405e-01
1.546666600000000017e+03 1.339863560098726314e-01
1.552000000000000000e+03 1.530450861644831462e-01
1.557333399999999983e+03 1.669958482155566304e-01
1.562666600000000017e+03 1.779875342594428589e-01
1.568000000000000000e+03 1.870924036203262808e-01
1.573333399999999983e+03 1.988226976316048999e-01
1.578666600000000017e+03 2.097426984217085066e-01
1.584000000000000000e+03 2.178510885394999153e-01
1.589333399999999983e+03 2.283225460840138110e-01
1.594666600000000017e+03 2.474959659722631711e-01
1.600000000000000000e+03 2.767324593192825866e-01
1.605333399999999983e+03 3.190338500604087413e-01
1.610666600000000017e+03 3.601120607116739536e-01
1.616000000000000000e+03 3.924454288496840859e-01
1.621333399999999983e+03 4.109917487802565716e-01
1.626666600000000017e+03 4.235607535969992399e-01
1.632000000000000000e+03 4.406304615582635753e-01
1.637333399999999983e+03 4.740043046260514203e-01
1.642666600000000017e+03 5.278227756243677460e-01
1.648000000000000000e+03 6.052604433044769250e-01
1.653333399999999983e+03 7.033893802777789750e-01
1.658666600000000017e+03 8.132250604265053306e-01
1.664000000000000000e+03 9.126287550723939379e-01
1.669333399999999983e+03 9.664095631422179311e-01
1.674666600000000017e+03 9.512078103504617577e-01
1.680000000000000000e+03 8.626985823338436665e-01
1.685333399999999983e+03 7.225658681461436528e-01
1.690666600000000017e+03 5.634960226503112901e-01
1.696000000000000000e+03 4.114675694378734372e-01
1.701333399999999983e+03 2.804391121357233119e-01
1.706666600000000017e+03 1.801914190492701073e-01
1.712000000000000000e+03 1.116658404598093041e-01
1.717333399999999983e+03 7.278844211075991000e-02
1.722666600000000017e+03 5.479421743850341336e-02
1.728000000000000000e+03 4.223921908018575533e-02
1.733333399999999983e+03 2.772891640555654597e-02
1.738666600000000017e+03 1.265386683800785381e-02
1.744000000000000000e+03 1.973862999697774054e-03
1.749333399999999983e+03 1.457286025475487299e-03
1.754666600000000017e+03 8.085064324494238217e-03
1.760000000000000000e+03 1.367848340775881799e-02
1.765333399999999983e+03 1.484211819516378233e-02
1.770666600000000017e+03 1.325904337484186228e-02
1.776000000000000000e+03 1.396827139119078721e-02
1.781333399999999983e+03 1.878276876840442519e-02
1.786666600000000017e+03 2.429478959854191808e-02
1.792000000000000000e+03 2.600912093067669212e-02
1.797333399999999983e+03 2.038300369356621858e-02
1.802666600000000017e+03 3.936358130703188768e-03
