6.080000000000000000e+02 3.881557574441962810e-02
6.133333099999999831e+02 6.916445404832316513e-02
6.186666900000000169e+02 8.989424649721695915e-02
6.240000000000000000e+02 9.854016392491989074e-02
6.293333099999999831e+02 8.901298160153586769e-02
6.346666900000000169e+02 6.433358437692789089e-02
6.400000000000000000e+02 3.392730360914909121e-02
6.453333099999999831e+02 1.039789834575356731e-02
6.506666900000000169e+02 0.000000000000000000e+00
6.560000000000000000e+02 2.058979307987181609e-03
6.613333099999999831e+02 1.343319103585298782e-02
6.666666900000000169e+02 2.937585220726783575e-02
6.720000000000000000e+02 4.438717979429722404e-02
6.773333099999999831e+02 5.470922306775696797e-02
6.826666900000000169e+02 5.737927103668646195e-02
6.880000000000000000e+02 5.922449593321367500e-02
6.933333099999999831e+02 6.542826123298368934e-02
6.986666900000000169e+02 7.830099155916835085e-02
7.040000000000000000e+02 9.766312058697486365e-02
7.093333099999999831e+02 1.179605979752974404e-01
7.146666900000000169e+02 1.297028349044014317e-01
7.200000000000000000e+02 1.312124936828023836e-01
7.253333099999999831e+02 1.213942621194825100e-01
7.306666900000000169e+02 1.106461295003287187e-01
7.360000000000000000e+02 1.081989586737588660e-01
7.413333099999999831e+02 1.132554562888626326e-01
7.466666900000000169e+02 1.193587869782218036e-01
7.520000000000000000e+02 1.216082323121639858e-01
7.573333099999999831e+02 1.149581501424052354e-01
7.626666900000000169e+02 1.083177592036324299e-01
7.680000000000000000e+02 1.100009090071659423e-01
7.733333099999999831e+02 1.141034136994543147e-01
7.786666900000000169e+02 1.172154330976305781e-01
7.840000000000000000e+02 1.161926953275213975e-01
7.893333099999999831e+02 1.139361295596216656e-01
7.946666900000000169e+02 1.214058150279544307e-01
8.000000000000000000e+02 1.508055652117042122e-01
8.053333099999999831e+02 1.977038790415195091e-01
8.106666900000000169e+02 2.506376866340273568e-01
8.160000000000000000e+02 2.883799815976764158e-01
8.213333099999999831e+02 3.026923286593988238e-01
8.266666900000000169e+02 3.011770518865699020e-01
8.320000000000000000e+02 3.014046852229968487e-01
8.373333099999999831e+02 3.180865850761659397e-01
8.426666900000000169e+02 3.527056845643693483e-01
8.480000000000000000e+02 3.899603889117128630e-01
8.533333099999999831e+02 4.142090096189194881e-01
8.586666900000000169e+02 4.234237315068031249e-01
8.640000000000000000e+02 4.205363815669342920e-01
8.693333099999999831e+02 4.105090319115895503e-01
8.746666900000000169e+02 4.001971572826714674e-01
8.800000000000000000e+02 3.859739551527875401e-01
8.853333099999999831e+02 3.607140266339699530e-01
8.906666900000000169e+02 3.321520951700452917e-01
8.960000000000000000e+02 3.127728993334357166e-01
9.013333099999999831e+02 3.083244524132878750e-01
9.066666900000000169e+02 3.266811627072958024e-01
9.120000000000000000e+02 3.588994086362522484e-01
9.173333099999999831e+02 3.882012120015535528e-01
9.226666900000000169e+02 4.103669971885848256e-01
9.280000000000000000e+02 4.242349344750639406e-01
9.333333099999999831e+02 4.255551854425866365e-01
9.386666900000000169e+02 4.178106744435782782e-01
9.440000000000000000e+02 4.013456918664773387e-01
9.493333099999999831e+02 3.756213803448459898e-01
9.546666900000000169e+02 3.509656244600043995e-01
9.600000000000000000e+02 3.320771642305251903e-01
9.653333099999999831e+02 3.192124666079931283e-01
9.706666900000000169e+02 3.120670454295066398e-01
9.760000000000000000e+02 3.011214988994930786e-01
9.813333099999999831e+02 2.930563303653037632e-01
9.866666900000000169e+02 3.093432777786514487e-01
9.920000000000000000e+02 3.583580385701904403e-01
9.973333099999999831e+02 4.285457982966303647e-01
1.002666699999999992e+03 4.858550284782872652e-01
1.008000000000000000e+03 4.866920755427386891e-01
1.013333300000000008e+03 4.373665167229544015e-01
1.018666699999999992e+03 3.766273854826934775e-01
1.024000000000000000e+03 3.407962471789146575e-01
1.029333399999999983e+03 3.430457144715026718e-01
1.034666600000000017e+03 3.634793448271331218e-01
1.040000000000000000e+03 3.680474489420429429e-01
1.045333399999999983e+03 3.506392277167948435e-01
1.050666600000000017e+03 3.197799604316688415e-01
1.056000000000000000e+03 2.865631583108198543e-01
1.061333399999999983e+03 2.625649412572667041e-01
1.066666600000000017e+03 2.523175559387002553e-01
1.072000000000000000e+03 2.495110717774436937e-01
1.077333399999999983e+03 2.538381234642900219e-01
1.082666600000000017e+03 2.645119550117036589e-01
1.088000000000000000e+03 2.743274609912605411e-01
1.093333399999999983e+03 2.773216792767938532e-01
1.098666600000000017e+03 2.696840543829311931e-01
1.104000000000000000e+03 2.467263001670346179e-01
1.109333399999999983e+03 2.119686668896466342e-01
1.114666600000000017e+03 1.765179586696870861e-01
1.120000000000000000e+03 1.463313405508201714e-01
1.125333399999999983e+03 1.163951553037115977e-01
1.130666600000000017e+03 8.179029508738298870e-02
1.136000000000000000e+03 4.485480198210050479e-02
1.141333399999999983e+03 1.447464572069021016e-02
1.146666600000000017e+03 6.067365774274920132e-03
1.152000000000000000e+03 2.428931120710513952e-02
1.157333399999999983e+03 5.894252095840355615e-02
1.162666600000000017e+03 9.415752508153514555e-02
1.168000000000000000e+03 1.208494686812494889e-01
1.173333399999999983e+03 1.382230041308112889e-01
1.178666600000000017e+03 1.537715561230348082e-01
1.184000000000000000e+03 1.732338897456938143e-01
1.189333399999999983e+03 2.014744372677974849e-01
1.194666600000000017e+03 2.370404882473684804e-01
1.200000000000000000e+03 2.764709940477109162e-01
1.205333399999999983e+03 3.135668028957293019e-01
1.210666600000000017e+03 3.470115611866185223e-01
1.216000000000000000e+03 3.839588024069325312e-01
1.221333399999999983e+03 4.405269836267394212e-01
1.226666600000000017e+03 5.251310565328973778e-01
1.232000000000000000e+03 6.257870177038639126e-01
1.237333399999999983e+03 7.159617348880078502e-01
1.242666600000000017e+03 7.745615211040502990e-01
1.248000000000000000e+03 7.913806710137272216e-01
1.253333399999999983e+03 7.771326017135092856e-01
1.258666600000000017e+03 7.511192359896994297e-01
1.264000000000000000e+03 7.204009729092641923e-01
1.269333399999999983e+03 6.870743013656248621e-01
1.274666600000000017e+03 6.562016533997798717e-01
1.280000000000000000e+03 6.265564324307293376e-01
1.285333399999999983e+03 6.008823500782448646e-01
1.290666600000000017e+03 5.819954265567435225e-01
1.296000000000000000e+03 5.709951390661798243e-01
1.301333399999999983e+03 5.728465804259492700e-01
1.306666600000000017e+03 5.898130394096747775e-01
1.312000000000000000e+03 6.154813084664819689e-01
1.317333399999999983e+03 6.407873858225535679e-01
1.322666600000000017e+03 6.526198442996113958e-01
1.328000000000000000e+03 6.478424765312320588e-01
1.333333399999999983e+03 6.332196255351107972e-01
1.338666600000000017e+03 6.108257847753068015e-01
1.344000000000000000e+03 5.748805525173797948e-01
1.349333399999999983e+03 5.223913576903739253e-01
1.354666600000000017e+03 4.520076989888232033e-01
1.360000000000000000e+03 3.751741885494889184e-01
1.365333399999999983e+03 3.115690869088717507e-01
1.370666600000000017e+03 2.731637506460904974e-01
1.376000000000000000e+03 2.590049549450735844e-01
1.381333399999999983e+03 2.636027596818967811e-01
1.386666600000000017e+03 2.808256677827739578e-01
1.392000000000000000e+03 3.101613160463970176e-01
1.397333399999999983e+03 3.495995208600748416e-01
1.402666600000000017e+03 3.920180957631146379e-01
1.408000000000000000e+03 4.271842203909175795e-01
1.413333399999999983e+03 4.482777867972149166e-01
1.418666600000000017e+03 4.615588393061433314e-01
1.424000000000000000e+03 4.847652320612997889e-01
1.429333399999999983e+03 5.391678427107919891e-01
1.434666600000000017e+03 6.424706901345323962e-01
1.440000000000000000e+03 7.789182062895252390e-01
1.445333399999999983e+03 9.118396855792022526e-01
1.450666600000000017e+03 9.970780289546187225e-01
1.456000000000000000e+03 1.000000000000000000e+00
1.461333399999999983e+03 9.181777226458861518e-01
1.466666600000000017e+03 7.831978328218001106e-01
1.472000000000000000e+03 6.175309637119945627e-01
1.477333399999999983e+03 4.495236845006637671e-01
1.482666600000000017e+03 2.999078702303117905e-01
1.488000000000000000e+03 1.799014636787154842e-01
1.493333399999999983e+03 9.505536893659906339e-02
1.498666600000000017e+03 4.701842670117883927e-02
1.504000000000000000e+03 2.136446317211886103e-02
1.509333399999999983e+03 8.877897860226269602e-03
1.514666600000000017e+03 5.590929961045318537e-03
1.520000000000000000e+03 1.000285801216803730e-02
1.525333399999999983e+03 2.265544249011752082e-02
1.530666600000000017e+03 4.586727708246149393e-02
1.536000000000000000e+03 7.372009978601799796e-02
1.541333399999999983e+03 1.036075414715765530e-01
1.546666600000000017e+03 1.321676221178827715e-01
1.552000000000000000e+03 1.527812279296935638e-01
1.557333399999999983e+03 1.640324720440453632e-01
1.562666600000000017e+03 1.711026609130611165e-01
1.568000000000000000e+03 1.728181481648996265e-01
1.573333399999999983e+03 1.766570935400027242e-01
1.578666600000000017e+03 1.812008446790269178e-01
1.584000000000000000e+03 1.830527102808225393e-01
1.589333399999999983e+03 1.915926026856032416e-01
1.594666600000000017e+03 2.127162939072104464e-01
1.600000000000000000e+03 2.473050880659916628e-01
1.605333399999999983e+03 2.934423108263354285e-01
1.610666600000000017e+03 3.316284546149158574e-01
1.616000000000000000e+03 3.508269642533578536e-01
1.621333399999999983e+03 3.641207744065728669e-01
1.626666600000000017e+03 3.823300564128369605e-01
1.632000000000000000e+03 4.180478283762747993e-01
1.637333399999999983e+03 4.767165495864451041e-01
1.642666600000000017e+03 5.479711841084250468e-01
1.648000000000000000e+03 6.298115601344457248e-01
1.653333399999999983e+03 7.276823528823870291e-01
1.658666600000000017e+03 8.356338260187932132e-01
1.664000000000000000e+03 9.272182753415808554e-01
1.669333399999999983e+03 9.685237825432441161e-01
1.674666600000000017e+03 9.324468389890381292e-01
1.680000000000000000e+03 8.233272466662010514e-01
1.685333399999999983e+03 6.726114238466980311e-01
1.690666600000000017e+03 5.196087786043490642e-01
1.696000000000000000e+03 3.834459416455042735e-01
1.701333399999999983e+03 2.660967661705044285e-01
1.706666600000000017e+03 1.676640284731290564e-01
1.712000000000000000e+03 9.248398847728431238e-02
1.717333399999999983e+03 4.244211029396930540e-02
1.722666600000000017e+03 1.683865602523286487e-02
1.728000000000000000e+03 9.769822890001509177e-03
1.733333399999999983e+03 9.999246951686900989e-03
1.738666600000000017e+03 1.360567748322034226e-02
1.744000000000000000e+03 2.076649786128968375e-02
1.749333399999999983e+03 2.353350022379550183e-02
1.754666600000000017e+03 1.968191335747038195e-02
1.760000000000000000e+03 1.453506137904266721e-02
1.765333399999999983e+03 1.149672942494727595e-02
1.770666600000000017e+03 1.529070194969121138e-02
1.776000000000000000e+03 2.713688900556554540e-02
1.781333399999999983e+03 3.882691984898097026e-02
1.786666600000000017e+03 4.479819971763133318e-02
1.792000000000000000e+03 4.273386994348805229e-02
1.797333399999999983e+03 3.008648934066362329e-02
1.802666600000000017e+03 4.108552336978302591e-03
