6.080000000000000000e+02 1.580900837000591072e-02
6.133333099999999831e+02 3.523490712211715947e-02
6.186666900000000169e+02 3.650708013042291977e-02
6.240000000000000000e+02 2.796110296833736325e-02
6.293333099999999831e+02 2.172772654884232504e-02
6.346666900000000169e+02 2.066605093711976898e-02
6.400000000000000000e+02 2.112820069418759605e-02
6.453333099999999831e+02 2.008156024289790842e-02
6.506666900000000169e+02 1.434671543745149984e-02
6.560000000000000000e+02 6.045598418333002037e-03
6.613333099999999831e+02 1.149776666012843410e-02
6.666666900000000169e+02 3.607458556127814131e-02
6.720000000000000000e+02 7.144268212070337132e-02
6.773333099999999831e+02 1.067137571787885320e-01
6.826666900000000169e+02 1.394793677988961089e-01
6.880000000000000000e+02 1.692876423789382578e-01
6.933333099999999831e+02 2.126369587007945483e-01
6.986666900000000169e+02 2.805162016464481378e-01
7.040000000000000000e+02 3.599725795000447426e-01
7.093333099999999831e+02 4.227804111483168814e-01
7.146666900000000169e+02 4.466496743428854388e-01
7.200000000000000000e+02 4.106578093242371219e-01
7.253333099999999831e+02 3.238912586550603545e-01
7.306666900000000169e+02 2.186733818266345386e-01
7.360000000000000000e+02 1.235812746196610079e-01
7.413333099999999831e+02 5.799739133146521175e-02
7.466666900000000169e+02 2.861908146069697470e-02
7.520000000000000000e+02 2.338517052705020582e-02
7.573333099999999831e+02 2.799620382362887766e-02
7.626666900000000169e+02 3.733961889183608218e-02
7.680000000000000000e+02 4.323360717056002472e-02
7.733333099999999831e+02 5.031131812070838150e-02
7.786666900000000169e+02 6.417847548971519767e-02
7.840000000000000000e+02 1.038970469879545167e-01
7.893333099999999831e+02 2.055923853203066032e-01
7.946666900000000169e+02 3.897196708220742045e-01
8.000000000000000000e+02 6.245128110364119856e-01
8.053333099999999831e+02 8.452451320808864743e-01
8.106666900000000169e+02 9.594135870515031472e-01
8.160000000000000000e+02 9.209213945184876460e-01
8.213333099999999831e+02 7.689594271967378214e-01
8.266666900000000169e+02 5.830907902444439905e-01
8.320000000000000000e+02 4.360824169277509044e-01
8.373333099999999831e+02 3.658155668956271644e-01
8.426666900000000169e+02 3.547649670301785130e-01
8.480000000000000000e+02 3.640843309630565350e-01
8.533333099999999831e+02 3.642927484519419834e-01
8.586666900000000169e+02 3.414992529548470102e-01
8.640000000000000000e+02 3.097847138345562468e-01
8.693333099999999831e+02 2.876571930301403679e-01
8.746666900000000169e+02 2.840024791137229498e-01
8.800000000000000000e+02 2.926280650949210083e-01
8.853333099999999831e+02 2.939368586406629902e-01
8.906666900000000169e+02 2.742314266418714452e-01
8.960000000000000000e+02 2.483414188113025056e-01
9.013333099999999831e+02 2.323599801165587009e-01
9.066666900000000169e+02 2.351866416252918202e-01
9.120000000000000000e+02 2.559417264543582538e-01
9.173333099999999831e+02 2.803794425246279309e-01
9.226666900000000169e+02 2.946902488080014870e-01
9.280000000000000000e+02 2.969491212850990935e-01
9.333333099999999831e+02 2.930846461998081742e-01
9.386666900000000169e+02 2.829530794064469279e-01
9.440000000000000000e+02 2.697404981603797602e-01
9.493333099999999831e+02 2.569963965240121273e-01
9.546666900000000169e+02 2.474817852659436102e-01
9.600000000000000000e+02 2.405463683190219859e-01
9.653333099999999831e+02 2.391230698646665265e-01
9.706666900000000169e+02 2.312442319749839215e-01
9.760000000000000000e+02 2.125351329648156318e-01
9.813333099999999831e+02 1.966597267094232215e-01
9.866666900000000169e+02 2.047783866078539683e-01
9.920000000000000000e+02 2.422544491397607969e-01
9.973333099999999831e+02 2.934862369301101115e-01
1.002666699999999992e+03 3.234449680643181058e-01
1.008000000000000000e+03 3.097714362100683627e-01
1.013333300000000008e+03 2.726618624980308159e-01
1.018666699999999992e+03 2.489787304921913247e-01
1.024000000000000000e+03 2.565381404683056976e-01
1.029333399999999983e+03 2.811350042634119251e-01
1.034666600000000017e+03 2.952233064794855255e-01
1.040000000000000000e+03 2.794515717832621315e-01
1.045333399999999983e+03 2.470387449330949392e-01
1.050666600000000017e+03 2.110125263278596341e-01
1.056000000000000000e+03 1.847424606971121430e-01
1.061333399999999983e+03 1.651521514202749785e-01
1.066666600000000017e+03 1.527744526122427615e-01
1.072000000000000000e+03 1.490917537097570800e-01
1.077333399999999983e+03 1.637373791483094365e-01
1.082666600000000017e+03 1.844041768423463346e-01
1.088000000000000000e+03 2.024653491529403160e-01
1.093333399999999983e+03 2.030922248448047418e-01
1.098666600000000017e+03 1.849915042452721092e-01
1.104000000000000000e+03 1.517440134224741499e-01
1.109333399999999983e+03 1.189519759149549882e-01
1.114666600000000017e+03 8.912461914830280274e-02
1.120000000000000000e+03 6.531041349907346083e-02
1.125333399999999983e+03 4.507237447840382882e-02
1.130666600000000017e+03 2.876182102344487443e-02
1.136000000000000000e+03 1.278509000295887169e-02
1.141333399999999983e+03 6.617961812787846905e-03
1.146666600000000017e+03 1.323373556894226477e-02
1.152000000000000000e+03 3.605297530541040629e-02
1.157333399999999983e+03 7.053719704326819051e-02
1.162666600000000017e+03 1.061132041464666331e-01
1.168000000000000000e+03 1.330587923582555177e-01
1.173333399999999983e+03 1.522455967577145686e-01
1.178666600000000017e+03 1.676556539589277861e-01
1.184000000000000000e+03 1.837731885822377342e-01
1.189333399999999983e+03 2.076918965655610572e-01
1.194666600000000017e+03 2.386002278510825358e-01
1.200000000000000000e+03 2.738070883597986116e-01
1.205333399999999983e+03 3.091569290728977126e-01
1.210666600000000017e+03 3.485035742193689501e-01
1.216000000000000000e+03 3.944070946272508760e-01
1.221333399999999983e+03 4.578630175484163511e-01
1.226666600000000017e+03 5.440282699301524083e-01
1.232000000000000000e+03 6.430843338012184329e-01
1.237333399999999983e+03 7.293691508055900607e-01
1.242666600000000017e+03 7.854553407584913272e-01
1.248000000000000000e+03 7.978813591604659861e-01
1.253333399999999983e+03 7.731079637641382618e-01
1.258666600000000017e+03 7.394446128431469978e-01
1.264000000000000000e+03 7.207250234632174291e-01
1.269333399999999983e+03 7.131940837702066549e-01
1.274666600000000017e+03 7.129669847754442902e-01
1.280000000000000000e+03 7.059368062954591849e-01
1.285333399999999983e+03 6.848677786622104913e-01
1.290666600000000017e+03 6.610044360739162350e-01
1.296000000000000000e+03 6.508070514666287609e-01
1.301333399999999983e+03 6.537696446224090518e-01
1.306666600000000017e+03 6.749851116930832839e-01
1.312000000000000000e+03 7.057186517948844662e-01
1.317333399999999983e+03 7.323829515454096661e-01
1.322666600000000017e+03 7.449928747926488626e-01
1.328000000000000000e+03 7.495452870600931572e-01
1.333333399999999983e+03 7.481725383932927853e-01
1.338666600000000017e+03 7.437732953586180251e-01
1.344000000000000000e+03 7.246361993379266675e-01
1.349333399999999983e+03 6.786082978862650883e-01
1.354666600000000017e+03 6.015612147000140020e-01
1.360000000000000000e+03 5.158095562616896723e-01
1.365333399999999983e+03 4.431255857408403220e-01
1.370666600000000017e+03 3.976685970617561128e-01
1.376000000000000000e+03 3.784890073588602077e-01
1.381333399999999983e+03 3.792028361097251055e-01
1.386666600000000017e+03 3.920595407852346947e-01
1.392000000000000000e+03 4.134031224914874181e-01
1.397333399999999983e+03 4.404379529270104343e-01
1.402666600000000017e+03 4.683994921930238475e-01
1.408000000000000000e+03 4.881706956745386905e-01
1.413333399999999983e+03 5.005828026239280693e-01
1.418666600000000017e+03 5.126769156923453030e-01
1.424000000000000000e+03 5.346761902684972201e-01
1.429333399999999983e+03 5.890201746141131567e-01
1.434666600000000017e+03 6.884172468713493087e-01
1.440000000000000000e+03 8.116661863079537298e-01
1.445333399999999983e+03 9.305645669814328613e-01
1.450666600000000017e+03 1.000000000000000000e+00
1.456000000000000000e+03 9.896451513445976289e-01
1.461333399999999983e+03 9.024694530839424411e-01
1.466666600000000017e+03 7.625747669566863562e-01
1.472000000000000000e+03 5.907326737765304925e-01
1.477333399999999983e+03 4.209200532791560478e-01
1.482666600000000017e+03 2.680877152260828788e-01
1.488000000000000000e+03 1.455702543163280016e-01
1.493333399999999983e+03 6.035495657383280893e-02
1.498666600000000017e+03 1.626503497400282397e-02
1.504000000000000000e+03 5.352697681020623585e-03
1.509333399999999983e+03 1.698065997346732969e-02
1.514666600000000017e+03 3.708869037516528827e-02
1.520000000000000000e+03 5.469255197861360579e-02
1.525333399999999983e+03 6.448254732410566015e-02
1.530666600000000017e+03 7.641897093817198727e-02
1.536000000000000000e+03 9.704864099786947307e-02
1.541333399999999983e+03 1.268769473930378977e-01
1.546666600000000017e+03 1.630342738569139083e-01
1.552000000000000000e+03 1.993475453270832642e-01
1.557333399999999983e+03 2.322868281550574121e-01
1.562666600000000017e+03 2.617201811226037012e-01
1.568000000000000000e+03 2.960838330427085774e-01
1.573333399999999983e+03 3.326459558615612044e-01
1.578666600000000017e+03 3.695234032363431398e-01
1.584000000000000000e+03 4.113688531168538387e-01
1.589333399999999983e+03 4.571103535241922144e-01
1.594666600000000017e+03 4.941868922332210423e-01
1.600000000000000000e+03 5.379144922975281906e-01
1.605333399999999983e+03 5.721992946112516298e-01
1.610666600000000017e+03 5.937563761466897461e-01
1.616000000000000000e+03 6.122666334581097214e-01
1.621333399999999983e+03 6.266737814044360810e-01
1.626666600000000017e+03 6.278546457658124025e-01
1.632000000000000000e+03 6.359407231712052022e-01
1.637333399999999983e+03 6.435021800730876818e-01
1.642666600000000017e+03 6.605574941376373133e-01
1.648000000000000000e+03 7.004881910161546710e-01
1.653333399999999983e+03 7.667201844713752434e-01
1.658666600000000017e+03 8.436222964402241287e-01
1.664000000000000000e+03 9.129706311077411263e-01
1.669333399999999983e+03 9.387570457000423696e-01
1.674666600000000017e+03 9.031555628296826788e-01
1.680000000000000000e+03 8.076807518678029707e-01
1.685333399999999983e+03 6.724746869409998773e-01
1.690666600000000017e+03 5.214307027914159010e-01
1.696000000000000000e+03 3.780848730884252551e-01
1.701333399999999983e+03 2.558907242385793368e-01
1.706666600000000017e+03 1.642398964477621015e-01
1.712000000000000000e+03 1.038478684335009394e-01
1.717333399999999983e+03 6.648407944909434653e-02
1.722666600000000017e+03 4.061607443560137642e-02
1.728000000000000000e+03 1.939778608514094657e-02
1.733333399999999983e+03 4.413821920892600087e-03
1.738666600000000017e+03 0.000000000000000000e+00
1.744000000000000000e+03 8.101279051839060247e-03
1.749333399999999983e+03 2.455826207805771391e-02
1.754666600000000017e+03 3.878317888249771528e-02
1.760000000000000000e+03 4.602698180869660427e-02
1.765333399999999983e+03 4.928187811075629421e-02
1.770666600000000017e+03 5.049427975777111277e-02
1.776000000000000000e+03 5.447125559559969771e-02
1.781333399999999983e+03 6.057768199906102269e-02
1.786666600000000017e+03 6.474570170720786444e-02
1.792000000000000000e+03 6.659697438799482005e-02
1.797333399999999983e+03 6.615576458326666298e-02
1.802666600000000017e+03 6.309121557376033695e-02
