6.080000000000000000e+02 1.315386461768296156e-02
6.133333099999999831e+02 3.489648237371262979e-02
6.186666900000000169e+02 3.935162930827278138e-02
6.240000000000000000e+02 3.342373368866995847e-02
6.293333099999999831e+02 2.591131856785484910e-02
6.346666900000000169e+02 2.223364672623451971e-02
6.400000000000000000e+02 2.070560821084560868e-02
6.453333099999999831e+02 1.612471817138260571e-02
6.506666900000000169e+02 9.634830589982115723e-03
6.560000000000000000e+02 3.062386825491508757e-03
6.613333099999999831e+02 2.265906241070928667e-04
6.666666900000000169e+02 2.801618354944065969e-03
6.720000000000000000e+02 7.733013778419046622e-03
6.773333099999999831e+02 1.239562219281414510e-02
6.826666900000000169e+02 2.065273447493970460e-02
6.880000000000000000e+02 2.929558507877490572e-02
6.933333099999999831e+02 3.721807986802318918e-02
6.986666900000000169e+02 4.738466133694451549e-02
7.040000000000000000e+02 6.020515680651997853e-02
7.093333099999999831e+02 7.385749635279234560e-02
7.146666900000000169e+02 8.745923150952605862e-02
7.200000000000000000e+02 9.305176833886318055e-02
7.253333099999999831e+02 8.727054987829514776e-02
7.306666900000000169e+02 7.825839316679721047e-02
7.360000000000000000e+02 7.624527971734680609e-02
7.413333099999999831e+02 8.334621500057463883e-02
7.466666900000000169e+02 9.680212361052224768e-02
7.520000000000000000e+02 1.098960178813068872e-01
7.573333099999999831e+02 1.137173733698870481e-01
7.626666900000000169e+02 1.066447036293331624e-01
7.680000000000000000e+02 9.696802716426260182e-02
7.733333099999999831e+02 9.132366786790081792e-02
7.786666900000000169e+02 9.128700181867985264e-02
7.840000000000000000e+02 9.464289195721578563e-02
7.893333099999999831e+02 9.854866526245247005e-02
7.946666900000000169e+02 1.040161369935015678e-01
8.000000000000000000e+02 1.179664656324644206e-01
8.053333099999999831e+02 1.469245344335060321e-01
8.106666900000000169e+02 1.881790405802624133e-01
8.160000000000000000e+02 2.269434495486560288e-01
8.213333099999999831e+02 2.545832993052783988e-01
8.266666900000000169e+02 2.687891150339786206e-01
8.320000000000000000e+02 2.759969943286529892e-01
8.373333099999999831e+02 2.878984125553010753e-01
8.426666900000000169e+02 3.131366836683923682e-01
8.480000000000000000e+02 3.432019548721941815e-01
8.533333099999999831e+02 3.681744945819396819e-01
8.586666900000000169e+02 3.768849647898767641e-01
8.640000000000000000e+02 3.726117900962259144e-01
8.693333099999999831e+02 3.626942471941348445e-01
8.746666900000000169e+02 3.545229458481836682e-01
8.800000000000000000e+02 3.435975098066526567e-01
8.853333099999999831e+02 3.252337328264922611e-01
8.906666900000000169e+02 2.982683381742164963e-01
8.960000000000000000e+02 2.770802208749328366e-01
9.013333099999999831e+02 2.739063885121827413e-01
9.066666900000000169e+02 2.946837536427797111e-01
9.120000000000000000e+02 3.307230598263499188e-01
9.173333099999999831e+02 3.678733249667126559e-01
9.226666900000000169e+02 3.919971085958249279e-01
9.280000000000000000e+02 3.990524437230363874e-01
9.333333099999999831e+02 3.914211093687247067e-01
9.386666900000000169e+02 3.780016919692737454e-01
9.440000000000000000e+02 3.672351149521229097e-01
9.493333099999999831e+02 3.592962291481757720e-01
9.546666900000000169e+02 3.504468742402321868e-01
9.600000000000000000e+02 3.409364895865496514e-01
9.653333099999999831e+02 3.276342308744560339e-01
9.706666900000000169e+02 3.110234117195559422e-01
9.760000000000000000e+02 2.930084057581909263e-01
9.813333099999999831e+02 2.889582378443119604e-01
9.866666900000000169e+02 3.148435134109495159e-01
9.920000000000000000e+02 3.738051072488786097e-01
9.973333099999999831e+02 4.424855344557144798e-01
1.002666699999999992e+03 4.863687662286991786e-01
1.008000000000000000e+03 4.746358583573150325e-01
1.013333300000000008e+03 4.304278150500249756e-01
1.018666699999999992e+03 3.902114840107543392e-01
1.024000000000000000e+03 3.763028882070100778e-01
1.029333399999999983e+03 3.858810488331199662e-01
1.034666600000000017e+03 3.964087597773332527e-01
1.040000000000000000e+03 3.827832010892041059e-01
1.045333399999999983e+03 3.525870657062890046e-01
1.050666600000000017e+03 3.192949986392026318e-01
1.056000000000000000e+03 2.932162799086969751e-01
1.061333399999999983e+03 2.790215866798490540e-01
1.066666600000000017e+03 2.731949593084727068e-01
1.072000000000000000e+03 2.680405438799352558e-01
1.077333399999999983e+03 2.624932658064304536e-01
1.082666600000000017e+03 2.555677237751639019e-01
1.088000000000000000e+03 2.497930241599655987e-01
1.093333399999999983e+03 2.443363804825877117e-01
1.098666600000000017e+03 2.379345087639652689e-01
1.104000000000000000e+03 2.282814590466238358e-01
1.109333399999999983e+03 2.135961554396452189e-01
1.114666600000000017e+03 1.914917003860871769e-01
1.120000000000000000e+03 1.602448756462933332e-01
1.125333399999999983e+03 1.143888758951744633e-01
1.130666600000000017e+03 6.251958291909598397e-02
1.136000000000000000e+03 2.169914629866219816e-02
1.141333399999999983e+03 5.495241170591656787e-03
1.146666600000000017e+03 2.000016138262862564e-02
1.152000000000000000e+03 5.583401866041151629e-02
1.157333399999999983e+03 9.187280719826416975e-02
1.162666600000000017e+03 1.189444075135324685e-01
1.168000000000000000e+03 1.335253323409547610e-01
1.173333399999999983e+03 1.380825681252973725e-01
1.178666600000000017e+03 1.438098967343288681e-01
1.184000000000000000e+03 1.591458276195025501e-01
1.189333399999999983e+03 1.838648018767045367e-01
1.194666600000000017e+03 2.212733676745778644e-01
1.200000000000000000e+03 2.639840442943201526e-01
1.205333399999999983e+03 3.056828972559941793e-01
1.210666600000000017e+03 3.502679448943214480e-01
1.216000000000000000e+03 4.038139529033976105e-01
1.221333399999999983e+03 4.702658179600057720e-01
1.226666600000000017e+03 5.527402664064829940e-01
1.232000000000000000e+03 6.423595093608029938e-01
1.237333399999999983e+03 7.231281799142028621e-01
1.242666600000000017e+03 7.788632099233542272e-01
1.248000000000000000e+03 8.014237745431814774e-01
1.253333399999999983e+03 7.916461839521323762e-01
1.258666600000000017e+03 7.607663171332949004e-01
1.264000000000000000e+03 7.253205853704755013e-01
1.269333399999999983e+03 6.920477988462442331e-01
1.274666600000000017e+03 6.597445859458276329e-01
1.280000000000000000e+03 6.276810184479072463e-01
1.285333399999999983e+03 5.932224025435137715e-01
1.290666600000000017e+03 5.653952417440669675e-01
1.296000000000000000e+03 5.567310274646871671e-01
1.301333399999999983e+03 5.677983912740921513e-01
1.306666600000000017e+03 5.943581741260632878e-01
1.312000000000000000e+03 6.273311994662754687e-01
1.317333399999999983e+03 6.525853249271509338e-01
1.322666600000000017e+03 6.684985565523913209e-01
1.328000000000000000e+03 6.723640940421705681e-01
1.333333399999999983e+03 6.601654076596914500e-01
1.338666600000000017e+03 6.285611993737978409e-01
1.344000000000000000e+03 5.773150704131635447e-01
1.349333399999999983e+03 5.094025741745569213e-01
1.354666600000000017e+03 4.366341854343955275e-01
1.360000000000000000e+03 3.686107264283994822e-01
1.365333399999999983e+03 3.177716630380313378e-01
1.370666600000000017e+03 2.871010431910344107e-01
1.376000000000000000e+03 2.754105844326688035e-01
1.381333399999999983e+03 2.819140102311329943e-01
1.386666600000000017e+03 3.017449284236737306e-01
1.392000000000000000e+03 3.278904332220380913e-01
1.397333399999999983e+03 3.597269397461450580e-01
1.402666600000000017e+03 3.950068485830353637e-01
1.408000000000000000e+03 4.255347455310572458e-01
1.413333399999999983e+03 4.481437093798762428e-01
1.418666600000000017e+03 4.643537437210466523e-01
1.424000000000000000e+03 4.851168341146230856e-01
1.429333399999999983e+03 5.363196635495652842e-01
1.434666600000000017e+03 6.412606220624135211e-01
1.440000000000000000e+03 7.810337963066379396e-01
1.445333399999999983e+03 9.141880520954488443e-01
1.450666600000000017e+03 9.908513918054259184e-01
1.456000000000000000e+03 9.794207291877132793e-01
1.461333399999999983e+03 8.851152444420874454e-01
1.466666600000000017e+03 7.420765611576045639e-01
1.472000000000000000e+03 5.725189179528150651e-01
1.477333399999999983e+03 4.054014879163260754e-01
1.482666600000000017e+03 2.588277319550742472e-01
1.488000000000000000e+03 1.444898010007923950e-01
1.493333399999999983e+03 6.737221891789066386e-02
1.498666600000000017e+03 2.591349863306004198e-02
1.504000000000000000e+03 5.351849111638817651e-03
1.509333399999999983e+03 1.123334751937235705e-03
1.514666600000000017e+03 6.131499011043378342e-03
1.520000000000000000e+03 1.373886957464345165e-02
1.525333399999999983e+03 2.431424363372479067e-02
1.530666600000000017e+03 4.091911986299796161e-02
1.536000000000000000e+03 6.221655735383380126e-02
1.541333399999999983e+03 9.008652003927970775e-02
1.546666600000000017e+03 1.214902163954186126e-01
1.552000000000000000e+03 1.468480232496314486e-01
1.557333399999999983e+03 1.676402379811438859e-01
1.562666600000000017e+03 1.832599683948490654e-01
1.568000000000000000e+03 1.954588162223990511e-01
1.573333399999999983e+03 2.049167977750671332e-01
1.578666600000000017e+03 2.112064011397727092e-01
1.584000000000000000e+03 2.145209695260683613e-01
1.589333399999999983e+03 2.274826163881158159e-01
1.594666600000000017e+03 2.487173205928131514e-01
1.600000000000000000e+03 2.872434524688200486e-01
1.605333399999999983e+03 3.329653219035869638e-01
1.610666600000000017e+03 3.728114830405184210e-01
1.616000000000000000e+03 3.992350630440348880e-01
1.621333399999999983e+03 4.162333194243331702e-01
1.626666600000000017e+03 4.249041618626985817e-01
1.632000000000000000e+03 4.448020219021970867e-01
1.637333399999999983e+03 4.837262623921813609e-01
1.642666600000000017e+03 5.481272434168606988e-01
1.648000000000000000e+03 6.409443459010066846e-01
1.653333399999999983e+03 7.554581728366572824e-01
1.658666600000000017e+03 8.720423396880626621e-01
1.664000000000000000e+03 9.635719574201709881e-01
1.669333399999999983e+03 9.999999999999998890e-01
1.674666600000000017e+03 9.616256449664268846e-01
1.680000000000000000e+03 8.574931562452761113e-01
1.685333399999999983e+03 7.132027747535629736e-01
1.690666600000000017e+03 5.564697971761325412e-01
1.696000000000000000e+03 4.097132339075827967e-01
1.701333399999999983e+03 2.826238436940415322e-01
1.706666600000000017e+03 1.762517850590198110e-01
1.712000000000000000e+03 9.924469983315033217e-02
1.717333399999999983e+03 5.210373898860819891e-02
1.722666600000000017e+03 2.838424813239530040e-02
1.728000000000000000e+03 2.339058046473230235e-02
1.733333399999999983e+03 2.410820279147005488e-02
1.738666600000000017e+03 2.120266341187275125e-02
1.744000000000000000e+03 1.663669047457990921e-02
1.749333399999999983e+03 9.603636616808675780e-03
1.754666600000000017e+03 1.742160302007530939e-03
1.760000000000000000e+03 0.000000000000000000e+00
1.765333399999999983e+03 2.300487776866515059e-03
1.770666600000000017e+03 7.066812774465748917e-03
1.776000000000000000e+03 1.510261071997073823e-02
1.781333399999999983e+03 2.184803749942320142e-02
1.786666600000000017e+03 2.422588103499070250e-02
1.792000000000000000e+03 2.443650316145222490e-02
1.797333399999999983e+03 2.260903137536909163e-02
1.802666600000000017e+03 1.903398022416301696e-02
