6.080000000000000000e+02 7.879297173470097004e-02
6.133333099999999831e+02 9.549474777387952085e-02
6.186666900000000169e+02 9.931512566404904208e-02
6.240000000000000000e+02 9.328367767893308571e-02
6.293333099999999831e+02 8.009099511237111058e-02
6.346666900000000169e+02 6.441844345389918791e-02
6.400000000000000000e+02 4.656080701913532793e-02
6.453333099999999831e+02 2.624002910316919346e-02
6.506666900000000169e+02 1.078595531258409214e-02
6.560000000000000000e+02 3.338570882535909709e-03
6.613333099999999831e+02 0.000000000000000000e+00
6.666666900000000169e+02 1.465832805221207666e-03
6.720000000000000000e+02 9.751269415720333067e-03
6.773333099999999831e+02 2.257219433168189404e-02
6.826666900000000169e+02 3.882818379310821327e-02
6.880000000000000000e+02 5.619879733246944953e-02
6.933333099999999831e+02 7.000475129785624362e-02
6.986666900000000169e+02 8.068365805240718114e-02
7.040000000000000000e+02 9.025262993061354544e-02
7.093333099999999831e+02 9.632620953536238928e-02
7.146666900000000169e+02 9.925127282618496916e-02
7.200000000000000000e+02 1.017967134623678493e-01
7.253333099999999831e+02 1.025965042083771123e-01
7.306666900000000169e+02 1.040819438180932144e-01
7.360000000000000000e+02 1.012640514041426437e-01
7.413333099999999831e+02 9.205924786601589471e-02
7.466666900000000169e+02 8.360588418239009445e-02
7.520000000000000000e+02 8.050908796639451304e-02
7.573333099999999831e+02 7.952095553353534518e-02
7.626666900000000169e+02 8.242044264091931416e-02
7.680000000000000000e+02 7.928726270818675648e-02
7.733333099999999831e+02 6.478987650157164158e-02
7.786666900000000169e+02 4.727127083494112730e-02
7.840000000000000000e+02 3.483148210996342420e-02
7.893333099999999831e+02 3.027292442565891056e-02
7.946666900000000169e+02 3.778304572719713011e-02
8.000000000000000000e+02 5.402202821881102457e-02
8.053333099999999831e+02 7.426108293628824741e-02
8.106666900000000169e+02 9.896278842096262185e-02
8.160000000000000000e+02 1.284162445221033177e-01
8.213333099999999831e+02 1.576487670004510788e-01
8.266666900000000169e+02 1.805744231220887674e-01
8.320000000000000000e+02 1.966487630515090790e-01
8.373333099999999831e+02 2.094642857002153580e-01
8.426666900000000169e+02 2.239367211215663733e-01
8.480000000000000000e+02 2.423914365237760105e-01
8.533333099999999831e+02 2.597056110029947185e-01
8.586666900000000169e+02 2.672930814537276545e-01
8.640000000000000000e+02 2.643598694489074918e-01
8.693333099999999831e+02 2.562348647586973338e-01
8.746666900000000169e+02 2.461262016063785751e-01
8.800000000000000000e+02 2.370969856152154165e-01
8.853333099999999831e+02 2.254200632737373144e-01
8.906666900000000169e+02 2.092653971665751067e-01
8.960000000000000000e+02 1.930414691869211941e-01
9.013333099999999831e+02 1.852805520130777484e-01
9.066666900000000169e+02 1.910383664361957334e-01
9.120000000000000000e+02 2.133458127525350301e-01
9.173333099999999831e+02 2.402873131712324750e-01
9.226666900000000169e+02 2.621215479906528478e-01
9.280000000000000000e+02 2.718136578243140478e-01
9.333333099999999831e+02 2.691677345831969825e-01
9.386666900000000169e+02 2.562951746261956654e-01
9.440000000000000000e+02 2.399247528256497064e-01
9.493333099999999831e+02 2.183312826850935251e-01
9.546666900000000169e+02 1.935501181735513609e-01
9.600000000000000000e+02 1.720976446388003955e-01
9.653333099999999831e+02 1.592932358046451058e-01
9.706666900000000169e+02 1.499593431432957591e-01
9.760000000000000000e+02 1.425028009889257041e-01
9.813333099999999831e+02 1.419045318094202812e-01
9.866666900000000169e+02 1.580916356942451972e-01
9.920000000000000000e+02 2.005882826456590329e-01
9.973333099999999831e+02 2.590400750158467491e-01
1.002666699999999992e+03 2.995101666643544269e-01
1.008000000000000000e+03 2.955166702079642382e-01
1.013333300000000008e+03 2.595805177754276771e-01
1.018666699999999992e+03 2.226415897770218089e-01
1.024000000000000000e+03 2.133744570169936738e-01
1.029333399999999983e+03 2.335476786391437465e-01
1.034666600000000017e+03 2.606804454385081016e-01
1.040000000000000000e+03 2.660413544352693838e-01
1.045333399999999983e+03 2.453446517842318153e-01
1.050666600000000017e+03 2.099548715671153143e-01
1.056000000000000000e+03 1.759797385208459186e-01
1.061333399999999983e+03 1.538454305061980054e-01
1.066666600000000017e+03 1.550762861959196770e-01
1.072000000000000000e+03 1.730178647097833922e-01
1.077333399999999983e+03 1.962138586813802488e-01
1.082666600000000017e+03 2.192473376775588567e-01
1.088000000000000000e+03 2.307234767379927332e-01
1.093333399999999983e+03 2.256787896497711998e-01
1.098666600000000017e+03 2.090624261588676092e-01
1.104000000000000000e+03 1.840744513530920556e-01
1.109333399999999983e+03 1.560019421636860970e-01
1.114666600000000017e+03 1.346302473990726167e-01
1.120000000000000000e+03 1.187535153396500620e-01
1.125333399999999983e+03 1.050886875471614967e-01
1.130666600000000017e+03 8.496160023133569883e-02
1.136000000000000000e+03 5.878374322125803908e-02
1.141333399999999983e+03 3.098499524191961063e-02
1.146666600000000017e+03 1.193919771324507446e-02
1.152000000000000000e+03 1.210204198810820725e-02
1.157333399999999983e+03 2.650797552217411257e-02
1.162666600000000017e+03 4.376031815653241147e-02
1.168000000000000000e+03 5.860884407918423578e-02
1.173333399999999983e+03 6.277738928968754073e-02
1.178666600000000017e+03 6.189016451676979114e-02
1.184000000000000000e+03 7.254736843844668270e-02
1.189333399999999983e+03 9.875846233831846177e-02
1.194666600000000017e+03 1.423549889320944450e-01
1.200000000000000000e+03 1.994894886413027812e-01
1.205333399999999983e+03 2.519214497485331994e-01
1.210666600000000017e+03 2.923922228864888062e-01
1.216000000000000000e+03 3.282765739618624945e-01
1.221333399999999983e+03 3.737942906568175738e-01
1.226666600000000017e+03 4.376563879146191938e-01
1.232000000000000000e+03 5.157068732514001885e-01
1.237333399999999983e+03 5.859839876326680130e-01
1.242666600000000017e+03 6.304417501308472449e-01
1.248000000000000000e+03 6.414568464648405799e-01
1.253333399999999983e+03 6.302362174149139795e-01
1.258666600000000017e+03 6.118703014449851096e-01
1.264000000000000000e+03 5.989215040707497328e-01
1.269333399999999983e+03 5.865630780645955111e-01
1.274666600000000017e+03 5.708013730279162257e-01
1.280000000000000000e+03 5.449285546386616330e-01
1.285333399999999983e+03 5.076366502183716767e-01
1.290666600000000017e+03 4.706893515723188925e-01
1.296000000000000000e+03 4.521042971177545722e-01
1.301333399999999983e+03 4.561022705365302965e-01
1.306666600000000017e+03 4.855756878687432221e-01
1.312000000000000000e+03 5.304434970483714595e-01
1.317333399999999983e+03 5.677608918535562710e-01
1.322666600000000017e+03 5.849123627427067484e-01
1.328000000000000000e+03 5.803746352122829411e-01
1.333333399999999983e+03 5.541898585155811130e-01
1.338666600000000017e+03 5.135177135852158070e-01
1.344000000000000000e+03 4.606984412455513156e-01
1.349333399999999983e+03 3.923441236172671709e-01
1.354666600000000017e+03 3.133359592989282127e-01
1.360000000000000000e+03 2.395245134744572735e-01
1.365333399999999983e+03 1.844248415678776953e-01
1.370666600000000017e+03 1.536074170939728811e-01
1.376000000000000000e+03 1.434895417096132275e-01
1.381333399999999983e+03 1.457431348712991126e-01
1.386666600000000017e+03 1.518751792478728047e-01
1.392000000000000000e+03 1.667643051457608494e-01
1.397333399999999983e+03 1.949748402105431766e-01
1.402666600000000017e+03 2.334415676014778007e-01
1.408000000000000000e+03 2.761856483504307458e-01
1.413333399999999983e+03 3.166293286979796617e-01
1.418666600000000017e+03 3.510949463533548087e-01
1.424000000000000000e+03 3.911788275185716368e-01
1.429333399999999983e+03 4.611579489656696951e-01
1.434666600000000017e+03 5.722998026873570288e-01
1.440000000000000000e+03 7.096490256118801465e-01
1.445333399999999983e+03 8.402967628016609902e-01
1.450666600000000017e+03 9.197143840141757121e-01
1.456000000000000000e+03 9.185308073713430721e-01
1.461333399999999983e+03 8.459302440409618429e-01
1.466666600000000017e+03 7.240880901081808707e-01
1.472000000000000000e+03 5.725095967136983877e-01
1.477333399999999983e+03 4.169237138486504013e-01
1.482666600000000017e+03 2.709335607026967518e-01
1.488000000000000000e+03 1.479068327170029729e-01
1.493333399999999983e+03 6.343327073718134368e-02
1.498666600000000017e+03 2.134268590519577263e-02
1.504000000000000000e+03 8.237200311587061785e-03
1.509333399999999983e+03 1.358653840995113077e-02
1.514666600000000017e+03 2.172024786808329083e-02
1.520000000000000000e+03 2.382383755297160649e-02
1.525333399999999983e+03 2.340051204939385884e-02
1.530666600000000017e+03 2.890486526787186539e-02
1.536000000000000000e+03 4.675665710629139937e-02
1.541333399999999983e+03 8.551676181006742650e-02
1.546666600000000017e+03 1.382202776362898844e-01
1.552000000000000000e+03 1.861183234948867449e-01
1.557333399999999983e+03 2.180669103079972415e-01
1.562666600000000017e+03 2.323211754474002744e-01
1.568000000000000000e+03 2.356772607851845280e-01
1.573333399999999983e+03 2.424205883046927634e-01
1.578666600000000017e+03 2.583716194651298204e-01
1.584000000000000000e+03 2.846923862206853784e-01
1.589333399999999983e+03 3.184888356015203592e-01
1.594666600000000017e+03 3.580065257171907711e-01
1.600000000000000000e+03 3.996882588898552635e-01
1.605333399999999983e+03 4.311694129055470004e-01
1.610666600000000017e+03 4.476741701460805745e-01
1.616000000000000000e+03 4.601373259156881779e-01
1.621333399999999983e+03 4.713760059241228206e-01
1.626666600000000017e+03 4.899791729330052470e-01
1.632000000000000000e+03 5.253413219861546857e-01
1.637333399999999983e+03 5.724640298960553819e-01
1.642666600000000017e+03 6.353487022269096451e-01
1.648000000000000000e+03 7.198702857287589962e-01
1.653333399999999983e+03 8.168305928914108005e-01
1.658666600000000017e+03 9.095897266217631838e-01
1.664000000000000000e+03 9.788135435387698147e-01
1.669333399999999983e+03 1.000000000000000000e+00
1.674666600000000017e+03 9.578161869016320606e-01
1.680000000000000000e+03 8.572454921471248657e-01
1.685333399999999983e+03 7.161670901482445339e-01
1.690666600000000017e+03 5.587977819458953554e-01
1.696000000000000000e+03 4.132262312380365898e-01
1.701333399999999983e+03 2.924546434449399879e-01
1.706666600000000017e+03 1.954132572199861750e-01
1.712000000000000000e+03 1.223091220516574346e-01
1.717333399999999983e+03 6.929821306196966291e-02
1.722666600000000017e+03 3.370996960225657729e-02
1.728000000000000000e+03 1.736668989501248539e-02
1.733333399999999983e+03 1.478212431674000987e-02
1.738666600000000017e+03 1.585192006179342306e-02
1.744000000000000000e+03 1.554479795539238582e-02
1.749333399999999983e+03 1.215890765163012317e-02
1.754666600000000017e+03 6.761180733996779470e-03
1.760000000000000000e+03 7.013724439806596350e-03
1.765333399999999983e+03 1.496948100033719704e-02
1.770666600000000017e+03 2.547081801622146438e-02
1.776000000000000000e+03 3.527301261480644823e-02
1.781333399999999983e+03 3.992564966948310839e-02
1.786666600000000017e+03 3.727846371369233219e-02
1.792000000000000000e+03 3.219763946859530851e-02
1.797333399999999983e+03 2.734018816692901019e-02
1.802666600000000017e+03 2.528116706542934966e-02
