6.080000000000000000e+02 5.179544526992599374e-02
6.133333099999999831e+02 7.190795649216596974e-02
6.186666900000000169e+02 7.214864637892706711e-02
6.240000000000000000e+02 5.971545207043654074e-02
6.293333099999999831e+02 4.206541086800132806e-02
6.346666900000000169e+02 2.891235629881275943e-02
6.400000000000000000e+02 2.250247234199174995e-02
6.453333099999999831e+02 1.688114461318272752e-02
6.506666900000000169e+02 1.177349963781497075e-02
6.560000000000000000e+02 5.635180238062517666e-03
6.613333099999999831e+02 0.000000000000000000e+00
6.666666900000000169e+02 3.106261250349696620e-03
6.720000000000000000e+02 1.354473177981119561e-02
6.773333099999999831e+02 2.362165610987104064e-02
6.826666900000000169e+02 3.616287017406460969e-02
6.880000000000000000e+02 4.689788748751849701e-02
6.933333099999999831e+02 6.025246183612194967e-02
6.986666900000000169e+02 8.497793411356847904e-02
7.040000000000000000e+02 1.185481066279254481e-01
7.093333099999999831e+02 1.498168250400525037e-01
7.146666900000000169e+02 1.716777409383821729e-01
7.200000000000000000e+02 1.696950485531898978e-01
7.253333099999999831e+02 1.498973606959229654e-01
7.306666900000000169e+02 1.229780394909159857e-01
7.360000000000000000e+02 9.687225429429519030e-02
7.413333099999999831e+02 7.588002933300345976e-02
7.466666900000000169e+02 6.290836304720451300e-02
7.520000000000000000e+02 5.785057878316565705e-02
7.573333099999999831e+02 6.712616412482957928e-02
7.626666900000000169e+02 8.566916826889112158e-02
7.680000000000000000e+02 1.024159299423709202e-01
7.733333099999999831e+02 1.115109754104710860e-01
7.786666900000000169e+02 1.064916144344396215e-01
7.840000000000000000e+02 9.547163659990896833e-02
7.893333099999999831e+02 1.021142432412608381e-01
7.946666900000000169e+02 1.462100369707772796e-01
8.000000000000000000e+02 2.309440247569727322e-01
8.053333099999999831e+02 3.414015323064265028e-01
8.106666900000000169e+02 4.337974795026443009e-01
8.160000000000000000e+02 4.741355735793449933e-01
8.213333099999999831e+02 4.607906368247654538e-01
8.266666900000000169e+02 4.145215915408889673e-01
8.320000000000000000e+02 3.665391303778132159e-01
8.373333099999999831e+02 3.445114288028250371e-01
8.426666900000000169e+02 3.520634181971087351e-01
8.480000000000000000e+02 3.746153713260981788e-01
8.533333099999999831e+02 3.943950689374632890e-01
8.586666900000000169e+02 3.950530244322493223e-01
8.640000000000000000e+02 3.757571889878989491e-01
8.693333099999999831e+02 3.469670550274558396e-01
8.746666900000000169e+02 3.266455033596047941e-01
8.800000000000000000e+02 3.178522810635183715e-01
8.853333099999999831e+02 3.142412425297483880e-01
8.906666900000000169e+02 3.053588067240300408e-01
8.960000000000000000e+02 2.906596815529575717e-01
9.013333099999999831e+02 2.753050373173602239e-01
9.066666900000000169e+02 2.747941215244317226e-01
9.120000000000000000e+02 2.907924180763800659e-01
9.173333099999999831e+02 3.188444755587033774e-01
9.226666900000000169e+02 3.435422015784057037e-01
9.280000000000000000e+02 3.579141662249468725e-01
9.333333099999999831e+02 3.614997045468348325e-01
9.386666900000000169e+02 3.618242953007449469e-01
9.440000000000000000e+02 3.596422460536604637e-01
9.493333099999999831e+02 3.558716887095283998e-01
9.546666900000000169e+02 3.448021425233916415e-01
9.600000000000000000e+02 3.300733812238990650e-01
9.653333099999999831e+02 3.171117746458023134e-01
9.706666900000000169e+02 3.092524440858296919e-01
9.760000000000000000e+02 2.957979782397492929e-01
9.813333099999999831e+02 2.816654331299248692e-01
9.866666900000000169e+02 2.844912339379657151e-01
9.920000000000000000e+02 3.197131419148915854e-01
9.973333099999999831e+02 3.818391200268290708e-01
1.002666699999999992e+03 4.371345902888204571e-01
1.008000000000000000e+03 4.391815014857735067e-01
1.013333300000000008e+03 3.916174239049402539e-01
1.018666699999999992e+03 3.340525656342592242e-01
1.024000000000000000e+03 3.034721001696958353e-01
1.029333399999999983e+03 3.100456317211061630e-01
1.034666600000000017e+03 3.308558684214733536e-01
1.040000000000000000e+03 3.364030756122269317e-01
1.045333399999999983e+03 3.173425998051998542e-01
1.050666600000000017e+03 2.829938810798380833e-01
1.056000000000000000e+03 2.459032046311673270e-01
1.061333399999999983e+03 2.170299963901460294e-01
1.066666600000000017e+03 2.027571771603051687e-01
1.072000000000000000e+03 2.079508536342773994e-01
1.077333399999999983e+03 2.216466718585529683e-01
1.082666600000000017e+03 2.374321876599451708e-01
1.088000000000000000e+03 2.473722959801625265e-01
1.093333399999999983e+03 2.471700880282343138e-01
1.098666600000000017e+03 2.372632350475512575e-01
1.104000000000000000e+03 2.200202372060027778e-01
1.109333399999999983e+03 1.950624744338430583e-01
1.114666600000000017e+03 1.686515654990059510e-01
1.120000000000000000e+03 1.388712642047930101e-01
1.125333399999999983e+03 1.041327442548358462e-01
1.130666600000000017e+03 6.670177765003425241e-02
1.136000000000000000e+03 3.190726763126200405e-02
1.141333399999999983e+03 1.024088440432521611e-02
1.146666600000000017e+03 1.009729149047540117e-02
1.152000000000000000e+03 2.796243563641388069e-02
1.157333399999999983e+03 5.164854574133785625e-02
1.162666600000000017e+03 7.415644820043000573e-02
1.168000000000000000e+03 9.240585818409755015e-02
1.173333399999999983e+03 1.041650355661430521e-01
1.178666600000000017e+03 1.103884383733149815e-01
1.184000000000000000e+03 1.197699280498069202e-01
1.189333399999999983e+03 1.328880579906026038e-01
1.194666600000000017e+03 1.596109684705321330e-01
1.200000000000000000e+03 2.041412156952275292e-01
1.205333399999999983e+03 2.549123582528917131e-01
1.210666600000000017e+03 3.034406113722460940e-01
1.216000000000000000e+03 3.598232218162530360e-01
1.221333399999999983e+03 4.288540513782567731e-01
1.226666600000000017e+03 5.199529122250932112e-01
1.232000000000000000e+03 6.269774334722540976e-01
1.237333399999999983e+03 7.216486387289759996e-01
1.242666600000000017e+03 7.768536229273883542e-01
1.248000000000000000e+03 7.867361910144545778e-01
1.253333399999999983e+03 7.567951064855433785e-01
1.258666600000000017e+03 7.090135403643308409e-01
1.264000000000000000e+03 6.673988545331255295e-01
1.269333399999999983e+03 6.406815346305926306e-01
1.274666600000000017e+03 6.241495270361928638e-01
1.280000000000000000e+03 6.121147918995031301e-01
1.285333399999999983e+03 5.972031974311758917e-01
1.290666600000000017e+03 5.774961194704213430e-01
1.296000000000000000e+03 5.637905676176776515e-01
1.301333399999999983e+03 5.637183401083533107e-01
1.306666600000000017e+03 5.785627182558169546e-01
1.312000000000000000e+03 6.049285736741030206e-01
1.317333399999999983e+03 6.343121122958090830e-01
1.322666600000000017e+03 6.571465627596998482e-01
1.328000000000000000e+03 6.677546479760622100e-01
1.333333399999999983e+03 6.584049407952650146e-01
1.338666600000000017e+03 6.307766631067981411e-01
1.344000000000000000e+03 5.830500341536013487e-01
1.349333399999999983e+03 5.181901586141456351e-01
1.354666600000000017e+03 4.507684430130546316e-01
1.360000000000000000e+03 3.913860123831082172e-01
1.365333399999999983e+03 3.425146613108950300e-01
1.370666600000000017e+03 3.156557341376741155e-01
1.376000000000000000e+03 3.066685759464805594e-01
1.381333399999999983e+03 3.070708664574407498e-01
1.386666600000000017e+03 3.184713438301833843e-01
1.392000000000000000e+03 3.389747496737108845e-01
1.397333399999999983e+03 3.624793651719679932e-01
1.402666600000000017e+03 3.919799628056554464e-01
1.408000000000000000e+03 4.181642206562755093e-01
1.413333399999999983e+03 4.307252591647271478e-01
1.418666600000000017e+03 4.322675724570623212e-01
1.424000000000000000e+03 4.427568629366436248e-01
1.429333399999999983e+03 4.883477540455729016e-01
1.434666600000000017e+03 5.933272800197606500e-01
1.440000000000000000e+03 7.417060611990885510e-01
1.445333399999999983e+03 8.919822883739060293e-01
1.450666600000000017e+03 9.855546383561769597e-01
1.456000000000000000e+03 9.954778069889647085e-01
1.461333399999999983e+03 9.202030758714009329e-01
1.466666600000000017e+03 7.852327991139903540e-01
1.472000000000000000e+03 6.162844088792486241e-01
1.477333399999999983e+03 4.437360736764036639e-01
1.482666600000000017e+03 2.803886837038586100e-01
1.488000000000000000e+03 1.526361088926583842e-01
1.493333399999999983e+03 6.849364037952754281e-02
1.498666600000000017e+03 2.495438910395568477e-02
1.504000000000000000e+03 9.405986279651092075e-03
1.509333399999999983e+03 8.171499408671211925e-03
1.514666600000000017e+03 9.212946341408508738e-03
1.520000000000000000e+03 1.392643973360991293e-02
1.525333399999999983e+03 2.459484208888299689e-02
1.530666600000000017e+03 4.699938148201822374e-02
1.536000000000000000e+03 7.945555930632051955e-02
1.541333399999999983e+03 1.169105556986119732e-01
1.546666600000000017e+03 1.538867405589497417e-01
1.552000000000000000e+03 1.810795221100288122e-01
1.557333399999999983e+03 1.958861577663862374e-01
1.562666600000000017e+03 2.035162201619238886e-01
1.568000000000000000e+03 2.098987529517883366e-01
1.573333399999999983e+03 2.193384438035788642e-01
1.578666600000000017e+03 2.306534488927125537e-01
1.584000000000000000e+03 2.411787327723016183e-01
1.589333399999999983e+03 2.514274692364048547e-01
1.594666600000000017e+03 2.653342991386649641e-01
1.600000000000000000e+03 2.928102877349853528e-01
1.605333399999999983e+03 3.307303372740149072e-01
1.610666600000000017e+03 3.690598806125545694e-01
1.616000000000000000e+03 3.981947892418138957e-01
1.621333399999999983e+03 4.154814514024539607e-01
1.626666600000000017e+03 4.243747069474488876e-01
1.632000000000000000e+03 4.428502951966350465e-01
1.637333399999999983e+03 4.839297956904110576e-01
1.642666600000000017e+03 5.528251159503881906e-01
1.648000000000000000e+03 6.444802670088898289e-01
1.653333399999999983e+03 7.542831092238913016e-01
1.658666600000000017e+03 8.642864276532377099e-01
1.664000000000000000e+03 9.545310077456912179e-01
1.669333399999999983e+03 1.000000000000000000e+00
1.674666600000000017e+03 9.767974519938884548e-01
1.680000000000000000e+03 8.810612535763495679e-01
1.685333399999999983e+03 7.387653122095363400e-01
1.690666600000000017e+03 5.789570719447882929e-01
1.696000000000000000e+03 4.271222261517013674e-01
1.701333399999999983e+03 2.968242310771248560e-01
1.706666600000000017e+03 1.886435826497067647e-01
1.712000000000000000e+03 1.038966275121954719e-01
1.717333399999999983e+03 4.772754636737607664e-02
1.722666600000000017e+03 1.763562277179417728e-02
1.728000000000000000e+03 7.609419018901525389e-03
1.733333399999999983e+03 1.111435555505252068e-02
1.738666600000000017e+03 1.760822811154948153e-02
1.744000000000000000e+03 2.071732149199815437e-02
1.749333399999999983e+03 2.091852798338479993e-02
1.754666600000000017e+03 1.636374764837444928e-02
1.760000000000000000e+03 1.224004582778775302e-02
1.765333399999999983e+03 1.417212197376545302e-02
1.770666600000000017e+03 2.213584222674162827e-02
1.776000000000000000e+03 3.574447217245975417e-02
1.781333399999999983e+03 5.139362204647209692e-02
1.786666600000000017e+03 6.057917292210889676e-02
1.792000000000000000e+03 5.975865178252039861e-02
1.797333399999999983e+03 4.441196326186088589e-02
1.802666600000000017e+03 1.005803132638721786e-02
