6.080000000000000000e+02 5.791077043385486900e-02
6.133333099999999831e+02 6.172214707982683068e-02
6.186666900000000169e+02 5.880577084133967181e-02
6.240000000000000000e+02 5.178007325720695997e-02
6.293333099999999831e+02 4.327708731451219287e-02
6.346666900000000169e+02 3.857354758041137838e-02
6.400000000000000000e+02 3.297129082950758794e-02
6.453333099999999831e+02 2.133686315154303265e-02
6.506666900000000169e+02 8.503157662722894694e-03
6.560000000000000000e+02 4.986336151080253409e-04
6.613333099999999831e+02 0.000000000000000000e+00
6.666666900000000169e+02 9.658865431616713709e-03
6.720000000000000000e+02 2.256774254750402650e-02
6.773333099999999831e+02 3.504621722539517231e-02
6.826666900000000169e+02 4.830894538795656862e-02
6.880000000000000000e+02 6.431958660868145050e-02
6.933333099999999831e+02 8.396300604735623674e-02
6.986666900000000169e+02 1.025220877075096598e-01
7.040000000000000000e+02 1.140126847111458674e-01
7.093333099999999831e+02 1.199719385973588709e-01
7.146666900000000169e+02 1.205622083956359725e-01
7.200000000000000000e+02 1.172986284965331083e-01
7.253333099999999831e+02 1.123061865144738686e-01
7.306666900000000169e+02 1.100016433101739105e-01
7.360000000000000000e+02 1.138180433556405108e-01
7.413333099999999831e+02 1.270778063012297232e-01
7.466666900000000169e+02 1.450566407340606323e-01
7.520000000000000000e+02 1.579360584641492649e-01
7.573333099999999831e+02 1.555457742891177275e-01
7.626666900000000169e+02 1.436405005716281380e-01
7.680000000000000000e+02 1.287103898366623311e-01
7.733333099999999831e+02 1.162054987641368969e-01
7.786666900000000169e+02 1.098203447653294529e-01
7.840000000000000000e+02 1.064834103520438668e-01
7.893333099999999831e+02 1.059721451764785993e-01
7.946666900000000169e+02 1.182253380183912461e-01
8.000000000000000000e+02 1.468939905575514793e-01
8.053333099999999831e+02 1.875026463989183101e-01
8.106666900000000169e+02 2.329708625568963631e-01
8.160000000000000000e+02 2.706414895716172664e-01
8.213333099999999831e+02 2.933334904748137184e-01
8.266666900000000169e+02 3.045498851442345889e-01
8.320000000000000000e+02 3.129224956778155486e-01
8.373333099999999831e+02 3.261928355976711491e-01
8.426666900000000169e+02 3.475198554481822022e-01
8.480000000000000000e+02 3.722705465285338633e-01
8.533333099999999831e+02 3.889813388785406945e-01
8.586666900000000169e+02 3.917146342922558921e-01
8.640000000000000000e+02 3.835526241172575457e-01
8.693333099999999831e+02 3.725031346192374526e-01
8.746666900000000169e+02 3.649645932563669870e-01
8.800000000000000000e+02 3.653007396805968421e-01
8.853333099999999831e+02 3.669149884412999385e-01
8.906666900000000169e+02 3.606512657950355916e-01
8.960000000000000000e+02 3.471906924348077128e-01
9.013333099999999831e+02 3.368506158292545183e-01
9.066666900000000169e+02 3.405102621292385723e-01
9.120000000000000000e+02 3.637198924493562635e-01
9.173333099999999831e+02 3.991872390749383603e-01
9.226666900000000169e+02 4.252759755747000381e-01
9.280000000000000000e+02 4.341820067516551918e-01
9.333333099999999831e+02 4.292575078572891667e-01
9.386666900000000169e+02 4.199163464711491711e-01
9.440000000000000000e+02 4.112795451131987523e-01
9.493333099999999831e+02 4.077396383900462329e-01
9.546666900000000169e+02 4.005835497121524313e-01
9.600000000000000000e+02 3.908670545149427467e-01
9.653333099999999831e+02 3.762669411176345902e-01
9.706666900000000169e+02 3.592678248210595671e-01
9.760000000000000000e+02 3.376029072669403108e-01
9.813333099999999831e+02 3.262471194034022304e-01
9.866666900000000169e+02 3.398272481714577631e-01
9.920000000000000000e+02 3.870044755250235946e-01
9.973333099999999831e+02 4.511843904193877375e-01
1.002666699999999992e+03 5.006668454814483527e-01
1.008000000000000000e+03 5.025396378468559577e-01
1.013333300000000008e+03 4.651378743206616151e-01
1.018666699999999992e+03 4.167689950054018211e-01
1.024000000000000000e+03 3.875320893149973300e-01
1.029333399999999983e+03 3.833178490939730954e-01
1.034666600000000017e+03 3.865670437833812478e-01
1.040000000000000000e+03 3.783876379295004755e-01
1.045333399999999983e+03 3.581866789131326057e-01
1.050666600000000017e+03 3.325351212711872839e-01
1.056000000000000000e+03 3.124901568923278972e-01
1.061333399999999983e+03 2.990562522512456578e-01
1.066666600000000017e+03 2.875606923336264664e-01
1.072000000000000000e+03 2.790551345210586787e-01
1.077333399999999983e+03 2.744693215516993412e-01
1.082666600000000017e+03 2.726956016841177721e-01
1.088000000000000000e+03 2.750527017947884123e-01
1.093333399999999983e+03 2.708898831307134381e-01
1.098666600000000017e+03 2.536002984491194656e-01
1.104000000000000000e+03 2.279516915262925769e-01
1.109333399999999983e+03 2.015858678331386156e-01
1.114666600000000017e+03 1.782675645815634813e-01
1.120000000000000000e+03 1.610244939203148151e-01
1.125333399999999983e+03 1.329062786529359164e-01
1.130666600000000017e+03 9.049220047174987014e-02
1.136000000000000000e+03 4.445819950462034931e-02
1.141333399999999983e+03 1.118816896098514049e-02
1.146666600000000017e+03 7.571467033679651210e-03
1.152000000000000000e+03 3.760521586803466931e-02
1.157333399999999983e+03 7.770480117756380090e-02
1.162666600000000017e+03 1.104449436921697142e-01
1.168000000000000000e+03 1.249827352864019692e-01
1.173333399999999983e+03 1.198038085498126376e-01
1.178666600000000017e+03 1.135880412207619788e-01
1.184000000000000000e+03 1.233014556717754867e-01
1.189333399999999983e+03 1.504563550659332727e-01
1.194666600000000017e+03 1.948186823331921613e-01
1.200000000000000000e+03 2.483702755735443801e-01
1.205333399999999983e+03 2.985553755134202625e-01
1.210666600000000017e+03 3.446317105424366312e-01
1.216000000000000000e+03 3.936822417863583556e-01
1.221333399999999983e+03 4.555925648669186256e-01
1.226666600000000017e+03 5.359695348988674501e-01
1.232000000000000000e+03 6.261234411894888163e-01
1.237333399999999983e+03 7.048986619738631942e-01
1.242666600000000017e+03 7.542044916075328898e-01
1.248000000000000000e+03 7.675231305685531469e-01
1.253333399999999983e+03 7.558997692109848954e-01
1.258666600000000017e+03 7.324092747270979364e-01
1.264000000000000000e+03 7.064836060279096053e-01
1.269333399999999983e+03 6.791700222598909820e-01
1.274666600000000017e+03 6.504765945641671765e-01
1.280000000000000000e+03 6.193901996500329465e-01
1.285333399999999983e+03 5.906711401677532391e-01
1.290666600000000017e+03 5.680925406126011712e-01
1.296000000000000000e+03 5.618375643136452879e-01
1.301333399999999983e+03 5.733709396525289437e-01
1.306666600000000017e+03 5.969518010698695587e-01
1.312000000000000000e+03 6.257646542510466592e-01
1.317333399999999983e+03 6.490794150246579353e-01
1.322666600000000017e+03 6.593355285709099345e-01
1.328000000000000000e+03 6.615454083222246373e-01
1.333333399999999983e+03 6.529289489761062049e-01
1.338666600000000017e+03 6.281043124082813511e-01
1.344000000000000000e+03 5.847755186381914383e-01
1.349333399999999983e+03 5.250395141965430446e-01
1.354666600000000017e+03 4.567065172450668897e-01
1.360000000000000000e+03 3.929879872780736028e-01
1.365333399999999983e+03 3.412281451260598675e-01
1.370666600000000017e+03 3.094330914522513409e-01
1.376000000000000000e+03 2.984160676981091331e-01
1.381333399999999983e+03 3.112312418461238850e-01
1.386666600000000017e+03 3.380134982169117341e-01
1.392000000000000000e+03 3.689507443473834525e-01
1.397333399999999983e+03 3.983134502366934560e-01
1.402666600000000017e+03 4.241956028591788996e-01
1.408000000000000000e+03 4.449218010768766218e-01
1.413333399999999983e+03 4.632831750201784060e-01
1.418666600000000017e+03 4.751548723102559380e-01
1.424000000000000000e+03 4.936204806726312011e-01
1.429333399999999983e+03 5.422249301500485785e-01
1.434666600000000017e+03 6.349129652726583917e-01
1.440000000000000000e+03 7.633203237982948419e-01
1.445333399999999983e+03 8.991707713600661789e-01
1.450666600000000017e+03 9.896010498623589724e-01
1.456000000000000000e+03 1.000000000000000000e+00
1.461333399999999983e+03 9.233387166064830343e-01
1.466666600000000017e+03 7.790796807313619121e-01
1.472000000000000000e+03 5.991365624975703019e-01
1.477333399999999983e+03 4.251410737451239985e-01
1.482666600000000017e+03 2.764935486970363510e-01
1.488000000000000000e+03 1.649617912404912068e-01
1.493333399999999983e+03 9.066116663746848214e-02
1.498666600000000017e+03 4.801660441925043044e-02
1.504000000000000000e+03 2.517561807229637405e-02
1.509333399999999983e+03 1.389767312827092614e-02
1.514666600000000017e+03 7.885465784224419267e-03
1.520000000000000000e+03 7.443871221763979917e-03
1.525333399999999983e+03 1.325882935914453331e-02
1.530666600000000017e+03 2.901589205260876603e-02
1.536000000000000000e+03 5.191308128573991071e-02
1.541333399999999983e+03 7.664401725165151391e-02
1.546666600000000017e+03 1.041669590071521573e-01
1.552000000000000000e+03 1.357461742081204070e-01
1.557333399999999983e+03 1.641523451353091578e-01
1.562666600000000017e+03 1.876891560346431731e-01
1.568000000000000000e+03 1.993331123805495708e-01
1.573333399999999983e+03 2.000005883363287773e-01
1.578666600000000017e+03 1.980372156601008238e-01
1.584000000000000000e+03 2.025355200132269995e-01
1.589333399999999983e+03 2.155910791404819227e-01
1.594666600000000017e+03 2.413108068360280412e-01
1.600000000000000000e+03 2.734167186787729853e-01
1.605333399999999983e+03 3.093788999028415088e-01
1.610666600000000017e+03 3.393193211776175389e-01
1.616000000000000000e+03 3.602565307277200146e-01
1.621333399999999983e+03 3.782816826847731906e-01
1.626666600000000017e+03 4.019418658684681400e-01
1.632000000000000000e+03 4.407323418296086315e-01
1.637333399999999983e+03 5.037029938606314428e-01
1.642666600000000017e+03 5.808811175432627705e-01
1.648000000000000000e+03 6.665136057528243674e-01
1.653333399999999983e+03 7.592735260545293574e-01
1.658666600000000017e+03 8.506442866191608054e-01
1.664000000000000000e+03 9.277360559871793422e-01
1.669333399999999983e+03 9.731643956952693575e-01
1.674666600000000017e+03 9.600120448537796669e-01
1.680000000000000000e+03 8.755888522266335183e-01
1.685333399999999983e+03 7.337505196856183298e-01
1.690666600000000017e+03 5.631171324594221872e-01
1.696000000000000000e+03 3.941864051294179383e-01
1.701333399999999983e+03 2.548068861609483760e-01
1.706666600000000017e+03 1.574594845294110257e-01
1.712000000000000000e+03 9.509966662629713852e-02
1.717333399999999983e+03 5.782183076920881237e-02
1.722666600000000017e+03 3.633111275522872552e-02
1.728000000000000000e+03 2.111259866465942797e-02
1.733333399999999983e+03 1.199076979841422197e-02
1.738666600000000017e+03 1.058567041249002839e-02
1.744000000000000000e+03 1.111169518506717122e-02
1.749333399999999983e+03 1.235234758580154059e-02
1.754666600000000017e+03 1.300167961968554803e-02
1.760000000000000000e+03 1.105649401474160382e-02
1.765333399999999983e+03 9.816787888764508599e-03
1.770666600000000017e+03 8.828541969879276363e-03
1.776000000000000000e+03 6.933339428023194313e-03
1.781333399999999983e+03 1.022199671600831049e-02
1.786666600000000017e+03 1.870662488591267117e-02
1.792000000000000000e+03 2.637089375294196514e-02
1.797333399999999983e+03 2.604531238373338636e-02
1.802666600000000017e+03 1.160519929488647642e-02
