6.080000000000000000e+02 2.292373846858804590e-02
6.133333099999999831e+02 6.016653779379652067e-02
6.186666900000000169e+02 6.258511385831169727e-02
6.240000000000000000e+02 4.526295633656260420e-02
6.293333099999999831e+02 2.758989339154342690e-02
6.346666900000000169e+02 2.035549686051667598e-02
6.400000000000000000e+02 2.160466273864634218e-02
6.453333099999999831e+02 2.235386222831987207e-02
6.506666900000000169e+02 1.696724815148073148e-02
6.560000000000000000e+02 7.208913630792776472e-03
6.613333099999999831e+02 1.315366885784813658e-04
6.666666900000000169e+02 1.136463567306519352e-03
6.720000000000000000e+02 1.294455370072074979e-02
6.773333099999999831e+02 3.112830559804668010e-02
6.826666900000000169e+02 4.755843302828931252e-02
6.880000000000000000e+02 6.023261006180230526e-02
6.933333099999999831e+02 6.749787322575934168e-02
6.986666900000000169e+02 7.339397165536504231e-02
7.040000000000000000e+02 8.310081038458021208e-02
7.093333099999999831e+02 9.407715782710139585e-02
7.146666900000000169e+02 1.052265818209919546e-01
7.200000000000000000e+02 1.115116154105708912e-01
7.253333099999999831e+02 1.104433045972475491e-01
7.306666900000000169e+02 1.023017011667135545e-01
7.360000000000000000e+02 9.108350817220552120e-02
7.413333099999999831e+02 7.918213921621766738e-02
7.466666900000000169e+02 7.495302798187511439e-02
7.520000000000000000e+02 8.052974854883859779e-02
7.573333099999999831e+02 9.850243572249554880e-02
7.626666900000000169e+02 1.210995637176057460e-01
7.680000000000000000e+02 1.366433195319627092e-01
7.733333099999999831e+02 1.330037251507142637e-01
7.786666900000000169e+02 1.116071968529968039e-01
7.840000000000000000e+02 8.526579313930414405e-02
7.893333099999999831e+02 7.051793278352877503e-02
7.946666900000000169e+02 7.673446849288126370e-02
8.000000000000000000e+02 1.013829339262777851e-01
8.053333099999999831e+02 1.362541088666530953e-01
8.106666900000000169e+02 1.748807896068599044e-01
8.160000000000000000e+02 2.143233465723458908e-01
8.213333099999999831e+02 2.435275601722666494e-01
8.266666900000000169e+02 2.589914561528458559e-01
8.320000000000000000e+02 2.618861461356552511e-01
8.373333099999999831e+02 2.644212497948056906e-01
8.426666900000000169e+02 2.762902055848379668e-01
8.480000000000000000e+02 2.997079394451987455e-01
8.533333099999999831e+02 3.193675850866286026e-01
8.586666900000000169e+02 3.292951424896260471e-01
8.640000000000000000e+02 3.277905603177477256e-01
8.693333099999999831e+02 3.238340101466725685e-01
8.746666900000000169e+02 3.246370056797041603e-01
8.800000000000000000e+02 3.278389983567038257e-01
8.853333099999999831e+02 3.232047779900029671e-01
8.906666900000000169e+02 3.105321989348068246e-01
8.960000000000000000e+02 2.946122125178713969e-01
9.013333099999999831e+02 2.840928356728881776e-01
9.066666900000000169e+02 2.903144663086926758e-01
9.120000000000000000e+02 3.144866773855040654e-01
9.173333099999999831e+02 3.466955640902346092e-01
9.226666900000000169e+02 3.755093992218247467e-01
9.280000000000000000e+02 3.915724556569465387e-01
9.333333099999999831e+02 3.862835371932195061e-01
9.386666900000000169e+02 3.646243525717999812e-01
9.440000000000000000e+02 3.356917818714673096e-01
9.493333099999999831e+02 3.085753275157234188e-01
9.546666900000000169e+02 2.914821433452097210e-01
9.600000000000000000e+02 2.868632325961945617e-01
9.653333099999999831e+02 2.880467791541068689e-01
9.706666900000000169e+02 2.923724041699723442e-01
9.760000000000000000e+02 2.831848067861914564e-01
9.813333099999999831e+02 2.724928735562529569e-01
9.866666900000000169e+02 2.842712989084543729e-01
9.920000000000000000e+02 3.265664924107992140e-01
9.973333099999999831e+02 3.869995617465112892e-01
1.002666699999999992e+03 4.361813030407018510e-01
1.008000000000000000e+03 4.254221509606739282e-01
1.013333300000000008e+03 3.734250284101286455e-01
1.018666699999999992e+03 3.207468292644323760e-01
1.024000000000000000e+03 2.981282646312509166e-01
1.029333399999999983e+03 3.101244636368792884e-01
1.034666600000000017e+03 3.348519120822389117e-01
1.040000000000000000e+03 3.374322943864289659e-01
1.045333399999999983e+03 3.162357567446625883e-01
1.050666600000000017e+03 2.794743631230226510e-01
1.056000000000000000e+03 2.461499230493127965e-01
1.061333399999999983e+03 2.225936836522446616e-01
1.066666600000000017e+03 2.131959981121636372e-01
1.072000000000000000e+03 2.146623678955163483e-01
1.077333399999999983e+03 2.211501656906146029e-01
1.082666600000000017e+03 2.299095093091588771e-01
1.088000000000000000e+03 2.402937131732764409e-01
1.093333399999999983e+03 2.424499536631667951e-01
1.098666600000000017e+03 2.314195865847288314e-01
1.104000000000000000e+03 2.077320309654701880e-01
1.109333399999999983e+03 1.798519125677544295e-01
1.114666600000000017e+03 1.552784500591045946e-01
1.120000000000000000e+03 1.323881303137145471e-01
1.125333399999999983e+03 1.047250766700651980e-01
1.130666600000000017e+03 6.761705407397458623e-02
1.136000000000000000e+03 2.968852582138879759e-02
1.141333399999999983e+03 6.729211158734375170e-03
1.146666600000000017e+03 1.550255244355346236e-03
1.152000000000000000e+03 1.220721835970989613e-02
1.157333399999999983e+03 3.383969762128473391e-02
1.162666600000000017e+03 5.408375422223415940e-02
1.168000000000000000e+03 7.263093341484194720e-02
1.173333399999999983e+03 8.990753703321226198e-02
1.178666600000000017e+03 1.014884415552690239e-01
1.184000000000000000e+03 1.140017143574025837e-01
1.189333399999999983e+03 1.376310549589664922e-01
1.194666600000000017e+03 1.688766914700666477e-01
1.200000000000000000e+03 2.099532931034738814e-01
1.205333399999999983e+03 2.555003466401150614e-01
1.210666600000000017e+03 3.000924212485250875e-01
1.216000000000000000e+03 3.490898429492442778e-01
1.221333399999999983e+03 4.167404180618636822e-01
1.226666600000000017e+03 5.009268437226074289e-01
1.232000000000000000e+03 5.955945948137394419e-01
1.237333399999999983e+03 6.785877314849668718e-01
1.242666600000000017e+03 7.279365428604877009e-01
1.248000000000000000e+03 7.377535574145944741e-01
1.253333399999999983e+03 7.227019326222231532e-01
1.258666600000000017e+03 6.988132472306202159e-01
1.264000000000000000e+03 6.824078653706507902e-01
1.269333399999999983e+03 6.685493406430472740e-01
1.274666600000000017e+03 6.516435028785150241e-01
1.280000000000000000e+03 6.297157403356398175e-01
1.285333399999999983e+03 6.060435991480856988e-01
1.290666600000000017e+03 5.880332171573420252e-01
1.296000000000000000e+03 5.848511215027500931e-01
1.301333399999999983e+03 5.951007967469964521e-01
1.306666600000000017e+03 6.190460825348341745e-01
1.312000000000000000e+03 6.510986250857973001e-01
1.317333399999999983e+03 6.793226047326084149e-01
1.322666600000000017e+03 6.933119389222283102e-01
1.328000000000000000e+03 6.929089033009676601e-01
1.333333399999999983e+03 6.799621572205903908e-01
1.338666600000000017e+03 6.570638700238130570e-01
1.344000000000000000e+03 6.227358887247920194e-01
1.349333399999999983e+03 5.718590862826078425e-01
1.354666600000000017e+03 5.037112053019940916e-01
1.360000000000000000e+03 4.325536236125417378e-01
1.365333399999999983e+03 3.743783435832304107e-01
1.370666600000000017e+03 3.453343736390815932e-01
1.376000000000000000e+03 3.462476486658641606e-01
1.381333399999999983e+03 3.623189959188638509e-01
1.386666600000000017e+03 3.791446410536544742e-01
1.392000000000000000e+03 3.910666378927138975e-01
1.397333399999999983e+03 3.961352916632270293e-01
1.402666600000000017e+03 4.025567713037204731e-01
1.408000000000000000e+03 4.132594669965292122e-01
1.413333399999999983e+03 4.225694909595966720e-01
1.418666600000000017e+03 4.339337637200942899e-01
1.424000000000000000e+03 4.603189598885395473e-01
1.429333399999999983e+03 5.206798400173120456e-01
1.434666600000000017e+03 6.244968138916389133e-01
1.440000000000000000e+03 7.625143765697173226e-01
1.445333399999999983e+03 9.012079215878007199e-01
1.450666600000000017e+03 9.920332760717540665e-01
1.456000000000000000e+03 1.000000000000000000e+00
1.461333399999999983e+03 9.225602427069774514e-01
1.466666600000000017e+03 7.730174961463432970e-01
1.472000000000000000e+03 5.876022542461858400e-01
1.477333399999999983e+03 4.093966035242396218e-01
1.482666600000000017e+03 2.596059520185228231e-01
1.488000000000000000e+03 1.524917572522637710e-01
1.493333399999999983e+03 8.677664548856822702e-02
1.498666600000000017e+03 4.615525538937924332e-02
1.504000000000000000e+03 2.031297480534403899e-02
1.509333399999999983e+03 7.160450866989156310e-03
1.514666600000000017e+03 2.134602769641865631e-03
1.520000000000000000e+03 8.624099439402892198e-03
1.525333399999999983e+03 2.338226804141962240e-02
1.530666600000000017e+03 4.361736548472154584e-02
1.536000000000000000e+03 7.130204492979276554e-02
1.541333399999999983e+03 1.069537579966200330e-01
1.546666600000000017e+03 1.429641469424403621e-01
1.552000000000000000e+03 1.754516626253705969e-01
1.557333399999999983e+03 1.970606192223393338e-01
1.562666600000000017e+03 2.068859803021174948e-01
1.568000000000000000e+03 2.126312119408739487e-01
1.573333399999999983e+03 2.205728913360673615e-01
1.578666600000000017e+03 2.254422168217863620e-01
1.584000000000000000e+03 2.374370841257660292e-01
1.589333399999999983e+03 2.596592766464414503e-01
1.594666600000000017e+03 2.955636075540277741e-01
1.600000000000000000e+03 3.438772706791021205e-01
1.605333399999999983e+03 3.926979454934110825e-01
1.610666600000000017e+03 4.225209776734799583e-01
1.616000000000000000e+03 4.373717925883613966e-01
1.621333399999999983e+03 4.421298600020217018e-01
1.626666600000000017e+03 4.526825870214440939e-01
1.632000000000000000e+03 4.754430366995212043e-01
1.637333399999999983e+03 5.112616945492302056e-01
1.642666600000000017e+03 5.581202678929038097e-01
1.648000000000000000e+03 6.155823798810107217e-01
1.653333399999999983e+03 6.869873425728394434e-01
1.658666600000000017e+03 7.729254000379145451e-01
1.664000000000000000e+03 8.523038837871865780e-01
1.669333399999999983e+03 8.996600005254685728e-01
1.674666600000000017e+03 8.908461954336941435e-01
1.680000000000000000e+03 8.132636984761875132e-01
1.685333399999999983e+03 6.831189090051055235e-01
1.690666600000000017e+03 5.302981795618919580e-01
1.696000000000000000e+03 3.819372749568623049e-01
1.701333399999999983e+03 2.582231269795556283e-01
1.706666600000000017e+03 1.669723345446498808e-01
1.712000000000000000e+03 1.042510120010439467e-01
1.717333399999999983e+03 6.096396890933516999e-02
1.722666600000000017e+03 3.118478935239813940e-02
1.728000000000000000e+03 1.294511008786673051e-02
1.733333399999999983e+03 3.274563676419432919e-03
1.738666600000000017e+03 0.000000000000000000e+00
1.744000000000000000e+03 1.959263768345444277e-03
1.749333399999999983e+03 5.750512068467546895e-03
1.754666600000000017e+03 1.092252214333180350e-02
1.760000000000000000e+03 1.816577306094217109e-02
1.765333399999999983e+03 2.213363557649742144e-02
1.770666600000000017e+03 2.339546945201407754e-02
1.776000000000000000e+03 2.597802614524726689e-02
1.781333399999999983e+03 3.402280577692516628e-02
1.786666600000000017e+03 4.743654816717397804e-02
1.792000000000000000e+03 5.913120380586271707e-02
1.797333399999999983e+03 5.545758935141893720e-02
1.802666600000000017e+03 2.581627546448969981e-02
