6.080000000000000000e+02 4.062492557368223983e-02
6.133333099999999831e+02 4.063753948901019375e-02
6.186666900000000169e+02 4.229275640024406785e-02
6.240000000000000000e+02 4.436121246657279138e-02
6.293333099999999831e+02 4.432417852146553622e-02
6.346666900000000169e+02 4.526340791709539818e-02
6.400000000000000000e+02 4.573815933749777324e-02
6.453333099999999831e+02 4.149820955248208904e-02
6.506666900000000169e+02 3.143533689460984576e-02
6.560000000000000000e+02 1.621751610762008078e-02
6.613333099999999831e+02 1.831694415364431248e-03
6.666666900000000169e+02 0.000000000000000000e+00
6.720000000000000000e+02 1.157854975226000997e-02
6.773333099999999831e+02 2.958033018498700678e-02
6.826666900000000169e+02 4.734767049867300709e-02
6.880000000000000000e+02 5.715675331581471230e-02
6.933333099999999831e+02 6.199749109017288484e-02
6.986666900000000169e+02 6.653754135465597686e-02
7.040000000000000000e+02 7.250961035180047976e-02
7.093333099999999831e+02 7.944477084483567153e-02
7.146666900000000169e+02 8.602331099201231124e-02
7.200000000000000000e+02 8.803220133802844294e-02
7.253333099999999831e+02 9.188142932024241649e-02
7.306666900000000169e+02 9.474785339808999840e-02
7.360000000000000000e+02 9.477395603048326123e-02
7.413333099999999831e+02 9.343104547570917073e-02
7.466666900000000169e+02 9.019807288133729894e-02
7.520000000000000000e+02 8.433654143027080607e-02
7.573333099999999831e+02 8.063429695952266385e-02
7.626666900000000169e+02 7.754478812439201396e-02
7.680000000000000000e+02 7.729155769606357862e-02
7.733333099999999831e+02 8.342612753826601779e-02
7.786666900000000169e+02 9.189532610595230189e-02
7.840000000000000000e+02 9.656652469375118231e-02
7.893333099999999831e+02 9.819780683103886132e-02
7.946666900000000169e+02 1.014271864826032793e-01
8.000000000000000000e+02 1.108893423462225386e-01
8.053333099999999831e+02 1.309215648165683310e-01
8.106666900000000169e+02 1.614463493224350954e-01
8.160000000000000000e+02 1.944378845210591178e-01
8.213333099999999831e+02 2.280577638396661388e-01
8.266666900000000169e+02 2.562858541389341771e-01
8.320000000000000000e+02 2.745712199582548418e-01
8.373333099999999831e+02 2.868031087782289545e-01
8.426666900000000169e+02 3.041261567307808611e-01
8.480000000000000000e+02 3.231970805115665368e-01
8.533333099999999831e+02 3.400659020124638388e-01
8.586666900000000169e+02 3.424740451730775570e-01
8.640000000000000000e+02 3.290938938584437312e-01
8.693333099999999831e+02 3.085860285172423167e-01
8.746666900000000169e+02 2.957713112050215365e-01
8.800000000000000000e+02 2.931309045862571794e-01
8.853333099999999831e+02 2.965941691826705084e-01
8.906666900000000169e+02 2.970766562113401066e-01
8.960000000000000000e+02 2.921078701749270090e-01
9.013333099999999831e+02 2.874695831399983748e-01
9.066666900000000169e+02 2.930578627459987096e-01
9.120000000000000000e+02 3.105217462645969428e-01
9.173333099999999831e+02 3.350278232929266298e-01
9.226666900000000169e+02 3.591529981045747943e-01
9.280000000000000000e+02 3.709108526364943148e-01
9.333333099999999831e+02 3.710747630482098547e-01
9.386666900000000169e+02 3.661305606058277706e-01
9.440000000000000000e+02 3.569929228348415196e-01
9.493333099999999831e+02 3.474979990776955741e-01
9.546666900000000169e+02 3.438560947126983458e-01
9.600000000000000000e+02 3.396548300622537764e-01
9.653333099999999831e+02 3.355518439617253823e-01
9.706666900000000169e+02 3.276672341504909824e-01
9.760000000000000000e+02 3.065282003193277593e-01
9.813333099999999831e+02 2.874979037967185236e-01
9.866666900000000169e+02 3.026073108900314557e-01
9.920000000000000000e+02 3.621048939208150741e-01
9.973333099999999831e+02 4.487552986178612868e-01
1.002666699999999992e+03 5.152008073725855564e-01
1.008000000000000000e+03 5.124356893667362245e-01
1.013333300000000008e+03 4.503772000302347367e-01
1.018666699999999992e+03 3.832270744215344194e-01
1.024000000000000000e+03 3.501878469777506830e-01
1.029333399999999983e+03 3.545761500949345391e-01
1.034666600000000017e+03 3.710352037405143522e-01
1.040000000000000000e+03 3.656498966221937708e-01
1.045333399999999983e+03 3.369286798177174025e-01
1.050666600000000017e+03 3.051876559478809980e-01
1.056000000000000000e+03 2.790810063822808385e-01
1.061333399999999983e+03 2.598589354957461794e-01
1.066666600000000017e+03 2.500578922165740403e-01
1.072000000000000000e+03 2.447742655577153370e-01
1.077333399999999983e+03 2.442656367702574771e-01
1.082666600000000017e+03 2.501718911169077963e-01
1.088000000000000000e+03 2.566556091414948226e-01
1.093333399999999983e+03 2.589812149982584910e-01
1.098666600000000017e+03 2.538309039407812828e-01
1.104000000000000000e+03 2.353088957078973142e-01
1.109333399999999983e+03 2.081768318379896565e-01
1.114666600000000017e+03 1.787546197332763320e-01
1.120000000000000000e+03 1.504352739925493287e-01
1.125333399999999983e+03 1.226447068533394053e-01
1.130666600000000017e+03 8.858027310148684774e-02
1.136000000000000000e+03 4.704072266919279155e-02
1.141333399999999983e+03 1.540879869269432857e-02
1.146666600000000017e+03 6.834404702489888829e-03
1.152000000000000000e+03 2.546009222542456457e-02
1.157333399999999983e+03 6.715319363640696870e-02
1.162666600000000017e+03 1.125952028992958098e-01
1.168000000000000000e+03 1.442774952774995012e-01
1.173333399999999983e+03 1.579505707519054947e-01
1.178666600000000017e+03 1.528830444153929935e-01
1.184000000000000000e+03 1.414881657284646765e-01
1.189333399999999983e+03 1.468285640114636303e-01
1.194666600000000017e+03 1.790644502639782976e-01
1.200000000000000000e+03 2.367307439901297494e-01
1.205333399999999983e+03 3.033928510544208201e-01
1.210666600000000017e+03 3.599564975344521356e-01
1.216000000000000000e+03 4.104309756630689643e-01
1.221333399999999983e+03 4.697861976266770045e-01
1.226666600000000017e+03 5.485704114926044372e-01
1.232000000000000000e+03 6.448591779657832923e-01
1.237333399999999983e+03 7.299236326197142688e-01
1.242666600000000017e+03 7.746480162167104222e-01
1.248000000000000000e+03 7.762068091069777021e-01
1.253333399999999983e+03 7.449414263977020001e-01
1.258666600000000017e+03 7.015247612382429221e-01
1.264000000000000000e+03 6.682569901465127415e-01
1.269333399999999983e+03 6.446999550236102161e-01
1.274666600000000017e+03 6.233725811370525172e-01
1.280000000000000000e+03 6.028041837375125445e-01
1.285333399999999983e+03 5.818703793831284665e-01
1.290666600000000017e+03 5.600745642967228655e-01
1.296000000000000000e+03 5.497603020896978387e-01
1.301333399999999983e+03 5.584586869045539137e-01
1.306666600000000017e+03 5.837884780107269744e-01
1.312000000000000000e+03 6.189621252953813046e-01
1.317333399999999983e+03 6.549992723016970775e-01
1.322666600000000017e+03 6.772033880451693300e-01
1.328000000000000000e+03 6.857709458863187058e-01
1.333333399999999983e+03 6.831146411347374103e-01
1.338666600000000017e+03 6.640887663467119895e-01
1.344000000000000000e+03 6.201962542920097521e-01
1.349333399999999983e+03 5.555616987343012791e-01
1.354666600000000017e+03 4.749568003095819280e-01
1.360000000000000000e+03 3.972303657145981326e-01
1.365333399999999983e+03 3.349211758315949194e-01
1.370666600000000017e+03 2.962867310591874581e-01
1.376000000000000000e+03 2.800115818866014683e-01
1.381333399999999983e+03 2.839116893013510778e-01
1.386666600000000017e+03 2.985625862782943507e-01
1.392000000000000000e+03 3.224964430552691996e-01
1.397333399999999983e+03 3.474440828333584252e-01
1.402666600000000017e+03 3.735074521187961571e-01
1.408000000000000000e+03 4.041148679980126612e-01
1.413333399999999983e+03 4.333929057275774932e-01
1.418666600000000017e+03 4.577320180321570731e-01
1.424000000000000000e+03 4.872038677822367325e-01
1.429333399999999983e+03 5.363078758341162100e-01
1.434666600000000017e+03 6.236494562131127406e-01
1.440000000000000000e+03 7.493070648039061865e-01
1.445333399999999983e+03 8.789864291773784588e-01
1.450666600000000017e+03 9.674415487573470029e-01
1.456000000000000000e+03 9.804871491688161855e-01
1.461333399999999983e+03 9.083366309878092570e-01
1.466666600000000017e+03 7.746291806473263319e-01
1.472000000000000000e+03 6.073500023559071925e-01
1.477333399999999983e+03 4.363203956898571989e-01
1.482666600000000017e+03 2.845843565769692884e-01
1.488000000000000000e+03 1.657268781650965139e-01
1.493333399999999983e+03 8.119922385793550135e-02
1.498666600000000017e+03 3.256755149143023692e-02
1.504000000000000000e+03 9.769590141697129596e-03
1.509333399999999983e+03 4.253188120728206706e-03
1.514666600000000017e+03 8.383246195912474191e-03
1.520000000000000000e+03 1.679108298570189742e-02
1.525333399999999983e+03 2.517665865010367682e-02
1.530666600000000017e+03 3.818907634527974465e-02
1.536000000000000000e+03 5.856796386752969458e-02
1.541333399999999983e+03 8.645478016816954270e-02
1.546666600000000017e+03 1.195590192012922631e-01
1.552000000000000000e+03 1.523113939325579647e-01
1.557333399999999983e+03 1.774400516024124963e-01
1.562666600000000017e+03 1.966509465694455117e-01
1.568000000000000000e+03 2.143890860709794510e-01
1.573333399999999983e+03 2.319211588270741753e-01
1.578666600000000017e+03 2.456990451452319979e-01
1.584000000000000000e+03 2.561767786150048742e-01
1.589333399999999983e+03 2.614031238848906757e-01
1.594666600000000017e+03 2.705093260566049929e-01
1.600000000000000000e+03 2.950951456433900666e-01
1.605333399999999983e+03 3.326722559081811137e-01
1.610666600000000017e+03 3.693245308944897998e-01
1.616000000000000000e+03 3.959357000085923506e-01
1.621333399999999983e+03 4.066368883430044323e-01
1.626666600000000017e+03 4.088615351737263093e-01
1.632000000000000000e+03 4.208942675402007616e-01
1.637333399999999983e+03 4.554807983763347057e-01
1.642666600000000017e+03 5.168646757551912385e-01
1.648000000000000000e+03 6.048958920392190075e-01
1.653333399999999983e+03 7.178845443002621618e-01
1.658666600000000017e+03 8.402714889454899749e-01
1.664000000000000000e+03 9.456097595419619140e-01
1.669333399999999983e+03 1.000000000000000000e+00
1.674666600000000017e+03 9.770909247733425840e-01
1.680000000000000000e+03 8.759010628955657962e-01
1.685333399999999983e+03 7.257467911885319145e-01
1.690666600000000017e+03 5.608997686290975171e-01
1.696000000000000000e+03 4.077583467054570199e-01
1.701333399999999983e+03 2.786891147229290100e-01
1.706666600000000017e+03 1.760652682449156403e-01
1.712000000000000000e+03 1.013781938615270634e-01
1.717333399999999983e+03 5.466078995709413441e-02
1.722666600000000017e+03 3.119508399764282791e-02
1.728000000000000000e+03 2.452157479912135674e-02
1.733333399999999983e+03 2.669892793442773388e-02
1.738666600000000017e+03 2.944001964765811941e-02
1.744000000000000000e+03 2.638928836879347872e-02
1.749333399999999983e+03 1.758501598334744065e-02
1.754666600000000017e+03 7.808617841512107728e-03
1.760000000000000000e+03 3.879861338033019184e-03
1.765333399999999983e+03 1.024969233821969132e-02
1.770666600000000017e+03 2.449559183693856418e-02
1.776000000000000000e+03 3.705024249746749487e-02
1.781333399999999983e+03 4.369698691664940238e-02
1.786666600000000017e+03 4.365316386222485578e-02
1.792000000000000000e+03 3.748138166814526939e-02
1.797333399999999983e+03 2.878521192883366081e-02
1.802666600000000017e+03 1.982461612197192191e-02
