6.080000000000000000e+02 5.957982487404699101e-02
6.133333099999999831e+02 7.592495160875609161e-02
6.186666900000000169e+02 7.162226048283261426e-02
6.240000000000000000e+02 5.659953069036136042e-02
6.293333099999999831e+02 4.562763985071818101e-02
6.346666900000000169e+02 4.106932767803845447e-02
6.400000000000000000e+02 3.698933374389925394e-02
6.453333099999999831e+02 2.539090143574485037e-02
6.506666900000000169e+02 1.102987022130103717e-02
6.560000000000000000e+02 0.000000000000000000e+00
6.613333099999999831e+02 3.774640212131884220e-05
6.666666900000000169e+02 8.441695713896760211e-03
6.720000000000000000e+02 2.095541891613048394e-02
6.773333099999999831e+02 3.401057785267524308e-02
6.826666900000000169e+02 4.857096205559483654e-02
6.880000000000000000e+02 6.235797700680797279e-02
6.933333099999999831e+02 7.599829316695716486e-02
6.986666900000000169e+02 8.836273485807676076e-02
7.040000000000000000e+02 9.826737383443570617e-02
7.093333099999999831e+02 1.091535573523518821e-01
7.146666900000000169e+02 1.171502981957737582e-01
7.200000000000000000e+02 1.186798772019248410e-01
7.253333099999999831e+02 1.252457980254904346e-01
7.306666900000000169e+02 1.355703357596967085e-01
7.360000000000000000e+02 1.406117644516309828e-01
7.413333099999999831e+02 1.380190027293768940e-01
7.466666900000000169e+02 1.224057141514575814e-01
7.520000000000000000e+02 9.500067400316891675e-02
7.573333099999999831e+02 7.814303551791047797e-02
7.626666900000000169e+02 7.431886872279311329e-02
7.680000000000000000e+02 7.719653954293728693e-02
7.733333099999999831e+02 8.466151494702550684e-02
7.786666900000000169e+02 8.723675199701381999e-02
7.840000000000000000e+02 8.260690440530020495e-02
7.893333099999999831e+02 8.082994694669806690e-02
7.946666900000000169e+02 8.607110113880314661e-02
8.000000000000000000e+02 1.039806879367777409e-01
8.053333099999999831e+02 1.378033299678020629e-01
8.106666900000000169e+02 1.749457824874057210e-01
8.160000000000000000e+02 2.113720579322229676e-01
8.213333099999999831e+02 2.356517757701490356e-01
8.266666900000000169e+02 2.502995603717286244e-01
8.320000000000000000e+02 2.624226366443934144e-01
8.373333099999999831e+02 2.799823695586800554e-01
8.426666900000000169e+02 3.028481523453505631e-01
8.480000000000000000e+02 3.273106956568194725e-01
8.533333099999999831e+02 3.295879428437905601e-01
8.586666900000000169e+02 3.150414822561690142e-01
8.640000000000000000e+02 2.882910855230118030e-01
8.693333099999999831e+02 2.658283873819062282e-01
8.746666900000000169e+02 2.649343270913986914e-01
8.800000000000000000e+02 2.826630426794186635e-01
8.853333099999999831e+02 2.989277194938175231e-01
8.906666900000000169e+02 3.080480555997254233e-01
8.960000000000000000e+02 2.993959669327163065e-01
9.013333099999999831e+02 2.809271412888395547e-01
9.066666900000000169e+02 2.691785420933973105e-01
9.120000000000000000e+02 2.671712005436864823e-01
9.173333099999999831e+02 2.764306115465058888e-01
9.226666900000000169e+02 2.889746105228773732e-01
9.280000000000000000e+02 2.893315623477269449e-01
9.333333099999999831e+02 2.804618826510965612e-01
9.386666900000000169e+02 2.704308001161995212e-01
9.440000000000000000e+02 2.619100922904872286e-01
9.493333099999999831e+02 2.662067643680962048e-01
9.546666900000000169e+02 2.790463871590301848e-01
9.600000000000000000e+02 2.861156346227649583e-01
9.653333099999999831e+02 2.901538073340545476e-01
9.706666900000000169e+02 2.874166984671572278e-01
9.760000000000000000e+02 2.759736354427715366e-01
9.813333099999999831e+02 2.772395161868461133e-01
9.866666900000000169e+02 3.079903266035369791e-01
9.920000000000000000e+02 3.639386249817936347e-01
9.973333099999999831e+02 4.294887216073601244e-01
1.002666699999999992e+03 4.655492445752243968e-01
1.008000000000000000e+03 4.434940421482957973e-01
1.013333300000000008e+03 3.812399388726861460e-01
1.018666699999999992e+03 3.187876337903653989e-01
1.024000000000000000e+03 2.835898447344893381e-01
1.029333399999999983e+03 2.843823340476626660e-01
1.034666600000000017e+03 2.991825160240280113e-01
1.040000000000000000e+03 3.014363139861027663e-01
1.045333399999999983e+03 2.857024216417825557e-01
1.050666600000000017e+03 2.613342881752019897e-01
1.056000000000000000e+03 2.403085540272872911e-01
1.061333399999999983e+03 2.319933448897932293e-01
1.066666600000000017e+03 2.289917255218791581e-01
1.072000000000000000e+03 2.268876142303527521e-01
1.077333399999999983e+03 2.280518749078242202e-01
1.082666600000000017e+03 2.349036899730375660e-01
1.088000000000000000e+03 2.452645818106624076e-01
1.093333399999999983e+03 2.523920776004825450e-01
1.098666600000000017e+03 2.457728035412958811e-01
1.104000000000000000e+03 2.252383575134133398e-01
1.109333399999999983e+03 1.977521698048642917e-01
1.114666600000000017e+03 1.703014616414328664e-01
1.120000000000000000e+03 1.398995171319741271e-01
1.125333399999999983e+03 1.053429677000074227e-01
1.130666600000000017e+03 7.023766430262325111e-02
1.136000000000000000e+03 3.808044976275543059e-02
1.141333399999999983e+03 1.268252050506640978e-02
1.146666600000000017e+03 4.937943985951394506e-03
1.152000000000000000e+03 1.556644837812800122e-02
1.157333399999999983e+03 3.924612725246365980e-02
1.162666600000000017e+03 6.359974713152655168e-02
1.168000000000000000e+03 7.567524377804257796e-02
1.173333399999999983e+03 6.914495985120883148e-02
1.178666600000000017e+03 5.856859291977539739e-02
1.184000000000000000e+03 6.767134127022109147e-02
1.189333399999999983e+03 1.051172138067008044e-01
1.194666600000000017e+03 1.594698012698656520e-01
1.200000000000000000e+03 2.171513267716094764e-01
1.205333399999999983e+03 2.642154901207526274e-01
1.210666600000000017e+03 2.984166450601173359e-01
1.216000000000000000e+03 3.382223299407633443e-01
1.221333399999999983e+03 3.952512374065980660e-01
1.226666600000000017e+03 4.612828135823848208e-01
1.232000000000000000e+03 5.257226062841334757e-01
1.237333399999999983e+03 5.738797839803916334e-01
1.242666600000000017e+03 5.912448164725218058e-01
1.248000000000000000e+03 5.842985698935705408e-01
1.253333399999999983e+03 5.605904578146976291e-01
1.258666600000000017e+03 5.283345953881012358e-01
1.264000000000000000e+03 4.983895110014254226e-01
1.269333399999999983e+03 4.746580351258704589e-01
1.274666600000000017e+03 4.541212777858094629e-01
1.280000000000000000e+03 4.400703646731808916e-01
1.285333399999999983e+03 4.252241268104439142e-01
1.290666600000000017e+03 4.193483136502582087e-01
1.296000000000000000e+03 4.286557271302006145e-01
1.301333399999999983e+03 4.534328246025057241e-01
1.306666600000000017e+03 4.941675890247487213e-01
1.312000000000000000e+03 5.437947626589700878e-01
1.317333399999999983e+03 5.839998617148809412e-01
1.322666600000000017e+03 6.054027519475547736e-01
1.328000000000000000e+03 5.975766961397399601e-01
1.333333399999999983e+03 5.644679097721088112e-01
1.338666600000000017e+03 5.237953316535461923e-01
1.344000000000000000e+03 4.814336710518321016e-01
1.349333399999999983e+03 4.316753517700768206e-01
1.354666600000000017e+03 3.649524330136372230e-01
1.360000000000000000e+03 2.814116789641792904e-01
1.365333399999999983e+03 1.991468829632571103e-01
1.370666600000000017e+03 1.456453952632889848e-01
1.376000000000000000e+03 1.299056414904826151e-01
1.381333399999999983e+03 1.405981731318493855e-01
1.386666600000000017e+03 1.659128117660551294e-01
1.392000000000000000e+03 2.000070480022645980e-01
1.397333399999999983e+03 2.392974962376496761e-01
1.402666600000000017e+03 2.867608534079545968e-01
1.408000000000000000e+03 3.326658024018347981e-01
1.413333399999999983e+03 3.677399047313656411e-01
1.418666600000000017e+03 4.011061707737706428e-01
1.424000000000000000e+03 4.520846982976112760e-01
1.429333399999999983e+03 5.385783925663378824e-01
1.434666600000000017e+03 6.693116274321134762e-01
1.440000000000000000e+03 8.162217323809101144e-01
1.445333399999999983e+03 9.406481480554198527e-01
1.450666600000000017e+03 1.000000000000000000e+00
1.456000000000000000e+03 9.732810547355754682e-01
1.461333399999999983e+03 8.734066225681037521e-01
1.466666600000000017e+03 7.308764677302462820e-01
1.472000000000000000e+03 5.666488458652263471e-01
1.477333399999999983e+03 4.073563688666771987e-01
1.482666600000000017e+03 2.639907330084799164e-01
1.488000000000000000e+03 1.447888733167310427e-01
1.493333399999999983e+03 6.250218901199039445e-02
1.498666600000000017e+03 2.131808790061523462e-02
1.504000000000000000e+03 6.657829273613021653e-03
1.509333399999999983e+03 1.101715373721863511e-02
1.514666600000000017e+03 2.966710527633784761e-02
1.520000000000000000e+03 5.323067817000341762e-02
1.525333399999999983e+03 7.798435044681958916e-02
1.530666600000000017e+03 1.004037539821530933e-01
1.536000000000000000e+03 1.161479662295962084e-01
1.541333399999999983e+03 1.277890660444681026e-01
1.546666600000000017e+03 1.391150198341405964e-01
1.552000000000000000e+03 1.529931662816839122e-01
1.557333399999999983e+03 1.695534117344303093e-01
1.562666600000000017e+03 1.835077653674611897e-01
1.568000000000000000e+03 2.052815708595969735e-01
1.573333399999999983e+03 2.293693590678687055e-01
1.578666600000000017e+03 2.479335983622824313e-01
1.584000000000000000e+03 2.694443650146678415e-01
1.589333399999999983e+03 2.957433537207582175e-01
1.594666600000000017e+03 3.294132196768280174e-01
1.600000000000000000e+03 3.817627835383897716e-01
1.605333399999999983e+03 4.238093221644870234e-01
1.610666600000000017e+03 4.395569869641476890e-01
1.616000000000000000e+03 4.331094152540133635e-01
1.621333399999999983e+03 4.074396723016296962e-01
1.626666600000000017e+03 3.914359394978264572e-01
1.632000000000000000e+03 4.093007829198463399e-01
1.637333399999999983e+03 4.536060374254080041e-01
1.642666600000000017e+03 5.286184755703275950e-01
1.648000000000000000e+03 6.331367142610283549e-01
1.653333399999999983e+03 7.440829713723779992e-01
1.658666600000000017e+03 8.505705928052648135e-01
1.664000000000000000e+03 9.315959636654284060e-01
1.669333399999999983e+03 9.565987488797654814e-01
1.674666600000000017e+03 9.119557259863815268e-01
1.680000000000000000e+03 8.062484125865926332e-01
1.685333399999999983e+03 6.557520049983583954e-01
1.690666600000000017e+03 4.906116278015668630e-01
1.696000000000000000e+03 3.392668764471294951e-01
1.701333399999999983e+03 2.140487619820522491e-01
1.706666600000000017e+03 1.191163478169230544e-01
1.712000000000000000e+03 6.064735989933396632e-02
1.717333399999999983e+03 3.641714166950776183e-02
1.722666600000000017e+03 3.379212349265414694e-02
1.728000000000000000e+03 3.597682285262658597e-02
1.733333399999999983e+03 3.210039335869282334e-02
1.738666600000000017e+03 2.276201101937030957e-02
1.744000000000000000e+03 1.494294378733398987e-02
1.749333399999999983e+03 1.837349938375156672e-02
1.754666600000000017e+03 3.088267551531938271e-02
1.760000000000000000e+03 4.060281591362294856e-02
1.765333399999999983e+03 4.430597829490914158e-02
1.770666600000000017e+03 4.035240821616772194e-02
1.776000000000000000e+03 2.806605694094851944e-02
1.781333399999999983e+03 1.731513770767703977e-02
1.786666600000000017e+03 1.263670901248315631e-02
1.792000000000000000e+03 1.045843268529854202e-02
1.797333399999999983e+03 9.015980386852175121e-03
1.802666600000000017e+03 6.728472815050933094e-03
