6.080000000000000000e+02 4.100822928924981875e-02
6.133333099999999831e+02 4.514124155374935055e-02
6.186666900000000169e+02 4.116132777214498439e-02
6.240000000000000000e+02 3.269312855109312438e-02
6.293333099999999831e+02 2.413096104333690983e-02
6.346666900000000169e+02 1.945397274873102503e-02
6.400000000000000000e+02 1.553934471775843262e-02
6.453333099999999831e+02 9.221120203965564241e-03
6.506666900000000169e+02 2.904769824792646261e-03
6.560000000000000000e+02 0.000000000000000000e+00
6.613333099999999831e+02 8.299267461889985389e-04
6.666666900000000169e+02 6.473122476408397531e-03
6.720000000000000000e+02 1.563895290349503336e-02
6.773333099999999831e+02 2.685951296321784088e-02
6.826666900000000169e+02 4.330443880401552148e-02
6.880000000000000000e+02 6.057986314663885152e-02
6.933333099999999831e+02 7.728019953757497840e-02
6.986666900000000169e+02 9.130574013410483469e-02
7.040000000000000000e+02 1.010392992044660959e-01
7.093333099999999831e+02 1.055411323544938607e-01
7.146666900000000169e+02 1.114564213762836570e-01
7.200000000000000000e+02 1.117750293905962616e-01
7.253333099999999831e+02 1.075298768887927026e-01
7.306666900000000169e+02 9.861553914363582751e-02
7.360000000000000000e+02 8.471193580805144729e-02
7.413333099999999831e+02 6.798286373059245213e-02
7.466666900000000169e+02 5.748378035802944458e-02
7.520000000000000000e+02 5.272877113089471240e-02
7.573333099999999831e+02 5.183287145089739839e-02
7.626666900000000169e+02 5.675845807360432177e-02
7.680000000000000000e+02 6.356098168918872249e-02
7.733333099999999831e+02 7.048456358843775693e-02
7.786666900000000169e+02 7.537780922969640474e-02
7.840000000000000000e+02 7.573406258438940275e-02
7.893333099999999831e+02 7.558163812503099210e-02
7.946666900000000169e+02 8.674208354610968286e-02
8.000000000000000000e+02 1.076191577225012186e-01
8.053333099999999831e+02 1.402619106821999806e-01
8.106666900000000169e+02 1.746172307886464381e-01
8.160000000000000000e+02 1.991262503558311470e-01
8.213333099999999831e+02 2.147963843832820796e-01
8.266666900000000169e+02 2.230646749800869744e-01
8.320000000000000000e+02 2.257940525574121671e-01
8.373333099999999831e+02 2.330319288507918252e-01
8.426666900000000169e+02 2.496978344597723942e-01
8.480000000000000000e+02 2.720630462971826424e-01
8.533333099999999831e+02 2.948547252100038318e-01
8.586666900000000169e+02 3.085614735973292722e-01
8.640000000000000000e+02 3.124445830696940263e-01
8.693333099999999831e+02 3.102130723086477526e-01
8.746666900000000169e+02 3.021768715407784356e-01
8.800000000000000000e+02 2.889834545379958430e-01
8.853333099999999831e+02 2.669257898245996352e-01
8.906666900000000169e+02 2.406753723961208569e-01
8.960000000000000000e+02 2.195081517163385842e-01
9.013333099999999831e+02 2.122283366274197447e-01
9.066666900000000169e+02 2.179852494675499075e-01
9.120000000000000000e+02 2.425504150924387148e-01
9.173333099999999831e+02 2.773477999263025406e-01
9.226666900000000169e+02 3.130172003303948181e-01
9.280000000000000000e+02 3.351925440997454708e-01
9.333333099999999831e+02 3.294377495625571139e-01
9.386666900000000169e+02 2.983808688590313674e-01
9.440000000000000000e+02 2.615025245527040076e-01
9.493333099999999831e+02 2.350825925603081679e-01
9.546666900000000169e+02 2.267734806559781047e-01
9.600000000000000000e+02 2.319674845762641491e-01
9.653333099999999831e+02 2.331685188108920948e-01
9.706666900000000169e+02 2.284232690582078673e-01
9.760000000000000000e+02 2.099192347750143683e-01
9.813333099999999831e+02 1.984266150936804807e-01
9.866666900000000169e+02 2.112326282314330173e-01
9.920000000000000000e+02 2.540041907714100655e-01
9.973333099999999831e+02 3.121781615270450283e-01
1.002666699999999992e+03 3.598539127964705542e-01
1.008000000000000000e+03 3.505179932026467604e-01
1.013333300000000008e+03 3.036530303188043622e-01
1.018666699999999992e+03 2.521195170470536540e-01
1.024000000000000000e+03 2.238112961817464164e-01
1.029333399999999983e+03 2.284564152710141238e-01
1.034666600000000017e+03 2.486610414800753122e-01
1.040000000000000000e+03 2.494653612383862518e-01
1.045333399999999983e+03 2.364127673095976490e-01
1.050666600000000017e+03 2.176661566747738752e-01
1.056000000000000000e+03 1.998565759115178420e-01
1.061333399999999983e+03 1.916888103658639375e-01
1.066666600000000017e+03 1.890270578175038407e-01
1.072000000000000000e+03 1.883453232614095418e-01
1.077333399999999983e+03 1.992996643978428573e-01
1.082666600000000017e+03 2.153142743428212158e-01
1.088000000000000000e+03 2.327128753892976076e-01
1.093333399999999983e+03 2.457154052927161270e-01
1.098666600000000017e+03 2.412840503862042907e-01
1.104000000000000000e+03 2.172628172465391749e-01
1.109333399999999983e+03 1.815518406518873973e-01
1.114666600000000017e+03 1.406461410552032887e-01
1.120000000000000000e+03 1.051612452825913396e-01
1.125333399999999983e+03 7.421114143415932785e-02
1.130666600000000017e+03 4.604224826821885080e-02
1.136000000000000000e+03 2.339888121029559329e-02
1.141333399999999983e+03 7.274615566999547908e-03
1.146666600000000017e+03 5.413333802135602071e-03
1.152000000000000000e+03 1.845219056268415647e-02
1.157333399999999983e+03 4.382626155820325276e-02
1.162666600000000017e+03 7.221307363721612971e-02
1.168000000000000000e+03 9.255431970224591021e-02
1.173333399999999983e+03 1.027181686478966238e-01
1.178666600000000017e+03 1.043592221140930976e-01
1.184000000000000000e+03 1.040659744499689010e-01
1.189333399999999983e+03 1.188121521353057014e-01
1.194666600000000017e+03 1.494897864165126156e-01
1.200000000000000000e+03 1.907849680822103211e-01
1.205333399999999983e+03 2.464205453957660774e-01
1.210666600000000017e+03 3.059848148760990760e-01
1.216000000000000000e+03 3.647030545367598853e-01
1.221333399999999983e+03 4.320665802798818733e-01
1.226666600000000017e+03 5.042255550976134648e-01
1.232000000000000000e+03 5.729225642139234020e-01
1.237333399999999983e+03 6.382470446514685314e-01
1.242666600000000017e+03 6.811447973027032754e-01
1.248000000000000000e+03 6.937221328265020803e-01
1.253333399999999983e+03 6.852527982026330733e-01
1.258666600000000017e+03 6.636193657545790270e-01
1.264000000000000000e+03 6.371910046976552167e-01
1.269333399999999983e+03 6.210282279973471375e-01
1.274666600000000017e+03 6.069454863953082091e-01
1.280000000000000000e+03 5.961975830285792810e-01
1.285333399999999983e+03 5.869762169528224272e-01
1.290666600000000017e+03 5.786141712671432069e-01
1.296000000000000000e+03 5.711338461760501195e-01
1.301333399999999983e+03 5.721600306454243112e-01
1.306666600000000017e+03 5.837685031708897965e-01
1.312000000000000000e+03 6.109247620997896311e-01
1.317333399999999983e+03 6.488078214122208198e-01
1.322666600000000017e+03 6.860950053149333927e-01
1.328000000000000000e+03 7.054201954770661365e-01
1.333333399999999983e+03 7.015167622816927961e-01
1.338666600000000017e+03 6.756032409496274260e-01
1.344000000000000000e+03 6.234074118964154643e-01
1.349333399999999983e+03 5.532124606672141898e-01
1.354666600000000017e+03 4.789335313919981241e-01
1.360000000000000000e+03 4.054024496650595055e-01
1.365333399999999983e+03 3.523675150042854809e-01
1.370666600000000017e+03 3.297843471189366160e-01
1.376000000000000000e+03 3.205297102559184208e-01
1.381333399999999983e+03 3.129665539621812043e-01
1.386666600000000017e+03 3.072009105211782609e-01
1.392000000000000000e+03 2.993143994565127808e-01
1.397333399999999983e+03 3.028233290936930833e-01
1.402666600000000017e+03 3.243833761464353649e-01
1.408000000000000000e+03 3.557871847617552485e-01
1.413333399999999983e+03 3.887733007678879082e-01
1.418666600000000017e+03 4.227265654104309101e-01
1.424000000000000000e+03 4.666248110745640498e-01
1.429333399999999983e+03 5.352174202232907740e-01
1.434666600000000017e+03 6.414699051083235792e-01
1.440000000000000000e+03 7.801838574800489257e-01
1.445333399999999983e+03 9.164437293197582601e-01
1.450666600000000017e+03 1.000000000000000000e+00
1.456000000000000000e+03 9.967113009373222976e-01
1.461333399999999983e+03 9.008128346072704629e-01
1.466666600000000017e+03 7.436258684140052422e-01
1.472000000000000000e+03 5.646384678619552622e-01
1.477333399999999983e+03 3.957099557007549562e-01
1.482666600000000017e+03 2.572283473430420075e-01
1.488000000000000000e+03 1.548131131631835800e-01
1.493333399999999983e+03 8.649057401819126856e-02
1.498666600000000017e+03 4.498088640096435664e-02
1.504000000000000000e+03 1.837142157053118369e-02
1.509333399999999983e+03 6.218729296826377810e-03
1.514666600000000017e+03 1.343111567376218882e-02
1.520000000000000000e+03 3.677279385907313014e-02
1.525333399999999983e+03 6.788704664674247158e-02
1.530666600000000017e+03 9.856600081339296493e-02
1.536000000000000000e+03 1.214530065185495528e-01
1.541333399999999983e+03 1.412825270952027812e-01
1.546666600000000017e+03 1.678856839099883147e-01
1.552000000000000000e+03 2.008099695384804872e-01
1.557333399999999983e+03 2.292357544968936511e-01
1.562666600000000017e+03 2.526750063100138832e-01
1.568000000000000000e+03 2.715985052303727110e-01
1.573333399999999983e+03 2.892613521538273669e-01
1.578666600000000017e+03 3.154922494088996943e-01
1.584000000000000000e+03 3.513433330286573897e-01
1.589333399999999983e+03 3.838983909439003250e-01
1.594666600000000017e+03 4.125891161089346171e-01
1.600000000000000000e+03 4.460692907494930304e-01
1.605333399999999983e+03 4.810517345564284120e-01
1.610666600000000017e+03 5.127290146869596388e-01
1.616000000000000000e+03 5.364388945901308325e-01
1.621333399999999983e+03 5.480054556799114351e-01
1.626666600000000017e+03 5.525947581029285738e-01
1.632000000000000000e+03 5.691251068872633656e-01
1.637333399999999983e+03 6.012252654314846900e-01
1.642666600000000017e+03 6.443679399453074996e-01
1.648000000000000000e+03 6.963375383371339655e-01
1.653333399999999983e+03 7.618437607254396893e-01
1.658666600000000017e+03 8.323486277697986768e-01
1.664000000000000000e+03 8.914460074372211329e-01
1.669333399999999983e+03 9.149322027972175420e-01
1.674666600000000017e+03 8.812955132013804427e-01
1.680000000000000000e+03 7.896995778016084877e-01
1.685333399999999983e+03 6.641266718539350355e-01
1.690666600000000017e+03 5.260463001519319892e-01
1.696000000000000000e+03 3.889079619438111091e-01
1.701333399999999983e+03 2.641281110680235855e-01
1.706666600000000017e+03 1.599259341810218837e-01
1.712000000000000000e+03 8.638049914521193917e-02
1.717333399999999983e+03 4.941328503737946881e-02
1.722666600000000017e+03 4.148892952872317019e-02
1.728000000000000000e+03 4.553027698588107963e-02
1.733333399999999983e+03 4.626573101669524679e-02
1.738666600000000017e+03 3.851518047223371349e-02
1.744000000000000000e+03 2.655467638377350878e-02
1.749333399999999983e+03 1.560070858606374747e-02
1.754666600000000017e+03 8.313053965164024159e-03
1.760000000000000000e+03 8.835230742270043514e-03
1.765333399999999983e+03 1.400299185718795365e-02
1.770666600000000017e+03 2.458760440190060903e-02
1.776000000000000000e+03 4.097657090585905826e-02
1.781333399999999983e+03 5.924158774153336776e-02
1.786666600000000017e+03 7.258617463126020020e-02
1.792000000000000000e+03 7.563242426871073787e-02
1.797333399999999983e+03 5.610097853358202852e-02
1.802666600000000017e+03 4.021224215837625876e-03
