6.080000000000000000e+02 7.542391500090915579e-02
6.133333099999999831e+02 1.020420283297108210e-01
6.186666900000000169e+02 9.690499143364081358e-02
6.240000000000000000e+02 7.435445482184986632e-02
6.293333099999999831e+02 5.255153051525195129e-02
6.346666900000000169e+02 4.231954379323153020e-02
6.400000000000000000e+02 4.449173593953209549e-02
6.453333099999999831e+02 4.547012732403829527e-02
6.506666900000000169e+02 4.015899360218478514e-02
6.560000000000000000e+02 2.615192928219588209e-02
6.613333099999999831e+02 9.071569505112859338e-03
6.666666900000000169e+02 0.000000000000000000e+00
6.720000000000000000e+02 7.381441762217296962e-03
6.773333099999999831e+02 2.321385925358673830e-02
6.826666900000000169e+02 4.427619838780013500e-02
6.880000000000000000e+02 5.669759724483526553e-02
6.933333099999999831e+02 5.656089716421330849e-02
6.986666900000000169e+02 5.087152591532050072e-02
7.040000000000000000e+02 4.775871961072397642e-02
7.093333099999999831e+02 4.873448420768664024e-02
7.146666900000000169e+02 5.474013705466378166e-02
7.200000000000000000e+02 5.519848225328628788e-02
7.253333099999999831e+02 5.297751831433650249e-02
7.306666900000000169e+02 4.783466502130004350e-02
7.360000000000000000e+02 4.621922635433464710e-02
7.413333099999999831e+02 5.219828663659668855e-02
7.466666900000000169e+02 6.396835296704957152e-02
7.520000000000000000e+02 7.480907102640330097e-02
7.573333099999999831e+02 8.468421237413265024e-02
7.626666900000000169e+02 8.197544417313581966e-02
7.680000000000000000e+02 7.330977860437508375e-02
7.733333099999999831e+02 6.195466561441631548e-02
7.786666900000000169e+02 5.369356606480127359e-02
7.840000000000000000e+02 5.176200093123714541e-02
7.893333099999999831e+02 5.674479813537840200e-02
7.946666900000000169e+02 6.311857325683681297e-02
8.000000000000000000e+02 7.718364623568346738e-02
8.053333099999999831e+02 1.002675818267578095e-01
8.106666900000000169e+02 1.345948036708557727e-01
8.160000000000000000e+02 1.713882415612874854e-01
8.213333099999999831e+02 2.018785880495047591e-01
8.266666900000000169e+02 2.184907865562750462e-01
8.320000000000000000e+02 2.283023646238096227e-01
8.373333099999999831e+02 2.446606507741845016e-01
8.426666900000000169e+02 2.738650382610729461e-01
8.480000000000000000e+02 3.078452891241474365e-01
8.533333099999999831e+02 3.377751608656433535e-01
8.586666900000000169e+02 3.499008229076027154e-01
8.640000000000000000e+02 3.474736719537075413e-01
8.693333099999999831e+02 3.424741107924310080e-01
8.746666900000000169e+02 3.366377354701682867e-01
8.800000000000000000e+02 3.306375239956170775e-01
8.853333099999999831e+02 3.221690182560171811e-01
8.906666900000000169e+02 3.067496937746553298e-01
8.960000000000000000e+02 2.913416285944334105e-01
9.013333099999999831e+02 2.863088110211141624e-01
9.066666900000000169e+02 2.913539475122837175e-01
9.120000000000000000e+02 3.100853143722268612e-01
9.173333099999999831e+02 3.360113283687199415e-01
9.226666900000000169e+02 3.642383890552168269e-01
9.280000000000000000e+02 3.872942373285752082e-01
9.333333099999999831e+02 4.007092150002365405e-01
9.386666900000000169e+02 3.998612192927992748e-01
9.440000000000000000e+02 3.863982205856572594e-01
9.493333099999999831e+02 3.638932378313129434e-01
9.546666900000000169e+02 3.420472189496446824e-01
9.600000000000000000e+02 3.183908814872339343e-01
9.653333099999999831e+02 2.976295287696263947e-01
9.706666900000000169e+02 2.823942057185214183e-01
9.760000000000000000e+02 2.675968551218487201e-01
9.813333099999999831e+02 2.670275294794494103e-01
9.866666900000000169e+02 2.946969533904134075e-01
9.920000000000000000e+02 3.459883901480282353e-01
9.973333099999999831e+02 4.065160390935267376e-01
1.002666699999999992e+03 4.461437902694084245e-01
1.008000000000000000e+03 4.337103657523405098e-01
1.013333300000000008e+03 3.902202308355733340e-01
1.018666699999999992e+03 3.511080046906173147e-01
1.024000000000000000e+03 3.425289219950503616e-01
1.029333399999999983e+03 3.600302635827537512e-01
1.034666600000000017e+03 3.805111395389229600e-01
1.040000000000000000e+03 3.754399092130995541e-01
1.045333399999999983e+03 3.454179560831642237e-01
1.050666600000000017e+03 3.053412873758553081e-01
1.056000000000000000e+03 2.733476698231597224e-01
1.061333399999999983e+03 2.538132294899536623e-01
1.066666600000000017e+03 2.523427724167576214e-01
1.072000000000000000e+03 2.596159024028277251e-01
1.077333399999999983e+03 2.669272713109431261e-01
1.082666600000000017e+03 2.714252669852694755e-01
1.088000000000000000e+03 2.713822225046397252e-01
1.093333399999999983e+03 2.607368335818850413e-01
1.098666600000000017e+03 2.372817914130426198e-01
1.104000000000000000e+03 2.018529398261402485e-01
1.109333399999999983e+03 1.606446005373599606e-01
1.114666600000000017e+03 1.260728290032379351e-01
1.120000000000000000e+03 1.042886902694511453e-01
1.125333399999999983e+03 8.565880781101761765e-02
1.130666600000000017e+03 5.930313649010778010e-02
1.136000000000000000e+03 3.202323575164400804e-02
1.141333399999999983e+03 1.315463823474002578e-02
1.146666600000000017e+03 1.727962276684737175e-02
1.152000000000000000e+03 4.635413356533121809e-02
1.157333399999999983e+03 8.459221949159845266e-02
1.162666600000000017e+03 1.115927739733423713e-01
1.168000000000000000e+03 1.200879615257278848e-01
1.173333399999999983e+03 1.125232401552551387e-01
1.178666600000000017e+03 1.055423819473896713e-01
1.184000000000000000e+03 1.137495508326551302e-01
1.189333399999999983e+03 1.473607528692206792e-01
1.194666600000000017e+03 2.017161616137933267e-01
1.200000000000000000e+03 2.609994335441553348e-01
1.205333399999999983e+03 3.102916707018443798e-01
1.210666600000000017e+03 3.496161813895782844e-01
1.216000000000000000e+03 3.861541936937878394e-01
1.221333399999999983e+03 4.390227791296337778e-01
1.226666600000000017e+03 5.186054386608418554e-01
1.232000000000000000e+03 6.153883500223982228e-01
1.237333399999999983e+03 7.044361394507695495e-01
1.242666600000000017e+03 7.657053548424175293e-01
1.248000000000000000e+03 7.830500818396218810e-01
1.253333399999999983e+03 7.632706766404262488e-01
1.258666600000000017e+03 7.262266947832262121e-01
1.264000000000000000e+03 6.946928833973418094e-01
1.269333399999999983e+03 6.748963228323635599e-01
1.274666600000000017e+03 6.633595338123255969e-01
1.280000000000000000e+03 6.465831820537450980e-01
1.285333399999999983e+03 6.200145864293009623e-01
1.290666600000000017e+03 5.895499882465154995e-01
1.296000000000000000e+03 5.710057485995982951e-01
1.301333399999999983e+03 5.730708878441290732e-01
1.306666600000000017e+03 5.924676786855490596e-01
1.312000000000000000e+03 6.205199235988183570e-01
1.317333399999999983e+03 6.462109405835193554e-01
1.322666600000000017e+03 6.614356634242517519e-01
1.328000000000000000e+03 6.644299028535852747e-01
1.333333399999999983e+03 6.555993489313182154e-01
1.338666600000000017e+03 6.326839024325668914e-01
1.344000000000000000e+03 5.927965285218329550e-01
1.349333399999999983e+03 5.326456000809569602e-01
1.354666600000000017e+03 4.613252795814788421e-01
1.360000000000000000e+03 3.912938854826315538e-01
1.365333399999999983e+03 3.354362018774826870e-01
1.370666600000000017e+03 3.039722967885564175e-01
1.376000000000000000e+03 2.904155515437472634e-01
1.381333399999999983e+03 2.867834541801353998e-01
1.386666600000000017e+03 2.971292378509107213e-01
1.392000000000000000e+03 3.214766918212185742e-01
1.397333399999999983e+03 3.566024986748811965e-01
1.402666600000000017e+03 3.974523724901327659e-01
1.408000000000000000e+03 4.290600133483981060e-01
1.413333399999999983e+03 4.453555648818204871e-01
1.418666600000000017e+03 4.545833390612631364e-01
1.424000000000000000e+03 4.746045827608737500e-01
1.429333399999999983e+03 5.289853713192910201e-01
1.434666600000000017e+03 6.302868023440623135e-01
1.440000000000000000e+03 7.660814009456482498e-01
1.445333399999999983e+03 9.018057210263586976e-01
1.450666600000000017e+03 9.907613283512967106e-01
1.456000000000000000e+03 9.999999999999998890e-01
1.461333399999999983e+03 9.292532038131640082e-01
1.466666600000000017e+03 7.973128607711775784e-01
1.472000000000000000e+03 6.318528043124564952e-01
1.477333399999999983e+03 4.608239907548967729e-01
1.482666600000000017e+03 3.066279714657631494e-01
1.488000000000000000e+03 1.811445685681552786e-01
1.493333399999999983e+03 9.425930303099910867e-02
1.498666600000000017e+03 4.407929135783192343e-02
1.504000000000000000e+03 1.846464356378397717e-02
1.509333399999999983e+03 9.295206790445143669e-03
1.514666600000000017e+03 1.328177155468721754e-02
1.520000000000000000e+03 2.194175407512538936e-02
1.525333399999999983e+03 3.378892742131595073e-02
1.530666600000000017e+03 5.070840888198982488e-02
1.536000000000000000e+03 6.886768447092024570e-02
1.541333399999999983e+03 9.130177629593912159e-02
1.546666600000000017e+03 1.215197440751230179e-01
1.552000000000000000e+03 1.496458686100766433e-01
1.557333399999999983e+03 1.698839687120056730e-01
1.562666600000000017e+03 1.827244246403071370e-01
1.568000000000000000e+03 1.890773198109942654e-01
1.573333399999999983e+03 1.952915067780185421e-01
1.578666600000000017e+03 2.072675096913072779e-01
1.584000000000000000e+03 2.228017090149696788e-01
1.589333399999999983e+03 2.410287932571558156e-01
1.594666600000000017e+03 2.655416052226421408e-01
1.600000000000000000e+03 3.016951992842722974e-01
1.605333399999999983e+03 3.448641532586638747e-01
1.610666600000000017e+03 3.827928255544081337e-01
1.616000000000000000e+03 4.094590696515141293e-01
1.621333399999999983e+03 4.238738015753424904e-01
1.626666600000000017e+03 4.405166923219533959e-01
1.632000000000000000e+03 4.759362107474888193e-01
1.637333399999999983e+03 5.315657628164256465e-01
1.642666600000000017e+03 5.969335466044924932e-01
1.648000000000000000e+03 6.697060034574784382e-01
1.653333399999999983e+03 7.485038491464072186e-01
1.658666600000000017e+03 8.325709164512056226e-01
1.664000000000000000e+03 9.078009118095931029e-01
1.669333399999999983e+03 9.485235213933006504e-01
1.674666600000000017e+03 9.285955407261865524e-01
1.680000000000000000e+03 8.450382847527341257e-01
1.685333399999999983e+03 7.168714991091275079e-01
1.690666600000000017e+03 5.687725217361773167e-01
1.696000000000000000e+03 4.236547121711687347e-01
1.701333399999999983e+03 2.967211053110626051e-01
1.706666600000000017e+03 1.950384992019377484e-01
1.712000000000000000e+03 1.237635973654145904e-01
1.717333399999999983e+03 8.073112792615738664e-02
1.722666600000000017e+03 5.476702624393287033e-02
1.728000000000000000e+03 3.748733291368229470e-02
1.733333399999999983e+03 2.195951629585568901e-02
1.738666600000000017e+03 9.343125394554662247e-03
1.744000000000000000e+03 9.676885403862151708e-03
1.749333399999999983e+03 2.202519494768420683e-02
1.754666600000000017e+03 3.807841323483492080e-02
1.760000000000000000e+03 5.218452303416255822e-02
1.765333399999999983e+03 5.566432570010566849e-02
1.770666600000000017e+03 4.836696362521754333e-02
1.776000000000000000e+03 4.254934669060862762e-02
1.781333399999999983e+03 3.956828772172388264e-02
1.786666600000000017e+03 3.785829567985546373e-02
1.792000000000000000e+03 3.895099876899684593e-02
1.797333399999999983e+03 3.804624718325664429e-02
1.802666600000000017e+03 3.236863150529523114e-02
