6.080000000000000000e+02 8.568633248424292748e-02
6.133333099999999831e+02 9.482476001608969307e-02
6.186666900000000169e+02 8.561429527939201645e-02
6.240000000000000000e+02 6.528552332071256570e-02
6.293333099999999831e+02 4.213013261433084383e-02
6.346666900000000169e+02 2.254773106090907087e-02
6.400000000000000000e+02 1.063165509428282661e-02
6.453333099999999831e+02 6.245489473497960360e-03
6.506666900000000169e+02 4.272015554729467757e-03
6.560000000000000000e+02 2.096041852494028371e-03
6.613333099999999831e+02 0.000000000000000000e+00
6.666666900000000169e+02 3.060815466079634672e-04
6.720000000000000000e+02 8.231857852835831879e-03
6.773333099999999831e+02 2.598353484643482758e-02
6.826666900000000169e+02 4.694861038375405804e-02
6.880000000000000000e+02 6.708441669694935328e-02
6.933333099999999831e+02 8.246213568180335574e-02
6.986666900000000169e+02 9.213958078487018144e-02
7.040000000000000000e+02 9.976831347697553976e-02
7.093333099999999831e+02 1.056116849086267823e-01
7.146666900000000169e+02 1.064119426200880875e-01
7.200000000000000000e+02 1.002832115466423812e-01
7.253333099999999831e+02 8.479455921053213885e-02
7.306666900000000169e+02 6.953461174095661168e-02
7.360000000000000000e+02 6.388786038743421436e-02
7.413333099999999831e+02 7.058514415966885003e-02
7.466666900000000169e+02 8.421240363064240453e-02
7.520000000000000000e+02 9.246949861804509840e-02
7.573333099999999831e+02 8.246840773483943288e-02
7.626666900000000169e+02 6.733282393293439638e-02
7.680000000000000000e+02 5.755856572831029999e-02
7.733333099999999831e+02 5.671953983555943352e-02
7.786666900000000169e+02 6.534740839623449926e-02
7.840000000000000000e+02 7.628338721024235936e-02
7.893333099999999831e+02 8.391316201419043996e-02
7.946666900000000169e+02 1.017714220572369654e-01
8.000000000000000000e+02 1.355250766616089286e-01
8.053333099999999831e+02 1.749338271054999561e-01
8.106666900000000169e+02 2.167392424813344431e-01
8.160000000000000000e+02 2.515861462277509397e-01
8.213333099999999831e+02 2.712722992611747430e-01
8.266666900000000169e+02 2.799185704839692868e-01
8.320000000000000000e+02 2.896776415852170272e-01
8.373333099999999831e+02 3.025933530309690145e-01
8.426666900000000169e+02 3.222206039123667876e-01
8.480000000000000000e+02 3.446170325905179577e-01
8.533333099999999831e+02 3.613284297079517038e-01
8.586666900000000169e+02 3.671397725492476227e-01
8.640000000000000000e+02 3.718156790073661733e-01
8.693333099999999831e+02 3.734637573271331612e-01
8.746666900000000169e+02 3.649733487693255229e-01
8.800000000000000000e+02 3.458289936928344854e-01
8.853333099999999831e+02 3.192885851017284171e-01
8.906666900000000169e+02 2.928630881285574916e-01
8.960000000000000000e+02 2.850577622557341484e-01
9.013333099999999831e+02 2.992147240063583458e-01
9.066666900000000169e+02 3.270147952049967111e-01
9.120000000000000000e+02 3.608620013488700318e-01
9.173333099999999831e+02 3.893009451869332005e-01
9.226666900000000169e+02 3.994416497929826892e-01
9.280000000000000000e+02 3.963803025504817334e-01
9.333333099999999831e+02 3.832414899422012522e-01
9.386666900000000169e+02 3.635342104772695815e-01
9.440000000000000000e+02 3.497415364203225185e-01
9.493333099999999831e+02 3.480508655173280563e-01
9.546666900000000169e+02 3.478446719611960614e-01
9.600000000000000000e+02 3.501496742216752556e-01
9.653333099999999831e+02 3.448489137538027216e-01
9.706666900000000169e+02 3.262207143897218886e-01
9.760000000000000000e+02 2.995392238948706432e-01
9.813333099999999831e+02 2.912848078927766649e-01
9.866666900000000169e+02 3.133036589006877870e-01
9.920000000000000000e+02 3.663706128992451072e-01
9.973333099999999831e+02 4.237782398211977219e-01
1.002666699999999992e+03 4.507041950989008616e-01
1.008000000000000000e+03 4.216228868459663826e-01
1.013333300000000008e+03 3.714964225451723445e-01
1.018666699999999992e+03 3.345571664832732717e-01
1.024000000000000000e+03 3.286036751284013846e-01
1.029333399999999983e+03 3.469344721521436248e-01
1.034666600000000017e+03 3.646536818664253277e-01
1.040000000000000000e+03 3.597475683331812224e-01
1.045333399999999983e+03 3.393076305965547212e-01
1.050666600000000017e+03 3.087813370675472902e-01
1.056000000000000000e+03 2.746902161208507609e-01
1.061333399999999983e+03 2.463475193226649929e-01
1.066666600000000017e+03 2.293897733696420305e-01
1.072000000000000000e+03 2.294072222022416618e-01
1.077333399999999983e+03 2.427845934062170252e-01
1.082666600000000017e+03 2.575825106898788630e-01
1.088000000000000000e+03 2.637956782023177515e-01
1.093333399999999983e+03 2.580320125849578372e-01
1.098666600000000017e+03 2.397359774481753747e-01
1.104000000000000000e+03 2.134456186170428649e-01
1.109333399999999983e+03 1.839410837172462121e-01
1.114666600000000017e+03 1.528640579098254348e-01
1.120000000000000000e+03 1.228161041355301519e-01
1.125333399999999983e+03 9.269114057934876860e-02
1.130666600000000017e+03 5.995525711956890824e-02
1.136000000000000000e+03 2.935163853160331626e-02
1.141333399999999983e+03 1.141739701985062215e-02
1.146666600000000017e+03 9.348243423668209026e-03
1.152000000000000000e+03 2.357433582075496581e-02
1.157333399999999983e+03 4.756135704152945898e-02
1.162666600000000017e+03 6.692383104481869349e-02
1.168000000000000000e+03 7.822321845062862877e-02
1.173333399999999983e+03 8.715316852709388551e-02
1.178666600000000017e+03 9.686104245846371974e-02
1.184000000000000000e+03 1.164297378761202512e-01
1.189333399999999983e+03 1.507038216987116597e-01
1.194666600000000017e+03 1.892636358078134684e-01
1.200000000000000000e+03 2.273384081483037777e-01
1.205333399999999983e+03 2.654225684733683144e-01
1.210666600000000017e+03 3.078475273028446479e-01
1.216000000000000000e+03 3.669699056848312324e-01
1.221333399999999983e+03 4.471722279405371259e-01
1.226666600000000017e+03 5.419985453656932517e-01
1.232000000000000000e+03 6.343890831962025745e-01
1.237333399999999983e+03 7.047146473688489232e-01
1.242666600000000017e+03 7.406528915859078577e-01
1.248000000000000000e+03 7.412574758785991369e-01
1.253333399999999983e+03 7.143639873195387624e-01
1.258666600000000017e+03 6.800448090126673950e-01
1.264000000000000000e+03 6.511510675734046849e-01
1.269333399999999983e+03 6.320544886856073186e-01
1.274666600000000017e+03 6.200994284369740761e-01
1.280000000000000000e+03 6.060268117764014972e-01
1.285333399999999983e+03 5.832470913057189454e-01
1.290666600000000017e+03 5.566907251519043198e-01
1.296000000000000000e+03 5.421997086777524677e-01
1.301333399999999983e+03 5.526008459053238786e-01
1.306666600000000017e+03 5.877582466473920686e-01
1.312000000000000000e+03 6.318138493731548788e-01
1.317333399999999983e+03 6.627583761043761568e-01
1.322666600000000017e+03 6.709306597742272782e-01
1.328000000000000000e+03 6.616342305591630391e-01
1.333333399999999983e+03 6.456765120493822563e-01
1.338666600000000017e+03 6.220929688836246418e-01
1.344000000000000000e+03 5.820295519448778210e-01
1.349333399999999983e+03 5.148093654210064152e-01
1.354666600000000017e+03 4.338038525501331510e-01
1.360000000000000000e+03 3.566640337195972621e-01
1.365333399999999983e+03 3.035869785761218798e-01
1.370666600000000017e+03 2.790512043285824917e-01
1.376000000000000000e+03 2.754732557820741556e-01
1.381333399999999983e+03 2.782529454007508507e-01
1.386666600000000017e+03 2.901534767388299629e-01
1.392000000000000000e+03 3.110887530917728072e-01
1.397333399999999983e+03 3.472791269697550476e-01
1.402666600000000017e+03 3.956934594621696610e-01
1.408000000000000000e+03 4.402690341001668228e-01
1.413333399999999983e+03 4.686220441502854106e-01
1.418666600000000017e+03 4.847967736025111662e-01
1.424000000000000000e+03 5.112808732199272121e-01
1.429333399999999983e+03 5.782152777693835288e-01
1.434666600000000017e+03 6.950059488640143446e-01
1.440000000000000000e+03 8.342387911076775131e-01
1.445333399999999983e+03 9.510405527905856360e-01
1.450666600000000017e+03 9.999999999999998890e-01
1.456000000000000000e+03 9.727952367789104438e-01
1.461333399999999983e+03 8.787303733265612316e-01
1.466666600000000017e+03 7.415046999707691766e-01
1.472000000000000000e+03 5.837417095575530013e-01
1.477333399999999983e+03 4.259583936406679538e-01
1.482666600000000017e+03 2.800349479312567169e-01
1.488000000000000000e+03 1.648423059203449614e-01
1.493333399999999983e+03 8.261467234678709914e-02
1.498666600000000017e+03 3.265529295054791364e-02
1.504000000000000000e+03 1.001487091149638915e-02
1.509333399999999983e+03 7.547978155688559593e-03
1.514666600000000017e+03 1.327029435539928484e-02
1.520000000000000000e+03 2.469777354567458810e-02
1.525333399999999983e+03 3.783235759293669676e-02
1.530666600000000017e+03 5.312787005539459928e-02
1.536000000000000000e+03 7.365557869776170885e-02
1.541333399999999983e+03 9.616607746506276866e-02
1.546666600000000017e+03 1.148997733346562578e-01
1.552000000000000000e+03 1.299262056472811899e-01
1.557333399999999983e+03 1.412780026343340989e-01
1.562666600000000017e+03 1.530137932290887570e-01
1.568000000000000000e+03 1.687986932061999734e-01
1.573333399999999983e+03 1.822327504699396417e-01
1.578666600000000017e+03 1.961828809815913954e-01
1.584000000000000000e+03 2.073233445146455134e-01
1.589333399999999983e+03 2.192370971539652769e-01
1.594666600000000017e+03 2.440646546366992964e-01
1.600000000000000000e+03 2.804443322462956689e-01
1.605333399999999983e+03 3.145568307010081499e-01
1.610666600000000017e+03 3.433839380653408435e-01
1.616000000000000000e+03 3.546073351687316078e-01
1.621333399999999983e+03 3.601965697794275445e-01
1.626666600000000017e+03 3.840006270137863442e-01
1.632000000000000000e+03 4.308051777345958677e-01
1.637333399999999983e+03 4.999407842352383557e-01
1.642666600000000017e+03 5.853524719011918842e-01
1.648000000000000000e+03 6.757670656375140972e-01
1.653333399999999983e+03 7.716143661963232869e-01
1.658666600000000017e+03 8.643645628964209404e-01
1.664000000000000000e+03 9.287461742120474151e-01
1.669333399999999983e+03 9.444928492341515547e-01
1.674666600000000017e+03 8.969964188831951457e-01
1.680000000000000000e+03 7.922066756364656293e-01
1.685333399999999983e+03 6.543498346882682393e-01
1.690666600000000017e+03 5.074628931168719825e-01
1.696000000000000000e+03 3.714218709821240916e-01
1.701333399999999983e+03 2.564859033824409273e-01
1.706666600000000017e+03 1.658681673911625298e-01
1.712000000000000000e+03 1.006463879868904204e-01
1.717333399999999983e+03 5.825716700918295160e-02
1.722666600000000017e+03 3.435945771775478219e-02
1.728000000000000000e+03 2.462091932894308610e-02
1.733333399999999983e+03 2.134486072180954985e-02
1.738666600000000017e+03 2.058525825738210385e-02
1.744000000000000000e+03 2.114674358070187110e-02
1.749333399999999983e+03 2.069869386322178983e-02
1.754666600000000017e+03 1.911961241973623993e-02
1.760000000000000000e+03 1.395644827560202014e-02
1.765333399999999983e+03 7.797326603282162330e-03
1.770666600000000017e+03 6.864988115914415906e-03
1.776000000000000000e+03 1.253172367400366867e-02
1.781333399999999983e+03 2.244328728102684689e-02
1.786666600000000017e+03 3.230261306453448278e-02
1.792000000000000000e+03 3.532962956750344136e-02
1.797333399999999983e+03 3.127755260745837540e-02
1.802666600000000017e+03 1.817954756543630618e-02
