6.080000000000000000e+02 2.708160666434476782e-02
6.133333099999999831e+02 2.193022210532858188e-02
6.186666900000000169e+02 2.426203252248011755e-02
6.240000000000000000e+02 2.992545584406979334e-02
6.293333099999999831e+02 3.295748985793231500e-02
6.346666900000000169e+02 3.236205650582005960e-02
6.400000000000000000e+02 2.829462134976522963e-02
6.453333099999999831e+02 1.855414231625695035e-02
6.506666900000000169e+02 9.802826936506116307e-03
6.560000000000000000e+02 5.810123793959101959e-03
6.613333099999999831e+02 5.160194112017070858e-03
6.666666900000000169e+02 8.290277680563893845e-03
6.720000000000000000e+02 1.310413867135967053e-02
6.773333099999999831e+02 1.551199099810866844e-02
6.826666900000000169e+02 2.397434476033764167e-02
6.880000000000000000e+02 4.005800430668272905e-02
6.933333099999999831e+02 6.233308247476525982e-02
6.986666900000000169e+02 8.460587117328705054e-02
7.040000000000000000e+02 9.857528515463137575e-02
7.093333099999999831e+02 1.029661146900482382e-01
7.146666900000000169e+02 1.041090380472529109e-01
7.200000000000000000e+02 1.006370359834644068e-01
7.253333099999999831e+02 9.514054724765319548e-02
7.306666900000000169e+02 8.826885713983112502e-02
7.360000000000000000e+02 8.191880016806413201e-02
7.413333099999999831e+02 8.205298833271093550e-02
7.466666900000000169e+02 9.120186613501191086e-02
7.520000000000000000e+02 1.005533011793488807e-01
7.573333099999999831e+02 1.027515911822640959e-01
7.626666900000000169e+02 9.552564842150224056e-02
7.680000000000000000e+02 8.108254644190054927e-02
7.733333099999999831e+02 6.578356022005013570e-02
7.786666900000000169e+02 5.937801039006149195e-02
7.840000000000000000e+02 6.328795061789792287e-02
7.893333099999999831e+02 7.525231541162297200e-02
7.946666900000000169e+02 9.615462349915640528e-02
8.000000000000000000e+02 1.224703296300847510e-01
8.053333099999999831e+02 1.483253838026066251e-01
8.106666900000000169e+02 1.743799883778467397e-01
8.160000000000000000e+02 1.976627490311588242e-01
8.213333099999999831e+02 2.175686667924497664e-01
8.266666900000000169e+02 2.366956393646927892e-01
8.320000000000000000e+02 2.588755096864747141e-01
8.373333099999999831e+02 2.829305414779743622e-01
8.426666900000000169e+02 3.074252346010417081e-01
8.480000000000000000e+02 3.259830497242758307e-01
8.533333099999999831e+02 3.360893008829303197e-01
8.586666900000000169e+02 3.368335927101990257e-01
8.640000000000000000e+02 3.358492672886098651e-01
8.693333099999999831e+02 3.340802582216239602e-01
8.746666900000000169e+02 3.311991387869148151e-01
8.800000000000000000e+02 3.247912446400073594e-01
8.853333099999999831e+02 3.146150180536449459e-01
8.906666900000000169e+02 3.014645308709512639e-01
8.960000000000000000e+02 2.914002629548188006e-01
9.013333099999999831e+02 2.865782010569859484e-01
9.066666900000000169e+02 2.905825402893755793e-01
9.120000000000000000e+02 3.062776691428856224e-01
9.173333099999999831e+02 3.285488224189759832e-01
9.226666900000000169e+02 3.523221007699621765e-01
9.280000000000000000e+02 3.690311469148268575e-01
9.333333099999999831e+02 3.735016725642027469e-01
9.386666900000000169e+02 3.649813371709026977e-01
9.440000000000000000e+02 3.507194223007670808e-01
9.493333099999999831e+02 3.340110348437576593e-01
9.546666900000000169e+02 3.256404859547007424e-01
9.600000000000000000e+02 3.225226565394567757e-01
9.653333099999999831e+02 3.201775316120750725e-01
9.706666900000000169e+02 3.130582747570712088e-01
9.760000000000000000e+02 2.959939385181081795e-01
9.813333099999999831e+02 2.833675715061951816e-01
9.866666900000000169e+02 2.967090857296787454e-01
9.920000000000000000e+02 3.392566183194541396e-01
9.973333099999999831e+02 3.965609929555300450e-01
1.002666699999999992e+03 4.405906763985844021e-01
1.008000000000000000e+03 4.379195644696269873e-01
1.013333300000000008e+03 4.038543560739822347e-01
1.018666699999999992e+03 3.665734834505610662e-01
1.024000000000000000e+03 3.495341259634659470e-01
1.029333399999999983e+03 3.558377807622468136e-01
1.034666600000000017e+03 3.679268221477261513e-01
1.040000000000000000e+03 3.601736491685083030e-01
1.045333399999999983e+03 3.333467465957559717e-01
1.050666600000000017e+03 2.958960944324512954e-01
1.056000000000000000e+03 2.616790013209900900e-01
1.061333399999999983e+03 2.427862976723795252e-01
1.066666600000000017e+03 2.411053767593304142e-01
1.072000000000000000e+03 2.506578290730845371e-01
1.077333399999999983e+03 2.667401317162185204e-01
1.082666600000000017e+03 2.790904927208774922e-01
1.088000000000000000e+03 2.780678825532759690e-01
1.093333399999999983e+03 2.638011202947807554e-01
1.098666600000000017e+03 2.345912470335899114e-01
1.104000000000000000e+03 1.978739302076565620e-01
1.109333399999999983e+03 1.671011736848952156e-01
1.114666600000000017e+03 1.443236296957171039e-01
1.120000000000000000e+03 1.243656342872745957e-01
1.125333399999999983e+03 1.030347506282972003e-01
1.130666600000000017e+03 7.025548795097763533e-02
1.136000000000000000e+03 3.378186099183004554e-02
1.141333399999999983e+03 7.678189016550071404e-03
1.146666600000000017e+03 0.000000000000000000e+00
1.152000000000000000e+03 1.328988687456171200e-02
1.157333399999999983e+03 4.373422690531205553e-02
1.162666600000000017e+03 7.655085529968785885e-02
1.168000000000000000e+03 1.027909817715668694e-01
1.173333399999999983e+03 1.174284024400777948e-01
1.178666600000000017e+03 1.228673416405462737e-01
1.184000000000000000e+03 1.287282867345669601e-01
1.189333399999999983e+03 1.465752610510387133e-01
1.194666600000000017e+03 1.778434190876224952e-01
1.200000000000000000e+03 2.164677387386091945e-01
1.205333399999999983e+03 2.561202008745289138e-01
1.210666600000000017e+03 2.973661162829000504e-01
1.216000000000000000e+03 3.505399259394668676e-01
1.221333399999999983e+03 4.279484512475957292e-01
1.226666600000000017e+03 5.273192823071323199e-01
1.232000000000000000e+03 6.297813497061635069e-01
1.237333399999999983e+03 7.144846282831227580e-01
1.242666600000000017e+03 7.642250965350951830e-01
1.248000000000000000e+03 7.750184889953776191e-01
1.253333399999999983e+03 7.568221544789691668e-01
1.258666600000000017e+03 7.241546330268852083e-01
1.264000000000000000e+03 6.891617654630377565e-01
1.269333399999999983e+03 6.604767696284365996e-01
1.274666600000000017e+03 6.346753436296456163e-01
1.280000000000000000e+03 6.112998488876889569e-01
1.285333399999999983e+03 5.905805869683344866e-01
1.290666600000000017e+03 5.735626903156426648e-01
1.296000000000000000e+03 5.686970841133001109e-01
1.301333399999999983e+03 5.787837241971496294e-01
1.306666600000000017e+03 5.987056109793840175e-01
1.312000000000000000e+03 6.277952327611578953e-01
1.317333399999999983e+03 6.558434911749126961e-01
1.322666600000000017e+03 6.716882007792432940e-01
1.328000000000000000e+03 6.777852384850562295e-01
1.333333399999999983e+03 6.729194575810666379e-01
1.338666600000000017e+03 6.489657926665290955e-01
1.344000000000000000e+03 6.031524103912044854e-01
1.349333399999999983e+03 5.327060771039623388e-01
1.354666600000000017e+03 4.457626037006857111e-01
1.360000000000000000e+03 3.662254632682815925e-01
1.365333399999999983e+03 3.147102206074494646e-01
1.370666600000000017e+03 2.927619908367845025e-01
1.376000000000000000e+03 2.933545415981077542e-01
1.381333399999999983e+03 3.060695213708607976e-01
1.386666600000000017e+03 3.237473278719847358e-01
1.392000000000000000e+03 3.453332666539513651e-01
1.397333399999999983e+03 3.747555078285377816e-01
1.402666600000000017e+03 4.072026121554256917e-01
1.408000000000000000e+03 4.327308261913596632e-01
1.413333399999999983e+03 4.459055508178146887e-01
1.418666600000000017e+03 4.563281681497188824e-01
1.424000000000000000e+03 4.844366601076646739e-01
1.429333399999999983e+03 5.521927286024959081e-01
1.434666600000000017e+03 6.659623188785708248e-01
1.440000000000000000e+03 8.049870336523949899e-01
1.445333399999999983e+03 9.290244507183390565e-01
1.450666600000000017e+03 1.000000000000000000e+00
1.456000000000000000e+03 9.962835758548300724e-01
1.461333399999999983e+03 9.147777539214148046e-01
1.466666600000000017e+03 7.752490812496486416e-01
1.472000000000000000e+03 6.056404114478542988e-01
1.477333399999999983e+03 4.336111851077867341e-01
1.482666600000000017e+03 2.782460604412791416e-01
1.488000000000000000e+03 1.560409232782149491e-01
1.493333399999999983e+03 7.400588527032708752e-02
1.498666600000000017e+03 3.077978479562483091e-02
1.504000000000000000e+03 1.547520548743571908e-02
1.509333399999999983e+03 1.217518968158627819e-02
1.514666600000000017e+03 8.515288573174413511e-03
1.520000000000000000e+03 5.363502850062668720e-03
1.525333399999999983e+03 7.575847520557461856e-03
1.530666600000000017e+03 2.130762729260119240e-02
1.536000000000000000e+03 4.653487358462955747e-02
1.541333399999999983e+03 7.671122066396157679e-02
1.546666600000000017e+03 1.071441583770348649e-01
1.552000000000000000e+03 1.325432004988861545e-01
1.557333399999999983e+03 1.506454043997409453e-01
1.562666600000000017e+03 1.671109397537065278e-01
1.568000000000000000e+03 1.847215693254911639e-01
1.573333399999999983e+03 2.075977378883399893e-01
1.578666600000000017e+03 2.313034735477739745e-01
1.584000000000000000e+03 2.454310679659198469e-01
1.589333399999999983e+03 2.557971227030004790e-01
1.594666600000000017e+03 2.742613615432302754e-01
1.600000000000000000e+03 3.050073653599185697e-01
1.605333399999999983e+03 3.446257616352300657e-01
1.610666600000000017e+03 3.788247166236168861e-01
1.616000000000000000e+03 3.939731970474222300e-01
1.621333399999999983e+03 4.005982645427096922e-01
1.626666600000000017e+03 4.176344464308490156e-01
1.632000000000000000e+03 4.554113484835445869e-01
1.637333399999999983e+03 5.096969478381396801e-01
1.642666600000000017e+03 5.804997215560804280e-01
1.648000000000000000e+03 6.641545984138490510e-01
1.653333399999999983e+03 7.601955398189295110e-01
1.658666600000000017e+03 8.652326726449863781e-01
1.664000000000000000e+03 9.571674077298072403e-01
1.669333399999999983e+03 9.994295604424221491e-01
1.674666600000000017e+03 9.746031639297447757e-01
1.680000000000000000e+03 8.790336442974650000e-01
1.685333399999999983e+03 7.304045889239101363e-01
1.690666600000000017e+03 5.639133675821246250e-01
1.696000000000000000e+03 4.090374596433814514e-01
1.701333399999999983e+03 2.793336216060522958e-01
1.706666600000000017e+03 1.799701980511185517e-01
1.712000000000000000e+03 1.068474299016480833e-01
1.717333399999999983e+03 5.547513880931769642e-02
1.722666600000000017e+03 2.634577236953682816e-02
1.728000000000000000e+03 1.791938322801300484e-02
1.733333399999999983e+03 2.193069424221079367e-02
1.738666600000000017e+03 2.759927044656623404e-02
1.744000000000000000e+03 2.739941638898089893e-02
1.749333399999999983e+03 1.909420235362473822e-02
1.754666600000000017e+03 8.173354214265305881e-03
1.760000000000000000e+03 3.437023081220973511e-03
1.765333399999999983e+03 6.100274528311041763e-03
1.770666600000000017e+03 1.333799187694320078e-02
1.776000000000000000e+03 2.195104926373234525e-02
1.781333399999999983e+03 2.683908486364448148e-02
1.786666600000000017e+03 2.670863627217664668e-02
1.792000000000000000e+03 2.516146666156659009e-02
1.797333399999999983e+03 2.420161400150673547e-02
1.802666600000000017e+03 2.574758026587664270e-02
