6.080000000000000000e+02 9.925625495773447715e-02
6.133333099999999831e+02 9.118819147742240894e-02
6.186666900000000169e+02 8.033639031135107744e-02
6.240000000000000000e+02 6.850791679947351720e-02
6.293333099999999831e+02 6.025332640590903843e-02
6.346666900000000169e+02 4.991907097837590401e-02
6.400000000000000000e+02 3.511615273921423613e-02
6.453333099999999831e+02 1.698787431836588924e-02
6.506666900000000169e+02 2.724447375537338706e-03
6.560000000000000000e+02 0.000000000000000000e+00
6.613333099999999831e+02 9.751668365307077785e-03
6.666666900000000169e+02 2.581786312942185163e-02
6.720000000000000000e+02 4.371460563493834162e-02
6.773333099999999831e+02 6.089317691983137104e-02
6.826666900000000169e+02 7.878345333510836102e-02
6.880000000000000000e+02 9.509336877246166164e-02
6.933333099999999831e+02 1.079735953200751247e-01
6.986666900000000169e+02 1.167946095127700562e-01
7.040000000000000000e+02 1.185506453302885982e-01
7.093333099999999831e+02 1.111913017423721561e-01
7.146666900000000169e+02 9.817525880543306882e-02
7.200000000000000000e+02 8.432589135167857519e-02
7.253333099999999831e+02 7.816192828618702404e-02
7.306666900000000169e+02 8.214730291324402744e-02
7.360000000000000000e+02 9.307681832610782691e-02
7.413333099999999831e+02 1.025649652525898320e-01
7.466666900000000169e+02 1.070621251827443138e-01
7.520000000000000000e+02 1.058238474685765651e-01
7.573333099999999831e+02 9.866900360131618253e-02
7.626666900000000169e+02 8.666715110845038539e-02
7.680000000000000000e+02 7.654982290598244532e-02
7.733333099999999831e+02 7.083261245564548281e-02
7.786666900000000169e+02 7.758552226867494739e-02
7.840000000000000000e+02 9.969330471974548191e-02
7.893333099999999831e+02 1.285061415237495064e-01
7.946666900000000169e+02 1.590017033976157679e-01
8.000000000000000000e+02 1.916773329326170172e-01
8.053333099999999831e+02 2.200666913339379693e-01
8.106666900000000169e+02 2.447675222352386493e-01
8.160000000000000000e+02 2.656414890796067740e-01
8.213333099999999831e+02 2.808079085712844036e-01
8.266666900000000169e+02 2.950262692692079414e-01
8.320000000000000000e+02 3.157476291668028234e-01
8.373333099999999831e+02 3.427272628408431498e-01
8.426666900000000169e+02 3.702414826004482018e-01
8.480000000000000000e+02 3.864640479250351368e-01
8.533333099999999831e+02 3.854700351373444023e-01
8.586666900000000169e+02 3.713440613308642835e-01
8.640000000000000000e+02 3.520028580111574379e-01
8.693333099999999831e+02 3.327926039004953651e-01
8.746666900000000169e+02 3.163339134985673207e-01
8.800000000000000000e+02 3.028721206380697306e-01
8.853333099999999831e+02 2.925993506467967076e-01
8.906666900000000169e+02 2.910797285456111494e-01
8.960000000000000000e+02 2.980692866907473926e-01
9.013333099999999831e+02 3.067690483369547860e-01
9.066666900000000169e+02 3.148050334291031538e-01
9.120000000000000000e+02 3.231769798628808532e-01
9.173333099999999831e+02 3.296744422197945834e-01
9.226666900000000169e+02 3.326093993530511161e-01
9.280000000000000000e+02 3.293680932098102532e-01
9.333333099999999831e+02 3.205667597017070047e-01
9.386666900000000169e+02 3.087240264139317625e-01
9.440000000000000000e+02 2.962723116777457033e-01
9.493333099999999831e+02 2.867801620042593203e-01
9.546666900000000169e+02 2.768841295402454938e-01
9.600000000000000000e+02 2.647600469471722562e-01
9.653333099999999831e+02 2.528061386689407497e-01
9.706666900000000169e+02 2.438313729407913522e-01
9.760000000000000000e+02 2.520384440511947988e-01
9.813333099999999831e+02 2.880796719118799420e-01
9.866666900000000169e+02 3.461292298150998592e-01
9.920000000000000000e+02 4.039479992437761680e-01
9.973333099999999831e+02 4.300756146556985460e-01
1.002666699999999992e+03 4.092735673710009014e-01
1.008000000000000000e+03 3.628313479994805246e-01
1.013333300000000008e+03 3.175842916531073090e-01
1.018666699999999992e+03 2.970308133364951697e-01
1.024000000000000000e+03 3.022595725396864941e-01
1.029333399999999983e+03 3.140868166193210298e-01
1.034666600000000017e+03 3.168490610587018641e-01
1.040000000000000000e+03 3.058983289183019871e-01
1.045333399999999983e+03 2.809422694287575517e-01
1.050666600000000017e+03 2.519791413726237828e-01
1.056000000000000000e+03 2.276856707635608601e-01
1.061333399999999983e+03 2.134557445521068353e-01
1.066666600000000017e+03 2.131003622450093893e-01
1.072000000000000000e+03 2.213612539129567736e-01
1.077333399999999983e+03 2.307730987322411387e-01
1.082666600000000017e+03 2.366123768017871776e-01
1.088000000000000000e+03 2.345820750997456849e-01
1.093333399999999983e+03 2.293345678724166836e-01
1.098666600000000017e+03 2.191227206173854136e-01
1.104000000000000000e+03 2.021537710364751661e-01
1.109333399999999983e+03 1.798204801622470539e-01
1.114666600000000017e+03 1.517755768857037557e-01
1.120000000000000000e+03 1.144674142888697371e-01
1.125333399999999983e+03 7.837385448233800955e-02
1.130666600000000017e+03 4.340708968578833871e-02
1.136000000000000000e+03 1.739689767233542142e-02
1.141333399999999983e+03 8.877820857439780444e-03
1.146666600000000017e+03 1.973035768433630335e-02
1.152000000000000000e+03 4.207788198687444775e-02
1.157333399999999983e+03 7.377267037079064671e-02
1.162666600000000017e+03 1.008499382603754574e-01
1.168000000000000000e+03 1.213656222902926851e-01
1.173333399999999983e+03 1.391797163270912241e-01
1.178666600000000017e+03 1.599941783895222625e-01
1.184000000000000000e+03 1.837872994622331557e-01
1.189333399999999983e+03 2.170039851126918939e-01
1.194666600000000017e+03 2.485929036486571597e-01
1.200000000000000000e+03 2.792381714449939656e-01
1.205333399999999983e+03 3.123527144354161234e-01
1.210666600000000017e+03 3.519345794212877521e-01
1.216000000000000000e+03 4.046636703102720056e-01
1.221333399999999983e+03 4.803288947362945871e-01
1.226666600000000017e+03 5.654436171937513578e-01
1.232000000000000000e+03 6.387606907325750205e-01
1.237333399999999983e+03 6.804382986466636085e-01
1.242666600000000017e+03 6.799067836517526109e-01
1.248000000000000000e+03 6.479204179639497241e-01
1.253333399999999983e+03 6.115630619452646632e-01
1.258666600000000017e+03 5.933966335902426392e-01
1.264000000000000000e+03 5.898490497800275012e-01
1.269333399999999983e+03 5.907833635181203302e-01
1.274666600000000017e+03 5.835311061317010051e-01
1.280000000000000000e+03 5.610328925141560008e-01
1.285333399999999983e+03 5.332979136918670759e-01
1.290666600000000017e+03 5.235056742764714333e-01
1.296000000000000000e+03 5.337619677927558648e-01
1.301333399999999983e+03 5.587390372099955149e-01
1.306666600000000017e+03 5.895189840933175995e-01
1.312000000000000000e+03 6.122857538188832827e-01
1.317333399999999983e+03 6.209101419433227242e-01
1.322666600000000017e+03 6.209993047956580137e-01
1.328000000000000000e+03 6.076122397696660515e-01
1.333333399999999983e+03 5.810277832938045561e-01
1.338666600000000017e+03 5.397170123870611569e-01
1.344000000000000000e+03 4.855659709062422613e-01
1.349333399999999983e+03 4.248376815005177609e-01
1.354666600000000017e+03 3.686098807420756240e-01
1.360000000000000000e+03 3.220050539531594813e-01
1.365333399999999983e+03 2.982390543500610947e-01
1.370666600000000017e+03 2.923334484822236456e-01
1.376000000000000000e+03 3.013301913998314707e-01
1.381333399999999983e+03 3.199631074936247765e-01
1.386666600000000017e+03 3.413762799960828320e-01
1.392000000000000000e+03 3.643011478371320222e-01
1.397333399999999983e+03 3.923931006934763266e-01
1.402666600000000017e+03 4.181225485709191836e-01
1.408000000000000000e+03 4.404416272916931163e-01
1.413333399999999983e+03 4.579367621170303271e-01
1.418666600000000017e+03 4.873753282386665830e-01
1.424000000000000000e+03 5.580122214404058534e-01
1.429333399999999983e+03 6.770087691145213471e-01
1.434666600000000017e+03 8.231268666600846107e-01
1.440000000000000000e+03 9.487056606890080790e-01
1.445333399999999983e+03 1.000000000000000000e+00
1.450666600000000017e+03 9.669483111506831374e-01
1.456000000000000000e+03 8.689244565281416532e-01
1.461333399999999983e+03 7.300106409723036149e-01
1.466666600000000017e+03 5.779550615366993993e-01
1.472000000000000000e+03 4.269611787596314656e-01
1.477333399999999983e+03 2.882953142901650279e-01
1.482666600000000017e+03 1.781089658599445680e-01
1.488000000000000000e+03 1.013288642484657665e-01
1.493333399999999983e+03 5.011485244283017670e-02
1.498666600000000017e+03 2.183469413460373959e-02
1.504000000000000000e+03 1.243618822313848418e-02
1.509333399999999983e+03 1.946850753335935963e-02
1.514666600000000017e+03 3.735210118175082139e-02
1.520000000000000000e+03 5.686090848506195061e-02
1.525333399999999983e+03 7.101734508491228115e-02
1.530666600000000017e+03 8.397331427844176299e-02
1.536000000000000000e+03 1.050982850971603627e-01
1.541333399999999983e+03 1.319319127050606055e-01
1.546666600000000017e+03 1.572774644683236911e-01
1.552000000000000000e+03 1.738643885576967585e-01
1.557333399999999983e+03 1.813604173510236783e-01
1.562666600000000017e+03 1.863919623570049755e-01
1.568000000000000000e+03 2.022163736877632123e-01
1.573333399999999983e+03 2.230849911760255100e-01
1.578666600000000017e+03 2.488402533453205057e-01
1.584000000000000000e+03 2.767522575945752239e-01
1.589333399999999983e+03 3.015760792011944469e-01
1.594666600000000017e+03 3.219962603830635595e-01
1.600000000000000000e+03 3.398369129203644978e-01
1.605333399999999983e+03 3.500259274307063184e-01
1.610666600000000017e+03 3.606483562715098734e-01
1.616000000000000000e+03 3.813027687240289065e-01
1.621333399999999983e+03 4.101509484735568201e-01
1.626666600000000017e+03 4.473733153411255659e-01
1.632000000000000000e+03 4.951654050700275422e-01
1.637333399999999983e+03 5.569272502314789319e-01
1.642666600000000017e+03 6.314874522013926850e-01
1.648000000000000000e+03 7.166301263077445860e-01
1.653333399999999983e+03 7.979974821190581880e-01
1.658666600000000017e+03 8.546320830668229229e-01
1.664000000000000000e+03 8.660129990539369160e-01
1.669333399999999983e+03 8.275968977482388578e-01
1.674666600000000017e+03 7.404134575312383282e-01
1.680000000000000000e+03 6.160247936174704231e-01
1.685333399999999983e+03 4.793539744495972088e-01
1.690666600000000017e+03 3.495339574022038320e-01
1.696000000000000000e+03 2.336892242985676438e-01
1.701333399999999983e+03 1.427947581093662321e-01
1.706666600000000017e+03 7.839060155520716222e-02
1.712000000000000000e+03 3.495329708864999829e-02
1.717333399999999983e+03 1.623760067728967360e-02
1.722666600000000017e+03 1.885364768048714348e-02
1.728000000000000000e+03 2.996224879324810644e-02
1.733333399999999983e+03 4.233106959116079981e-02
1.738666600000000017e+03 4.785996721283596045e-02
1.744000000000000000e+03 4.522066705667321385e-02
1.749333399999999983e+03 4.186037670386243137e-02
1.754666600000000017e+03 3.808120277873711101e-02
1.760000000000000000e+03 3.192945416060351260e-02
1.765333399999999983e+03 2.748982551515758918e-02
1.770666600000000017e+03 2.319509070542070603e-02
1.776000000000000000e+03 2.359680086489727643e-02
1.781333399999999983e+03 2.661607408643772849e-02
1.786666600000000017e+03 2.575628787086835236e-02
1.792000000000000000e+03 2.054654273282931209e-02
1.797333399999999983e+03 1.470951154405497271e-02
1.802666600000000017e+03 1.021069569500212063e-02
