6.080000000000000000e+02 2.729030437886453830e-02
6.133333099999999831e+02 7.246353862021154280e-02
6.186666900000000169e+02 8.481379771982598681e-02
6.240000000000000000e+02 7.461235027319372548e-02
6.293333099999999831e+02 5.384276227927867198e-02
6.346666900000000169e+02 2.883620118330210841e-02
6.400000000000000000e+02 1.133253218321701034e-02
6.453333099999999831e+02 3.814263478456474121e-03
6.506666900000000169e+02 4.717452856641493435e-03
6.560000000000000000e+02 9.272270619099751490e-03
6.613333099999999831e+02 1.255721858466970868e-02
6.666666900000000169e+02 1.139970713740719351e-02
6.720000000000000000e+02 1.567544525858066348e-02
6.773333099999999831e+02 2.813036644905708011e-02
6.826666900000000169e+02 5.485544197021821611e-02
6.880000000000000000e+02 8.264370150741230658e-02
6.933333099999999831e+02 1.015993083782328887e-01
6.986666900000000169e+02 1.085503594498987978e-01
7.040000000000000000e+02 1.078783882428231700e-01
7.093333099999999831e+02 1.044298245106998202e-01
7.146666900000000169e+02 1.060372575125486799e-01
7.200000000000000000e+02 1.069531578110728270e-01
7.253333099999999831e+02 1.106062834108681447e-01
7.306666900000000169e+02 1.180423404981048308e-01
7.360000000000000000e+02 1.280006072168421993e-01
7.413333099999999831e+02 1.360144738511445128e-01
7.466666900000000169e+02 1.430241195543375254e-01
7.520000000000000000e+02 1.479649685257013181e-01
7.573333099999999831e+02 1.488102697203526337e-01
7.626666900000000169e+02 1.471902944440150740e-01
7.680000000000000000e+02 1.414319983652858881e-01
7.733333099999999831e+02 1.334435320365407462e-01
7.786666900000000169e+02 1.292339307698562589e-01
7.840000000000000000e+02 1.297740901580177464e-01
7.893333099999999831e+02 1.276767813578685296e-01
7.946666900000000169e+02 1.307463519450602074e-01
8.000000000000000000e+02 1.420404087147308925e-01
8.053333099999999831e+02 1.702862901956738173e-01
8.106666900000000169e+02 2.108150774092322766e-01
8.160000000000000000e+02 2.548051611530576799e-01
8.213333099999999831e+02 2.842933808758444925e-01
8.266666900000000169e+02 2.945634009778219098e-01
8.320000000000000000e+02 2.945531587990180000e-01
8.373333099999999831e+02 3.006648449465941786e-01
8.426666900000000169e+02 3.194890932788256865e-01
8.480000000000000000e+02 3.527739847451367150e-01
8.533333099999999831e+02 3.863143291607058494e-01
8.586666900000000169e+02 4.041194544868806915e-01
8.640000000000000000e+02 4.086453724400494480e-01
8.693333099999999831e+02 4.013014475329441666e-01
8.746666900000000169e+02 3.887232526398122223e-01
8.800000000000000000e+02 3.717822160126101894e-01
8.853333099999999831e+02 3.497303528021165064e-01
8.906666900000000169e+02 3.240292138080760886e-01
8.960000000000000000e+02 3.049908964777127141e-01
9.013333099999999831e+02 2.965040347853104552e-01
9.066666900000000169e+02 3.088158960444212231e-01
9.120000000000000000e+02 3.318159590337088627e-01
9.173333099999999831e+02 3.560259945815383853e-01
9.226666900000000169e+02 3.784341175665322798e-01
9.280000000000000000e+02 3.918459661815790751e-01
9.333333099999999831e+02 3.896485355900641823e-01
9.386666900000000169e+02 3.785466483887830469e-01
9.440000000000000000e+02 3.583248190521289844e-01
9.493333099999999831e+02 3.334594868748089191e-01
9.546666900000000169e+02 3.162071131818040004e-01
9.600000000000000000e+02 3.059057330672411146e-01
9.653333099999999831e+02 2.970973038451821258e-01
9.706666900000000169e+02 2.874760869436260302e-01
9.760000000000000000e+02 2.725034233762936298e-01
9.813333099999999831e+02 2.636167901048308559e-01
9.866666900000000169e+02 2.795272081212460957e-01
9.920000000000000000e+02 3.224258141467649663e-01
9.973333099999999831e+02 3.782042524590265020e-01
1.002666699999999992e+03 4.174149899439914546e-01
1.008000000000000000e+03 4.097630779790891187e-01
1.013333300000000008e+03 3.714443273285145675e-01
1.018666699999999992e+03 3.357847161653839119e-01
1.024000000000000000e+03 3.227324535907598047e-01
1.029333399999999983e+03 3.350576222877681420e-01
1.034666600000000017e+03 3.509432583172476527e-01
1.040000000000000000e+03 3.445529688642300359e-01
1.045333399999999983e+03 3.153540526786788867e-01
1.050666600000000017e+03 2.749496185018432959e-01
1.056000000000000000e+03 2.358443111380738311e-01
1.061333399999999983e+03 2.093520692966570895e-01
1.066666600000000017e+03 1.969873926600787251e-01
1.072000000000000000e+03 1.991056471573363906e-01
1.077333399999999983e+03 2.110024786311840150e-01
1.082666600000000017e+03 2.276094683707624577e-01
1.088000000000000000e+03 2.401665369203439260e-01
1.093333399999999983e+03 2.353271559912525068e-01
1.098666600000000017e+03 2.084168009801664334e-01
1.104000000000000000e+03 1.746847490479709053e-01
1.109333399999999983e+03 1.434962596650671551e-01
1.114666600000000017e+03 1.233239207018253791e-01
1.120000000000000000e+03 1.112622724701587962e-01
1.125333399999999983e+03 9.180387873722713199e-02
1.130666600000000017e+03 5.960449231548037990e-02
1.136000000000000000e+03 2.953500061052111159e-02
1.141333399999999983e+03 5.906490195185886902e-03
1.146666600000000017e+03 0.000000000000000000e+00
1.152000000000000000e+03 1.987326972316306659e-02
1.157333399999999983e+03 5.689205931535890048e-02
1.162666600000000017e+03 9.910513511163375477e-02
1.168000000000000000e+03 1.351437053692367829e-01
1.173333399999999983e+03 1.504840776191442853e-01
1.178666600000000017e+03 1.481163692551276390e-01
1.184000000000000000e+03 1.512800107029854679e-01
1.189333399999999983e+03 1.724713745502755857e-01
1.194666600000000017e+03 2.168959934836593717e-01
1.200000000000000000e+03 2.705125043434287169e-01
1.205333399999999983e+03 3.167680415432689855e-01
1.210666600000000017e+03 3.508988235408221912e-01
1.216000000000000000e+03 3.951965548073929635e-01
1.221333399999999983e+03 4.660190442795846266e-01
1.226666600000000017e+03 5.658156057945612494e-01
1.232000000000000000e+03 6.720754581278352013e-01
1.237333399999999983e+03 7.548384670820772469e-01
1.242666600000000017e+03 7.966451506768070789e-01
1.248000000000000000e+03 7.962813458757155294e-01
1.253333399999999983e+03 7.680221573645139577e-01
1.258666600000000017e+03 7.328417810867107196e-01
1.264000000000000000e+03 7.069777735122196871e-01
1.269333399999999983e+03 6.939205473943281799e-01
1.274666600000000017e+03 6.910799399341776006e-01
1.280000000000000000e+03 6.803723681204533191e-01
1.285333399999999983e+03 6.558869007114641603e-01
1.290666600000000017e+03 6.263972442879914837e-01
1.296000000000000000e+03 6.110939161509679751e-01
1.301333399999999983e+03 6.202738128785467708e-01
1.306666600000000017e+03 6.524035579323573808e-01
1.312000000000000000e+03 6.880909165201818389e-01
1.317333399999999983e+03 7.088882373970697426e-01
1.322666600000000017e+03 7.068789269448462198e-01
1.328000000000000000e+03 6.949093339896526000e-01
1.333333399999999983e+03 6.811445735975939497e-01
1.338666600000000017e+03 6.662687501675673696e-01
1.344000000000000000e+03 6.432132981356869506e-01
1.349333399999999983e+03 5.994991230970763141e-01
1.354666600000000017e+03 5.321024047848967875e-01
1.360000000000000000e+03 4.634816431682876603e-01
1.365333399999999983e+03 4.104298193967705899e-01
1.370666600000000017e+03 3.817025189057655088e-01
1.376000000000000000e+03 3.743621835410352316e-01
1.381333399999999983e+03 3.739929263704285245e-01
1.386666600000000017e+03 3.736346427908945889e-01
1.392000000000000000e+03 3.800326926328884691e-01
1.397333399999999983e+03 3.996570857243864072e-01
1.402666600000000017e+03 4.329139434647269469e-01
1.408000000000000000e+03 4.724090230056849915e-01
1.413333399999999983e+03 5.045145986183184883e-01
1.418666600000000017e+03 5.272469218693724979e-01
1.424000000000000000e+03 5.541955115396409726e-01
1.429333399999999983e+03 6.062390467958163054e-01
1.434666600000000017e+03 6.998803579699803823e-01
1.440000000000000000e+03 8.220204543494405991e-01
1.445333399999999983e+03 9.363445356997810443e-01
1.450666600000000017e+03 1.000000000000000000e+00
1.456000000000000000e+03 9.882206108126154742e-01
1.461333399999999983e+03 9.001989663498113359e-01
1.466666600000000017e+03 7.645472000856414763e-01
1.472000000000000000e+03 5.994550026769210893e-01
1.477333399999999983e+03 4.330806124963125781e-01
1.482666600000000017e+03 2.833994470645277985e-01
1.488000000000000000e+03 1.642454442393957714e-01
1.493333399999999983e+03 8.205501007528276380e-02
1.498666600000000017e+03 3.800962966456374048e-02
1.504000000000000000e+03 1.508434571945505703e-02
1.509333399999999983e+03 6.874823295295916584e-03
1.514666600000000017e+03 6.927254004507006624e-03
1.520000000000000000e+03 1.412683835345235860e-02
1.525333399999999983e+03 2.944785507893243198e-02
1.530666600000000017e+03 5.707908754067157753e-02
1.536000000000000000e+03 9.338970028668361345e-02
1.541333399999999983e+03 1.330900712293824062e-01
1.546666600000000017e+03 1.740651333239860432e-01
1.552000000000000000e+03 2.107916232648341659e-01
1.557333399999999983e+03 2.404274407941390523e-01
1.562666600000000017e+03 2.746549067914266229e-01
1.568000000000000000e+03 3.134457063290005396e-01
1.573333399999999983e+03 3.528842853522957124e-01
1.578666600000000017e+03 3.924639620356120684e-01
1.584000000000000000e+03 4.284162778282934458e-01
1.589333399999999983e+03 4.569256415138901462e-01
1.594666600000000017e+03 4.860524513242683309e-01
1.600000000000000000e+03 5.158872049597568177e-01
1.605333399999999983e+03 5.440144801702109234e-01
1.610666600000000017e+03 5.667041890547890315e-01
1.616000000000000000e+03 5.760690594686497246e-01
1.621333399999999983e+03 5.629499522833834035e-01
1.626666600000000017e+03 5.377800792505407212e-01
1.632000000000000000e+03 5.226824326451767755e-01
1.637333399999999983e+03 5.355448325019050992e-01
1.642666600000000017e+03 5.841341940337095862e-01
1.648000000000000000e+03 6.588373938592655410e-01
1.653333399999999983e+03 7.430170718777860950e-01
1.658666600000000017e+03 8.238217569085771741e-01
1.664000000000000000e+03 8.849924545672748222e-01
1.669333399999999983e+03 9.014381082212777896e-01
1.674666600000000017e+03 8.598934815267155196e-01
1.680000000000000000e+03 7.639749698554599844e-01
1.685333399999999983e+03 6.320066459572696305e-01
1.690666600000000017e+03 4.889373590997341257e-01
1.696000000000000000e+03 3.536947790438579320e-01
1.701333399999999983e+03 2.322524268619894638e-01
1.706666600000000017e+03 1.334679329134337566e-01
1.712000000000000000e+03 6.729018026020446019e-02
1.717333399999999983e+03 3.204759204534837064e-02
1.722666600000000017e+03 1.820515566616931133e-02
1.728000000000000000e+03 1.554652355203784558e-02
1.733333399999999983e+03 1.394440667426027208e-02
1.738666600000000017e+03 8.769609236317883055e-03
1.744000000000000000e+03 5.423249232197434669e-03
1.749333399999999983e+03 6.097895901637400036e-03
1.754666600000000017e+03 6.517639064544591444e-03
1.760000000000000000e+03 8.558305592774834852e-03
1.765333399999999983e+03 1.205120527073701327e-02
1.770666600000000017e+03 1.290098973735774937e-02
1.776000000000000000e+03 1.450203367685979315e-02
1.781333399999999983e+03 1.688499773803666532e-02
1.786666600000000017e+03 1.728904880930039883e-02
1.792000000000000000e+03 1.935241848603919124e-02
1.797333399999999983e+03 2.400033479548648735e-02
1.802666600000000017e+03 3.247567085895360778e-02
