6.080000000000000000e+02 2.697236926315602773e-02
6.133333099999999831e+02 4.730949942897768462e-02
6.186666900000000169e+02 5.221540074886829585e-02
6.240000000000000000e+02 4.770821694386712802e-02
6.293333099999999831e+02 4.226195092011224980e-02
6.346666900000000169e+02 3.738820914293169984e-02
6.400000000000000000e+02 3.412869204782136012e-02
6.453333099999999831e+02 2.571681343218142762e-02
6.506666900000000169e+02 1.467852381532373102e-02
6.560000000000000000e+02 4.729813404813135516e-03
6.613333099999999831e+02 0.000000000000000000e+00
6.666666900000000169e+02 7.938477550676623432e-04
6.720000000000000000e+02 9.351256888524839272e-03
6.773333099999999831e+02 1.997451147630460722e-02
6.826666900000000169e+02 3.753727906740268044e-02
6.880000000000000000e+02 5.787985980357292920e-02
6.933333099999999831e+02 7.564287833988023180e-02
6.986666900000000169e+02 8.516979123497146753e-02
7.040000000000000000e+02 8.320635554159283576e-02
7.093333099999999831e+02 7.417538037623193359e-02
7.146666900000000169e+02 7.114214845990959879e-02
7.200000000000000000e+02 7.466081716928779644e-02
7.253333099999999831e+02 8.410524676436086089e-02
7.306666900000000169e+02 9.036375164873969301e-02
7.360000000000000000e+02 9.243783968905984472e-02
7.413333099999999831e+02 9.231658251389580905e-02
7.466666900000000169e+02 9.313158259779677484e-02
7.520000000000000000e+02 9.504823067812812054e-02
7.573333099999999831e+02 9.794682034505894364e-02
7.626666900000000169e+02 9.480193220835349266e-02
7.680000000000000000e+02 9.106287958867662069e-02
7.733333099999999831e+02 8.624597263698834115e-02
7.786666900000000169e+02 7.988015955035983329e-02
7.840000000000000000e+02 7.490017480714622478e-02
7.893333099999999831e+02 7.657970602815528105e-02
7.946666900000000169e+02 8.473690633946266704e-02
8.000000000000000000e+02 1.009331901862406539e-01
8.053333099999999831e+02 1.248766775794442480e-01
8.106666900000000169e+02 1.553022939552244630e-01
8.160000000000000000e+02 1.905108243153666170e-01
8.213333099999999831e+02 2.278077064510459215e-01
8.266666900000000169e+02 2.568659598067039029e-01
8.320000000000000000e+02 2.704319296739112755e-01
8.373333099999999831e+02 2.764419099032887073e-01
8.426666900000000169e+02 2.875992752380955864e-01
8.480000000000000000e+02 3.091961585107662613e-01
8.533333099999999831e+02 3.338662523792549353e-01
8.586666900000000169e+02 3.488128557360288262e-01
8.640000000000000000e+02 3.461346336001024371e-01
8.693333099999999831e+02 3.335676614098522230e-01
8.746666900000000169e+02 3.230560817253292916e-01
8.800000000000000000e+02 3.170495590778714678e-01
8.853333099999999831e+02 3.129399260797939286e-01
8.906666900000000169e+02 3.091523517203335070e-01
8.960000000000000000e+02 3.028483858634502535e-01
9.013333099999999831e+02 3.001401181484075753e-01
9.066666900000000169e+02 3.083412758932838060e-01
9.120000000000000000e+02 3.259844045867740236e-01
9.173333099999999831e+02 3.491832519048913008e-01
9.226666900000000169e+02 3.676120756705398840e-01
9.280000000000000000e+02 3.742137744707983993e-01
9.333333099999999831e+02 3.703705574869814998e-01
9.386666900000000169e+02 3.654578208416850438e-01
9.440000000000000000e+02 3.654436931988841453e-01
9.493333099999999831e+02 3.696911057430773972e-01
9.546666900000000169e+02 3.684296754761546278e-01
9.600000000000000000e+02 3.576983252966711713e-01
9.653333099999999831e+02 3.350577768379981447e-01
9.706666900000000169e+02 3.078630822033912029e-01
9.760000000000000000e+02 2.816263104070300116e-01
9.813333099999999831e+02 2.767400940679280996e-01
9.866666900000000169e+02 3.077823235061779017e-01
9.920000000000000000e+02 3.746895396409682388e-01
9.973333099999999831e+02 4.535691713789405388e-01
1.002666699999999992e+03 5.068555269905323790e-01
1.008000000000000000e+03 4.999071906369884633e-01
1.013333300000000008e+03 4.531751271062870456e-01
1.018666699999999992e+03 4.015028859469836897e-01
1.024000000000000000e+03 3.750489508779055736e-01
1.029333399999999983e+03 3.800929406772665664e-01
1.034666600000000017e+03 3.929080127191808547e-01
1.040000000000000000e+03 3.870902604649553713e-01
1.045333399999999983e+03 3.640355450617774324e-01
1.050666600000000017e+03 3.281040851609006159e-01
1.056000000000000000e+03 2.925923567795808977e-01
1.061333399999999983e+03 2.723797605889894391e-01
1.066666600000000017e+03 2.645432784590107667e-01
1.072000000000000000e+03 2.645731901553217691e-01
1.077333399999999983e+03 2.715098742896135953e-01
1.082666600000000017e+03 2.752600868426142711e-01
1.088000000000000000e+03 2.716621644551303616e-01
1.093333399999999983e+03 2.673273718691446810e-01
1.098666600000000017e+03 2.555621436524188050e-01
1.104000000000000000e+03 2.362311085953223699e-01
1.109333399999999983e+03 2.167004221082449722e-01
1.114666600000000017e+03 1.946208817058796836e-01
1.120000000000000000e+03 1.649167643183558629e-01
1.125333399999999983e+03 1.297696354622361881e-01
1.130666600000000017e+03 8.353821155016967481e-02
1.136000000000000000e+03 3.764712339545570746e-02
1.141333399999999983e+03 9.097036652643955557e-03
1.146666600000000017e+03 4.206085860660010306e-03
1.152000000000000000e+03 2.253545367500440003e-02
1.157333399999999983e+03 5.658193651420914683e-02
1.162666600000000017e+03 8.913168755886825834e-02
1.168000000000000000e+03 1.132241378538149934e-01
1.173333399999999983e+03 1.252333256540822115e-01
1.178666600000000017e+03 1.238123958307720957e-01
1.184000000000000000e+03 1.244176203184833018e-01
1.189333399999999983e+03 1.395617365210513605e-01
1.194666600000000017e+03 1.755073101908822542e-01
1.200000000000000000e+03 2.305520963457015904e-01
1.205333399999999983e+03 2.916952396230407252e-01
1.210666600000000017e+03 3.461188835264377706e-01
1.216000000000000000e+03 3.995666393506124847e-01
1.221333399999999983e+03 4.622087677513140869e-01
1.226666600000000017e+03 5.405816351239669526e-01
1.232000000000000000e+03 6.284733479453747940e-01
1.237333399999999983e+03 7.027915970847218308e-01
1.242666600000000017e+03 7.428529091756537195e-01
1.248000000000000000e+03 7.489419414096385452e-01
1.253333399999999983e+03 7.329151630279977514e-01
1.258666600000000017e+03 7.084343362646738917e-01
1.264000000000000000e+03 6.862968177053224705e-01
1.269333399999999983e+03 6.635230639746723114e-01
1.274666600000000017e+03 6.341716209391202730e-01
1.280000000000000000e+03 6.050058606870852840e-01
1.285333399999999983e+03 5.812291412798684664e-01
1.290666600000000017e+03 5.662590788268107023e-01
1.296000000000000000e+03 5.652793073673803015e-01
1.301333399999999983e+03 5.791908253875047707e-01
1.306666600000000017e+03 5.993484851187781404e-01
1.312000000000000000e+03 6.263025021554560201e-01
1.317333399999999983e+03 6.563869813456191249e-01
1.322666600000000017e+03 6.804596041072165091e-01
1.328000000000000000e+03 6.961666375155216580e-01
1.333333399999999983e+03 6.973856130609492610e-01
1.338666600000000017e+03 6.706852377858021352e-01
1.344000000000000000e+03 6.197691094431161396e-01
1.349333399999999983e+03 5.483337783662490805e-01
1.354666600000000017e+03 4.664377506205519830e-01
1.360000000000000000e+03 3.950102860187916787e-01
1.365333399999999983e+03 3.439301360951373399e-01
1.370666600000000017e+03 3.167569032395129991e-01
1.376000000000000000e+03 3.141502980439623838e-01
1.381333399999999983e+03 3.218793783167335776e-01
1.386666600000000017e+03 3.359362286568596812e-01
1.392000000000000000e+03 3.544209937257098986e-01
1.397333399999999983e+03 3.733753724570338939e-01
1.402666600000000017e+03 3.952883200754925275e-01
1.408000000000000000e+03 4.170145501495675644e-01
1.413333399999999983e+03 4.302256132172475045e-01
1.418666600000000017e+03 4.395954938926975863e-01
1.424000000000000000e+03 4.643725220382043939e-01
1.429333399999999983e+03 5.247849408463086673e-01
1.434666600000000017e+03 6.366611006886419011e-01
1.440000000000000000e+03 7.843485449100405793e-01
1.445333399999999983e+03 9.239996725652828147e-01
1.450666600000000017e+03 9.999999999999997780e-01
1.456000000000000000e+03 9.931079821736590318e-01
1.461333399999999983e+03 9.047573235120237589e-01
1.466666600000000017e+03 7.617744454029261592e-01
1.472000000000000000e+03 5.961014837795490795e-01
1.477333399999999983e+03 4.341680116267056522e-01
1.482666600000000017e+03 2.845066152590206565e-01
1.488000000000000000e+03 1.671823256523819190e-01
1.493333399999999983e+03 8.605371740693462668e-02
1.498666600000000017e+03 3.631093451725875970e-02
1.504000000000000000e+03 1.153040361275313105e-02
1.509333399999999983e+03 3.552330456208943263e-03
1.514666600000000017e+03 2.006060848631042656e-03
1.520000000000000000e+03 9.168039022465268584e-03
1.525333399999999983e+03 2.535763576345576725e-02
1.530666600000000017e+03 4.524211686040908315e-02
1.536000000000000000e+03 6.280922703321326073e-02
1.541333399999999983e+03 7.720522927055774309e-02
1.546666600000000017e+03 9.272744731159919540e-02
1.552000000000000000e+03 1.155906788666836160e-01
1.557333399999999983e+03 1.429775949259232126e-01
1.562666600000000017e+03 1.715514153573689804e-01
1.568000000000000000e+03 1.933577967671536446e-01
1.573333399999999983e+03 2.075362894359794597e-01
1.578666600000000017e+03 2.160967349251115555e-01
1.584000000000000000e+03 2.240800458234535331e-01
1.589333399999999983e+03 2.318369187405028287e-01
1.594666600000000017e+03 2.502846372748428472e-01
1.600000000000000000e+03 2.831298530266346258e-01
1.605333399999999983e+03 3.259116216586145920e-01
1.610666600000000017e+03 3.636011434547788412e-01
1.616000000000000000e+03 3.893841169182626905e-01
1.621333399999999983e+03 4.062592852923777587e-01
1.626666600000000017e+03 4.240527065033036780e-01
1.632000000000000000e+03 4.549427354498066789e-01
1.637333399999999983e+03 5.048494214085330611e-01
1.642666600000000017e+03 5.683791020196165000e-01
1.648000000000000000e+03 6.491762644518536129e-01
1.653333399999999983e+03 7.490084876341411846e-01
1.658666600000000017e+03 8.525636241056386844e-01
1.664000000000000000e+03 9.366048514709574002e-01
1.669333399999999983e+03 9.732044241124027106e-01
1.674666600000000017e+03 9.377802731951588866e-01
1.680000000000000000e+03 8.368376078709890420e-01
1.685333399999999983e+03 6.954593024770779897e-01
1.690666600000000017e+03 5.414904365962938115e-01
1.696000000000000000e+03 3.962851323284105609e-01
1.701333399999999983e+03 2.720319827650574118e-01
1.706666600000000017e+03 1.717406748138158579e-01
1.712000000000000000e+03 9.876898554064197921e-02
1.717333399999999983e+03 5.255416743849656430e-02
1.722666600000000017e+03 2.742877757447934051e-02
1.728000000000000000e+03 1.465811521260866959e-02
1.733333399999999983e+03 8.701963310942880878e-03
1.738666600000000017e+03 7.774422706053481756e-03
1.744000000000000000e+03 1.052677599422005908e-02
1.749333399999999983e+03 1.396598411120760982e-02
1.754666600000000017e+03 1.403507104865323388e-02
1.760000000000000000e+03 1.171809215013486227e-02
1.765333399999999983e+03 1.055379977009857778e-02
1.770666600000000017e+03 1.335621726907564727e-02
1.776000000000000000e+03 2.102126609391250997e-02
1.781333399999999983e+03 2.844401613748439792e-02
1.786666600000000017e+03 2.960228627735568205e-02
1.792000000000000000e+03 2.469362316383489839e-02
1.797333399999999983e+03 1.528634098691175613e-02
1.802666600000000017e+03 1.982750939373240789e-03
