6.080000000000000000e+02 4.760244553344755714e-02
6.133333099999999831e+02 1.404868562593052789e-02
6.186666900000000169e+02 7.950126411640338203e-03
6.240000000000000000e+02 1.727140754734882849e-02
6.293333099999999831e+02 2.680772793319502467e-02
6.346666900000000169e+02 2.809981981221592456e-02
6.400000000000000000e+02 1.787764710052900177e-02
6.453333099999999831e+02 6.566304643224093150e-03
6.506666900000000169e+02 0.000000000000000000e+00
6.560000000000000000e+02 2.219741408764771065e-03
6.613333099999999831e+02 1.013614293511530713e-02
6.666666900000000169e+02 1.968995549320057964e-02
6.720000000000000000e+02 2.381441002100450482e-02
6.773333099999999831e+02 3.394369218277186462e-02
6.826666900000000169e+02 4.811596752843456948e-02
6.880000000000000000e+02 6.544318272264749992e-02
6.933333099999999831e+02 8.284008143434169746e-02
6.986666900000000169e+02 9.142523804664028086e-02
7.040000000000000000e+02 8.640501466106968731e-02
7.093333099999999831e+02 8.017719874132679669e-02
7.146666900000000169e+02 7.349004926549874972e-02
7.200000000000000000e+02 7.056742590691307548e-02
7.253333099999999831e+02 7.476594609418350801e-02
7.306666900000000169e+02 8.341115436559035090e-02
7.360000000000000000e+02 9.465718827500207988e-02
7.413333099999999831e+02 1.063521050738650692e-01
7.466666900000000169e+02 1.110419497254103854e-01
7.520000000000000000e+02 1.039735579673632532e-01
7.573333099999999831e+02 8.790040596529268002e-02
7.626666900000000169e+02 7.092581303166799189e-02
7.680000000000000000e+02 6.285154710428847435e-02
7.733333099999999831e+02 6.668496293080439230e-02
7.786666900000000169e+02 8.003738488243081206e-02
7.840000000000000000e+02 9.373494368127813225e-02
7.893333099999999831e+02 1.013083410645782140e-01
7.946666900000000169e+02 1.057291408107739056e-01
8.000000000000000000e+02 1.155689532746384113e-01
8.053333099999999831e+02 1.413067476763173458e-01
8.106666900000000169e+02 1.842189160514494106e-01
8.160000000000000000e+02 2.310068337950648143e-01
8.213333099999999831e+02 2.657311994414565670e-01
8.266666900000000169e+02 2.765157089100223620e-01
8.320000000000000000e+02 2.687689617642138318e-01
8.373333099999999831e+02 2.654727729995734475e-01
8.426666900000000169e+02 2.812391612650710915e-01
8.480000000000000000e+02 3.094550176644782491e-01
8.533333099999999831e+02 3.356930232485454413e-01
8.586666900000000169e+02 3.419502106291633092e-01
8.640000000000000000e+02 3.317415670758239732e-01
8.693333099999999831e+02 3.241751832209732731e-01
8.746666900000000169e+02 3.220003100284401509e-01
8.800000000000000000e+02 3.194331753478028557e-01
8.853333099999999831e+02 3.098882204924213180e-01
8.906666900000000169e+02 2.898953692020345696e-01
8.960000000000000000e+02 2.690427393076236240e-01
9.013333099999999831e+02 2.635366694678165644e-01
9.066666900000000169e+02 2.756197783226889131e-01
9.120000000000000000e+02 3.038044138826300755e-01
9.173333099999999831e+02 3.384065868224059304e-01
9.226666900000000169e+02 3.681645133568939299e-01
9.280000000000000000e+02 3.790538160228106856e-01
9.333333099999999831e+02 3.699542704337014376e-01
9.386666900000000169e+02 3.533934373275692820e-01
9.440000000000000000e+02 3.366956785796859086e-01
9.493333099999999831e+02 3.255819702889241052e-01
9.546666900000000169e+02 3.231806471411005077e-01
9.600000000000000000e+02 3.199430990632152194e-01
9.653333099999999831e+02 3.103425626453556463e-01
9.706666900000000169e+02 2.974971429905218789e-01
9.760000000000000000e+02 2.772913116289293933e-01
9.813333099999999831e+02 2.681455882549008685e-01
9.866666900000000169e+02 2.858847587697371795e-01
9.920000000000000000e+02 3.318158209513278334e-01
9.973333099999999831e+02 3.885347201472993395e-01
1.002666699999999992e+03 4.253835522933077651e-01
1.008000000000000000e+03 4.162409211662221331e-01
1.013333300000000008e+03 3.843837669750892472e-01
1.018666699999999992e+03 3.552687691122159430e-01
1.024000000000000000e+03 3.471181533118448681e-01
1.029333399999999983e+03 3.543175425893644870e-01
1.034666600000000017e+03 3.512726380640314727e-01
1.040000000000000000e+03 3.247081277676078792e-01
1.045333399999999983e+03 2.874702819207974880e-01
1.050666600000000017e+03 2.500636133050878618e-01
1.056000000000000000e+03 2.219964650746400481e-01
1.061333399999999983e+03 2.082271386743729524e-01
1.066666600000000017e+03 2.039584456954821878e-01
1.072000000000000000e+03 2.155374025688747142e-01
1.077333399999999983e+03 2.409161742770959125e-01
1.082666600000000017e+03 2.651950333752835509e-01
1.088000000000000000e+03 2.728085589346898598e-01
1.093333399999999983e+03 2.603666527636649963e-01
1.098666600000000017e+03 2.267464969311165368e-01
1.104000000000000000e+03 1.899517155584911632e-01
1.109333399999999983e+03 1.695425340419337012e-01
1.114666600000000017e+03 1.648041842761223674e-01
1.120000000000000000e+03 1.654784671906456006e-01
1.125333399999999983e+03 1.591046565368421928e-01
1.130666600000000017e+03 1.263898287602580883e-01
1.136000000000000000e+03 7.404835668787553005e-02
1.141333399999999983e+03 2.934769908281384398e-02
1.146666600000000017e+03 7.865000089329830454e-03
1.152000000000000000e+03 1.805394949586301701e-02
1.157333399999999983e+03 5.688645924772367524e-02
1.162666600000000017e+03 1.005343967834164409e-01
1.168000000000000000e+03 1.361644551491631716e-01
1.173333399999999983e+03 1.590520429180020401e-01
1.178666600000000017e+03 1.595392867761608879e-01
1.184000000000000000e+03 1.509218942460294477e-01
1.189333399999999983e+03 1.536845765172345779e-01
1.194666600000000017e+03 1.722960051472854637e-01
1.200000000000000000e+03 2.125668666474271051e-01
1.205333399999999983e+03 2.669216017669391317e-01
1.210666600000000017e+03 3.159470196826061894e-01
1.216000000000000000e+03 3.729010557333149456e-01
1.221333399999999983e+03 4.464244898446070309e-01
1.226666600000000017e+03 5.333076199724104960e-01
1.232000000000000000e+03 6.231508772473692837e-01
1.237333399999999983e+03 6.957624853406911836e-01
1.242666600000000017e+03 7.289288840823010540e-01
1.248000000000000000e+03 7.288213395752159984e-01
1.253333399999999983e+03 7.054739736614235035e-01
1.258666600000000017e+03 6.756741475050822565e-01
1.264000000000000000e+03 6.471123973772531235e-01
1.269333399999999983e+03 6.290162297247063883e-01
1.274666600000000017e+03 6.136657554754517685e-01
1.280000000000000000e+03 5.954319318862336674e-01
1.285333399999999983e+03 5.749757796176296898e-01
1.290666600000000017e+03 5.588366999238422173e-01
1.296000000000000000e+03 5.533640072038560342e-01
1.301333399999999983e+03 5.696687874892605308e-01
1.306666600000000017e+03 5.992838724425624264e-01
1.312000000000000000e+03 6.277653374850443724e-01
1.317333399999999983e+03 6.486128288617554194e-01
1.322666600000000017e+03 6.605414598370001888e-01
1.328000000000000000e+03 6.631414684491391265e-01
1.333333399999999983e+03 6.552164068103424333e-01
1.338666600000000017e+03 6.306140802898539954e-01
1.344000000000000000e+03 5.830300364125245993e-01
1.349333399999999983e+03 5.198615947133641280e-01
1.354666600000000017e+03 4.523268274344373063e-01
1.360000000000000000e+03 3.908982408853802770e-01
1.365333399999999983e+03 3.429515596872946825e-01
1.370666600000000017e+03 3.117095527093921570e-01
1.376000000000000000e+03 2.983814047682120663e-01
1.381333399999999983e+03 3.025494749643869441e-01
1.386666600000000017e+03 3.167457780852228066e-01
1.392000000000000000e+03 3.371212767954506195e-01
1.397333399999999983e+03 3.619093012181864855e-01
1.402666600000000017e+03 3.891562525815122076e-01
1.408000000000000000e+03 4.147440297555782807e-01
1.413333399999999983e+03 4.350323174179614449e-01
1.418666600000000017e+03 4.520307568269005261e-01
1.424000000000000000e+03 4.797201924191577538e-01
1.429333399999999983e+03 5.358759453539241324e-01
1.434666600000000017e+03 6.357006620927315721e-01
1.440000000000000000e+03 7.626721756340831826e-01
1.445333399999999983e+03 8.960755561654145662e-01
1.450666600000000017e+03 9.880125915906089462e-01
1.456000000000000000e+03 9.999999999999998890e-01
1.461333399999999983e+03 9.186857368458947182e-01
1.466666600000000017e+03 7.706668331809161110e-01
1.472000000000000000e+03 5.844128700608461902e-01
1.477333399999999983e+03 4.146844817191887023e-01
1.482666600000000017e+03 2.721200076811015611e-01
1.488000000000000000e+03 1.645755742675735767e-01
1.493333399999999983e+03 9.081683793555125894e-02
1.498666600000000017e+03 5.060051004441061540e-02
1.504000000000000000e+03 2.921953952360996365e-02
1.509333399999999983e+03 1.920156877954663083e-02
1.514666600000000017e+03 9.604961222518842295e-03
1.520000000000000000e+03 3.989510520081173371e-03
1.525333399999999983e+03 1.027892464082306480e-02
1.530666600000000017e+03 3.899288410071497651e-02
1.536000000000000000e+03 8.287529720665694211e-02
1.541333399999999983e+03 1.275793735499780868e-01
1.546666600000000017e+03 1.683286294503044955e-01
1.552000000000000000e+03 1.933811247248332366e-01
1.557333399999999983e+03 2.037520687605280101e-01
1.562666600000000017e+03 2.093594871255820833e-01
1.568000000000000000e+03 2.084078217906623898e-01
1.573333399999999983e+03 2.096536767905488041e-01
1.578666600000000017e+03 2.219245543614797589e-01
1.584000000000000000e+03 2.410318207186754325e-01
1.589333399999999983e+03 2.690554344114662877e-01
1.594666600000000017e+03 3.060707068042021195e-01
1.600000000000000000e+03 3.444061679101966256e-01
1.605333399999999983e+03 3.799214794518353533e-01
1.610666600000000017e+03 3.990200365432716167e-01
1.616000000000000000e+03 4.011427743459330397e-01
1.621333399999999983e+03 4.001681012624337397e-01
1.626666600000000017e+03 4.104960017953424023e-01
1.632000000000000000e+03 4.470171813872667599e-01
1.637333399999999983e+03 5.058962973954772568e-01
1.642666600000000017e+03 5.736264282098576528e-01
1.648000000000000000e+03 6.476497125466504912e-01
1.653333399999999983e+03 7.346366908120041117e-01
1.658666600000000017e+03 8.246586058270345410e-01
1.664000000000000000e+03 8.999694360243781777e-01
1.669333399999999983e+03 9.296940946806142581e-01
1.674666600000000017e+03 8.921741322298505361e-01
1.680000000000000000e+03 7.855475985870915556e-01
1.685333399999999983e+03 6.403272233009229542e-01
1.690666600000000017e+03 4.871436258725403978e-01
1.696000000000000000e+03 3.502026311009072135e-01
1.701333399999999983e+03 2.377137482347622122e-01
1.706666600000000017e+03 1.470245442614254994e-01
1.712000000000000000e+03 7.584524596981845335e-02
1.717333399999999983e+03 3.213687876439316055e-02
1.722666600000000017e+03 1.675050972202764277e-02
1.728000000000000000e+03 2.028629849145675498e-02
1.733333399999999983e+03 2.595154302631912102e-02
1.738666600000000017e+03 1.974419000531702287e-02
1.744000000000000000e+03 7.272146707749522349e-03
1.749333399999999983e+03 8.933379542935236672e-04
1.754666600000000017e+03 4.247870612595733633e-03
1.760000000000000000e+03 1.763827358258084760e-02
1.765333399999999983e+03 3.496880753199534814e-02
1.770666600000000017e+03 4.794222597678885617e-02
1.776000000000000000e+03 6.165677441230393852e-02
1.781333399999999983e+03 7.284784403513897000e-02
1.786666600000000017e+03 7.564951042255387004e-02
1.792000000000000000e+03 7.173251794994099650e-02
1.797333399999999983e+03 6.044805425300706775e-02
1.802666600000000017e+03 4.134596853591959720e-02
