6.080000000000000000e+02 1.090113915284042778e-01
6.133333099999999831e+02 7.355163044426323016e-02
6.186666900000000169e+02 6.690641849824802145e-02
6.240000000000000000e+02 7.691007807887298431e-02
6.293333099999999831e+02 8.860876129789338473e-02
6.346666900000000169e+02 9.270161567556345350e-02
6.400000000000000000e+02 8.701312299626150215e-02
6.453333099999999831e+02 6.759939498510403322e-02
6.506666900000000169e+02 3.980246343941835213e-02
6.560000000000000000e+02 1.575030791061662189e-02
6.613333099999999831e+02 0.000000000000000000e+00
6.666666900000000169e+02 1.610894655025792155e-03
6.720000000000000000e+02 2.502976643108436108e-02
6.773333099999999831e+02 5.871413141694658416e-02
6.826666900000000169e+02 8.790776402035541115e-02
6.880000000000000000e+02 1.098594897174171581e-01
6.933333099999999831e+02 1.246434733289998320e-01
6.986666900000000169e+02 1.387895123075132409e-01
7.040000000000000000e+02 1.543836850495459434e-01
7.093333099999999831e+02 1.671005611490156695e-01
7.146666900000000169e+02 1.654140374588962958e-01
7.200000000000000000e+02 1.655980923764052704e-01
7.253333099999999831e+02 1.652296151052457251e-01
7.306666900000000169e+02 1.650425497299693733e-01
7.360000000000000000e+02 1.580700395096439337e-01
7.413333099999999831e+02 1.407841464094908568e-01
7.466666900000000169e+02 1.148954031505593082e-01
7.520000000000000000e+02 9.773437877266495655e-02
7.573333099999999831e+02 8.944691411950850268e-02
7.626666900000000169e+02 9.424951426428061774e-02
7.680000000000000000e+02 1.046007648026107406e-01
7.733333099999999831e+02 1.078470009208547103e-01
7.786666900000000169e+02 1.046170335770086057e-01
7.840000000000000000e+02 9.584884950137173565e-02
7.893333099999999831e+02 9.197652584604409931e-02
7.946666900000000169e+02 1.097625772797806570e-01
8.000000000000000000e+02 1.507368671701868612e-01
8.053333099999999831e+02 1.918152401927281370e-01
8.106666900000000169e+02 2.245092037703226850e-01
8.160000000000000000e+02 2.417630860549765948e-01
8.213333099999999831e+02 2.572943225031664727e-01
8.266666900000000169e+02 2.778012733619181773e-01
8.320000000000000000e+02 3.033520433876930600e-01
8.373333099999999831e+02 3.232658112181279186e-01
8.426666900000000169e+02 3.358159731043292573e-01
8.480000000000000000e+02 3.432127847676667010e-01
8.533333099999999831e+02 3.540695062924078540e-01
8.586666900000000169e+02 3.556497022234879068e-01
8.640000000000000000e+02 3.441606630604121531e-01
8.693333099999999831e+02 3.266490218316432936e-01
8.746666900000000169e+02 3.060283500349685881e-01
8.800000000000000000e+02 2.893963652002663478e-01
8.853333099999999831e+02 2.808780977108693011e-01
8.906666900000000169e+02 2.735315382305972820e-01
8.960000000000000000e+02 2.636133153525047623e-01
9.013333099999999831e+02 2.591804877018615838e-01
9.066666900000000169e+02 2.619948494035834741e-01
9.120000000000000000e+02 2.775943242927450538e-01
9.173333099999999831e+02 3.016767314238522624e-01
9.226666900000000169e+02 3.294410061300598325e-01
9.280000000000000000e+02 3.493100597387278072e-01
9.333333099999999831e+02 3.545942409776650650e-01
9.386666900000000169e+02 3.473613292300145039e-01
9.440000000000000000e+02 3.390077317229061027e-01
9.493333099999999831e+02 3.305966935421439934e-01
9.546666900000000169e+02 3.281861815686956674e-01
9.600000000000000000e+02 3.299929680423410727e-01
9.653333099999999831e+02 3.239927101091952255e-01
9.706666900000000169e+02 3.060582288048923627e-01
9.760000000000000000e+02 2.762259293102598545e-01
9.813333099999999831e+02 2.470492166390171884e-01
9.866666900000000169e+02 2.479282682152822992e-01
9.920000000000000000e+02 2.956041249895454137e-01
9.973333099999999831e+02 3.738657238092796264e-01
1.002666699999999992e+03 4.445848121012294651e-01
1.008000000000000000e+03 4.579663234724876686e-01
1.013333300000000008e+03 4.102337320857618597e-01
1.018666699999999992e+03 3.409637299383907472e-01
1.024000000000000000e+03 2.856526326297430529e-01
1.029333399999999983e+03 2.637419028450358471e-01
1.034666600000000017e+03 2.701178872713818069e-01
1.040000000000000000e+03 2.694515877824308903e-01
1.045333399999999983e+03 2.495614471965689474e-01
1.050666600000000017e+03 2.165021997823826372e-01
1.056000000000000000e+03 1.715957043186118469e-01
1.061333399999999983e+03 1.323016605728339345e-01
1.066666600000000017e+03 1.172498877825279562e-01
1.072000000000000000e+03 1.195379223706620475e-01
1.077333399999999983e+03 1.353114204553662603e-01
1.082666600000000017e+03 1.557598956491630104e-01
1.088000000000000000e+03 1.707614030824566587e-01
1.093333399999999983e+03 1.693494718551299405e-01
1.098666600000000017e+03 1.560289381057847480e-01
1.104000000000000000e+03 1.293173716120741557e-01
1.109333399999999983e+03 1.062382799616893719e-01
1.114666600000000017e+03 1.007511864801503981e-01
1.120000000000000000e+03 1.165880445288708933e-01
1.125333399999999983e+03 1.266691877309268355e-01
1.130666600000000017e+03 1.214629282337163080e-01
1.136000000000000000e+03 8.803450327841737255e-02
1.141333399999999983e+03 4.489750549267639695e-02
1.146666600000000017e+03 1.505642818128443035e-02
1.152000000000000000e+03 1.161543640953329425e-02
1.157333399999999983e+03 2.998117341478040432e-02
1.162666600000000017e+03 7.012835784742207923e-02
1.168000000000000000e+03 1.024206629176090816e-01
1.173333399999999983e+03 1.168809881706402432e-01
1.178666600000000017e+03 1.092824061328542956e-01
1.184000000000000000e+03 8.885609394279141149e-02
1.189333399999999983e+03 7.575278589736016144e-02
1.194666600000000017e+03 9.603719864204900147e-02
1.200000000000000000e+03 1.399770100289190189e-01
1.205333399999999983e+03 2.037882040813366880e-01
1.210666600000000017e+03 2.718411852543008989e-01
1.216000000000000000e+03 3.418207803417348534e-01
1.221333399999999983e+03 4.136436812770509230e-01
1.226666600000000017e+03 4.867722938280303335e-01
1.232000000000000000e+03 5.534596145036364545e-01
1.237333399999999983e+03 6.085373322839859878e-01
1.242666600000000017e+03 6.315863583928644776e-01
1.248000000000000000e+03 6.225002181561422043e-01
1.253333399999999983e+03 5.868331997813092116e-01
1.258666600000000017e+03 5.337415582599270847e-01
1.264000000000000000e+03 4.913768630637389556e-01
1.269333399999999983e+03 4.781565268813843805e-01
1.274666600000000017e+03 4.815260761187696859e-01
1.280000000000000000e+03 4.934337778101050564e-01
1.285333399999999983e+03 5.006183255850139568e-01
1.290666600000000017e+03 4.931521343856250517e-01
1.296000000000000000e+03 4.856267776017229032e-01
1.301333399999999983e+03 4.901034168614712416e-01
1.306666600000000017e+03 5.086254814854678230e-01
1.312000000000000000e+03 5.382448921298652600e-01
1.317333399999999983e+03 5.578538185407851957e-01
1.322666600000000017e+03 5.595938104745560304e-01
1.328000000000000000e+03 5.561363121129163645e-01
1.333333399999999983e+03 5.398678795238238681e-01
1.338666600000000017e+03 5.211763614422029178e-01
1.344000000000000000e+03 4.953444782326317797e-01
1.349333399999999983e+03 4.482503045215078252e-01
1.354666600000000017e+03 3.902421840393489050e-01
1.360000000000000000e+03 3.366530012398981642e-01
1.365333399999999983e+03 2.723853478653364690e-01
1.370666600000000017e+03 2.160406397852009663e-01
1.376000000000000000e+03 1.749725085565488891e-01
1.381333399999999983e+03 1.616876495564724958e-01
1.386666600000000017e+03 1.851545891195914562e-01
1.392000000000000000e+03 2.338284460156830058e-01
1.397333399999999983e+03 2.801797495145887940e-01
1.402666600000000017e+03 3.133347634441395191e-01
1.408000000000000000e+03 3.296557547036025881e-01
1.413333399999999983e+03 3.363717367022606153e-01
1.418666600000000017e+03 3.441248903808080684e-01
1.424000000000000000e+03 3.725851801852783085e-01
1.429333399999999983e+03 4.457123815473394424e-01
1.434666600000000017e+03 5.613457618029996654e-01
1.440000000000000000e+03 7.062130815625639046e-01
1.445333399999999983e+03 8.414602102482034995e-01
1.450666600000000017e+03 9.297681599562543919e-01
1.456000000000000000e+03 9.567270002856369526e-01
1.461333399999999983e+03 9.214903569111094761e-01
1.466666600000000017e+03 8.153177659137936795e-01
1.472000000000000000e+03 6.469120212911800838e-01
1.477333399999999983e+03 4.412744405858568530e-01
1.482666600000000017e+03 2.440031687316456255e-01
1.488000000000000000e+03 9.953863474027906111e-02
1.493333399999999983e+03 2.536111875701705515e-02
1.498666600000000017e+03 7.451815120687114470e-03
1.504000000000000000e+03 9.351046942745824125e-03
1.509333399999999983e+03 1.169338365622489377e-02
1.514666600000000017e+03 1.553511161064016939e-02
1.520000000000000000e+03 2.326685771049154597e-02
1.525333399999999983e+03 3.904121902004086681e-02
1.530666600000000017e+03 6.047045835636368633e-02
1.536000000000000000e+03 7.989028828312165487e-02
1.541333399999999983e+03 1.043812837952467626e-01
1.546666600000000017e+03 1.415599067492438468e-01
1.552000000000000000e+03 1.838089890358031164e-01
1.557333399999999983e+03 2.177901440799399069e-01
1.562666600000000017e+03 2.317632317721875779e-01
1.568000000000000000e+03 2.371941533401947244e-01
1.573333399999999983e+03 2.488290035535328515e-01
1.578666600000000017e+03 2.735356673821936480e-01
1.584000000000000000e+03 3.068798755230840447e-01
1.589333399999999983e+03 3.401980084666426096e-01
1.594666600000000017e+03 3.698041213721667275e-01
1.600000000000000000e+03 4.037335040106738715e-01
1.605333399999999983e+03 4.407877437164799961e-01
1.610666600000000017e+03 4.714278955610231581e-01
1.616000000000000000e+03 4.871412767886633133e-01
1.621333399999999983e+03 4.948052731506402679e-01
1.626666600000000017e+03 4.952078014453406007e-01
1.632000000000000000e+03 4.911077868394130297e-01
1.637333399999999983e+03 4.945647180012616162e-01
1.642666600000000017e+03 5.176753591849608815e-01
1.648000000000000000e+03 5.740661882049258313e-01
1.653333399999999983e+03 6.786246704166735144e-01
1.658666600000000017e+03 8.140876480344566568e-01
1.664000000000000000e+03 9.361598804303390420e-01
1.669333399999999983e+03 1.000000000000000000e+00
1.674666600000000017e+03 9.767152930334674910e-01
1.680000000000000000e+03 8.695593547815030355e-01
1.685333399999999983e+03 7.091275987033157646e-01
1.690666600000000017e+03 5.345809718525541543e-01
1.696000000000000000e+03 3.730146536970915250e-01
1.701333399999999983e+03 2.376622642093213500e-01
1.706666600000000017e+03 1.328219555493642401e-01
1.712000000000000000e+03 6.153354515643544298e-02
1.717333399999999983e+03 2.304125795194588572e-02
1.722666600000000017e+03 1.072229557780968179e-02
1.728000000000000000e+03 1.243319382260795435e-02
1.733333399999999983e+03 1.580899656399007563e-02
1.738666600000000017e+03 1.179803223981237999e-02
1.744000000000000000e+03 4.742934039630189620e-03
1.749333399999999983e+03 4.419176232130889517e-03
1.754666600000000017e+03 1.125297711195317844e-02
1.760000000000000000e+03 1.887401180742300302e-02
1.765333399999999983e+03 2.358430667591886881e-02
1.770666600000000017e+03 2.593029482463551916e-02
1.776000000000000000e+03 2.579475677089738267e-02
1.781333399999999983e+03 2.378120221239484952e-02
1.786666600000000017e+03 1.847612037501055945e-02
1.792000000000000000e+03 1.255157527307958557e-02
1.797333399999999983e+03 1.987664930783478168e-02
1.802666600000000017e+03 5.031601788476733339e-02
