6.080000000000000000e+02 0.000000000000000000e+00
6.133333099999999831e+02 4.327548644380051213e-02
6.186666900000000169e+02 6.022211822291177741e-02
6.240000000000000000e+02 5.971054966793604840e-02
6.293333099999999831e+02 5.220809985075602205e-02
6.346666900000000169e+02 4.605451725484618203e-02
6.400000000000000000e+02 4.273056315289660428e-02
6.453333099999999831e+02 3.803185466316338220e-02
6.506666900000000169e+02 2.869095763402530405e-02
6.560000000000000000e+02 1.787544837722812585e-02
6.613333099999999831e+02 9.507692259001953444e-03
6.666666900000000169e+02 6.477726092598913403e-03
6.720000000000000000e+02 9.746795546937157828e-03
6.773333099999999831e+02 1.597125490591627672e-02
6.826666900000000169e+02 2.783416363656671111e-02
6.880000000000000000e+02 4.792198811711988887e-02
6.933333099999999831e+02 6.890521254569112464e-02
6.986666900000000169e+02 8.420487054674041794e-02
7.040000000000000000e+02 9.273944276822751465e-02
7.093333099999999831e+02 9.270748322076344250e-02
7.146666900000000169e+02 9.205964576592551296e-02
7.200000000000000000e+02 9.285847611338973739e-02
7.253333099999999831e+02 8.942502071189534218e-02
7.306666900000000169e+02 8.668918970149375181e-02
7.360000000000000000e+02 9.146842276080655032e-02
7.413333099999999831e+02 1.038788778523864753e-01
7.466666900000000169e+02 1.202726897818055807e-01
7.520000000000000000e+02 1.309203911130858988e-01
7.573333099999999831e+02 1.278613160478108413e-01
7.626666900000000169e+02 1.150732641244865961e-01
7.680000000000000000e+02 1.017023459347126957e-01
7.733333099999999831e+02 9.370205437608433718e-02
7.786666900000000169e+02 9.066366623500474176e-02
7.840000000000000000e+02 8.638073130509263398e-02
7.893333099999999831e+02 8.155916254492595607e-02
7.946666900000000169e+02 8.025541910498329434e-02
8.000000000000000000e+02 8.884892114021603060e-02
8.053333099999999831e+02 1.124741673248904061e-01
8.106666900000000169e+02 1.488791710623944553e-01
8.160000000000000000e+02 1.876164933143234792e-01
8.213333099999999831e+02 2.229462562349117938e-01
8.266666900000000169e+02 2.502726695890761244e-01
8.320000000000000000e+02 2.700359763434512228e-01
8.373333099999999831e+02 2.904227257691842090e-01
8.426666900000000169e+02 3.171789630604827659e-01
8.480000000000000000e+02 3.487996995845663029e-01
8.533333099999999831e+02 3.745724284148297945e-01
8.586666900000000169e+02 3.872762232368897051e-01
8.640000000000000000e+02 3.848153221554080905e-01
8.693333099999999831e+02 3.761380962305131970e-01
8.746666900000000169e+02 3.694975487121969770e-01
8.800000000000000000e+02 3.666174966081736653e-01
8.853333099999999831e+02 3.598217189159114149e-01
8.906666900000000169e+02 3.465163383716876599e-01
8.960000000000000000e+02 3.280784972365775598e-01
9.013333099999999831e+02 3.146202672214906126e-01
9.066666900000000169e+02 3.124911694861940425e-01
9.120000000000000000e+02 3.250328594544654726e-01
9.173333099999999831e+02 3.492323543805558317e-01
9.226666900000000169e+02 3.754082301337194338e-01
9.280000000000000000e+02 3.933509108229401030e-01
9.333333099999999831e+02 3.968150206321429674e-01
9.386666900000000169e+02 3.834733675523450680e-01
9.440000000000000000e+02 3.615597977799561713e-01
9.493333099999999831e+02 3.447651446555590748e-01
9.546666900000000169e+02 3.384815029965605460e-01
9.600000000000000000e+02 3.378350445472690922e-01
9.653333099999999831e+02 3.333723394040835064e-01
9.706666900000000169e+02 3.199471165727639788e-01
9.760000000000000000e+02 2.945080394735653528e-01
9.813333099999999831e+02 2.741633142748794438e-01
9.866666900000000169e+02 2.859976176128926628e-01
9.920000000000000000e+02 3.371395671163582852e-01
9.973333099999999831e+02 4.102016760184847843e-01
1.002666699999999992e+03 4.709097701376054879e-01
1.008000000000000000e+03 4.763273916838691169e-01
1.013333300000000008e+03 4.267025736798844560e-01
1.018666699999999992e+03 3.664707980973692103e-01
1.024000000000000000e+03 3.366488718152975679e-01
1.029333399999999983e+03 3.428202450806338009e-01
1.034666600000000017e+03 3.679588067389854000e-01
1.040000000000000000e+03 3.790693540540330808e-01
1.045333399999999983e+03 3.615618038970853654e-01
1.050666600000000017e+03 3.244466048636422406e-01
1.056000000000000000e+03 2.850152666010555835e-01
1.061333399999999983e+03 2.475233864664480032e-01
1.066666600000000017e+03 2.253127113443724183e-01
1.072000000000000000e+03 2.199491208303334389e-01
1.077333399999999983e+03 2.273224642820467212e-01
1.082666600000000017e+03 2.394958022186287616e-01
1.088000000000000000e+03 2.473854191078238562e-01
1.093333399999999983e+03 2.422758322685697185e-01
1.098666600000000017e+03 2.307416152674159338e-01
1.104000000000000000e+03 2.107295240932841873e-01
1.109333399999999983e+03 1.875135789267232123e-01
1.114666600000000017e+03 1.658684166156912942e-01
1.120000000000000000e+03 1.434286948930002803e-01
1.125333399999999983e+03 1.163514143377769039e-01
1.130666600000000017e+03 8.600467861923802304e-02
1.136000000000000000e+03 4.757449163267878783e-02
1.141333399999999983e+03 1.606002638412561134e-02
1.146666600000000017e+03 3.040871211807401157e-03
1.152000000000000000e+03 1.074664278953056662e-02
1.157333399999999983e+03 3.594470613558753413e-02
1.162666600000000017e+03 6.731905018102081473e-02
1.168000000000000000e+03 9.005136809947958398e-02
1.173333399999999983e+03 1.041832980822766930e-01
1.178666600000000017e+03 1.091598615866964939e-01
1.184000000000000000e+03 1.124247415299687580e-01
1.189333399999999983e+03 1.257035435883644969e-01
1.194666600000000017e+03 1.550324473125918312e-01
1.200000000000000000e+03 1.984336926762416964e-01
1.205333399999999983e+03 2.476724626947807983e-01
1.210666600000000017e+03 2.937301773684474759e-01
1.216000000000000000e+03 3.419969505991488079e-01
1.221333399999999983e+03 4.040937276271725498e-01
1.226666600000000017e+03 4.902620202593622745e-01
1.232000000000000000e+03 5.947115060999581537e-01
1.237333399999999983e+03 6.931781465339522663e-01
1.242666600000000017e+03 7.596564588525493988e-01
1.248000000000000000e+03 7.840191472476329970e-01
1.253333399999999983e+03 7.693449191172976320e-01
1.258666600000000017e+03 7.335366209486791078e-01
1.264000000000000000e+03 6.973515612562848354e-01
1.269333399999999983e+03 6.697413987378340039e-01
1.274666600000000017e+03 6.485239782345482151e-01
1.280000000000000000e+03 6.279706421145645479e-01
1.285333399999999983e+03 6.016641650067969804e-01
1.290666600000000017e+03 5.704369606646583213e-01
1.296000000000000000e+03 5.491962515172554848e-01
1.301333399999999983e+03 5.482617885572476091e-01
1.306666600000000017e+03 5.669853597241654164e-01
1.312000000000000000e+03 5.955332601883617238e-01
1.317333399999999983e+03 6.174900819438094990e-01
1.322666600000000017e+03 6.240279386294188546e-01
1.328000000000000000e+03 6.228538821762489297e-01
1.333333399999999983e+03 6.184476332248084463e-01
1.338666600000000017e+03 6.121408846023899120e-01
1.344000000000000000e+03 5.923985330012322414e-01
1.349333399999999983e+03 5.453315072197757463e-01
1.354666600000000017e+03 4.734873572218667448e-01
1.360000000000000000e+03 3.945795584687927793e-01
1.365333399999999983e+03 3.250615046006700704e-01
1.370666600000000017e+03 2.834469477629485978e-01
1.376000000000000000e+03 2.680475596052654952e-01
1.381333399999999983e+03 2.727668478818320863e-01
1.386666600000000017e+03 2.939491378781930453e-01
1.392000000000000000e+03 3.240978785190627431e-01
1.397333399999999983e+03 3.522045359662980824e-01
1.402666600000000017e+03 3.763042453293903300e-01
1.408000000000000000e+03 3.972423955326853107e-01
1.413333399999999983e+03 4.175583285889444274e-01
1.418666600000000017e+03 4.386333367597737287e-01
1.424000000000000000e+03 4.673126923423429613e-01
1.429333399999999983e+03 5.174450246231643291e-01
1.434666600000000017e+03 6.031487313332368760e-01
1.440000000000000000e+03 7.297519906929552658e-01
1.445333399999999983e+03 8.695104988395997436e-01
1.450666600000000017e+03 9.702877710072866924e-01
1.456000000000000000e+03 1.000000000000000222e+00
1.461333399999999983e+03 9.504882983397638929e-01
1.466666600000000017e+03 8.328818444400351018e-01
1.472000000000000000e+03 6.716306655410505533e-01
1.477333399999999983e+03 4.931170276766915772e-01
1.482666600000000017e+03 3.221291428222418096e-01
1.488000000000000000e+03 1.874460558961456857e-01
1.493333399999999983e+03 9.810376257935515820e-02
1.498666600000000017e+03 4.940992108867214849e-02
1.504000000000000000e+03 2.378403268280063557e-02
1.509333399999999983e+03 8.633729157667146409e-03
1.514666600000000017e+03 3.109990852963064739e-03
1.520000000000000000e+03 5.744538529919135904e-03
1.525333399999999983e+03 1.009535513049593380e-02
1.530666600000000017e+03 1.631908021085198834e-02
1.536000000000000000e+03 2.710741706356071395e-02
1.541333399999999983e+03 4.415983227414727735e-02
1.546666600000000017e+03 7.160367667030784200e-02
1.552000000000000000e+03 1.071354692706066314e-01
1.557333399999999983e+03 1.407533763795139337e-01
1.562666600000000017e+03 1.670681848574371020e-01
1.568000000000000000e+03 1.867471417117108345e-01
1.573333399999999983e+03 1.952691688286425642e-01
1.578666600000000017e+03 1.922258374576661932e-01
1.584000000000000000e+03 1.905122002667506698e-01
1.589333399999999983e+03 1.960745345011559726e-01
1.594666600000000017e+03 2.193882284790685533e-01
1.600000000000000000e+03 2.610513559951493923e-01
1.605333399999999983e+03 3.115412076202450642e-01
1.610666600000000017e+03 3.512840242755628783e-01
1.616000000000000000e+03 3.784027575235689445e-01
1.621333399999999983e+03 3.928368392547211818e-01
1.626666600000000017e+03 4.095804800951002300e-01
1.632000000000000000e+03 4.375488230011227997e-01
1.637333399999999983e+03 4.862995914689923205e-01
1.642666600000000017e+03 5.531836472426293616e-01
1.648000000000000000e+03 6.369696755720170023e-01
1.653333399999999983e+03 7.330017527822094703e-01
1.658666600000000017e+03 8.359838125294370981e-01
1.664000000000000000e+03 9.248924608227231392e-01
1.669333399999999983e+03 9.745778437108207903e-01
1.674666600000000017e+03 9.648648939747772602e-01
1.680000000000000000e+03 8.897168065116215496e-01
1.685333399999999983e+03 7.615753449248252593e-01
1.690666600000000017e+03 6.070311813372570864e-01
1.696000000000000000e+03 4.519008372964974929e-01
1.701333399999999983e+03 3.114566546619489396e-01
1.706666600000000017e+03 1.948724191898516811e-01
1.712000000000000000e+03 1.092611260969688358e-01
1.717333399999999983e+03 5.431198228927641702e-02
1.722666600000000017e+03 2.631360327272331406e-02
1.728000000000000000e+03 2.047908242192427244e-02
1.733333399999999983e+03 2.362553339983960998e-02
1.738666600000000017e+03 2.350913699895929021e-02
1.744000000000000000e+03 1.886258304481774201e-02
1.749333399999999983e+03 1.205144244608714194e-02
1.754666600000000017e+03 4.971031993022135761e-03
1.760000000000000000e+03 2.871343478606124509e-03
1.765333399999999983e+03 7.237178217197507736e-03
1.770666600000000017e+03 1.751372704758923440e-02
1.776000000000000000e+03 3.204495378179902931e-02
1.781333399999999983e+03 4.640030715710942444e-02
1.786666600000000017e+03 5.320973486603224056e-02
1.792000000000000000e+03 4.996331989562246417e-02
1.797333399999999983e+03 3.745073358769890337e-02
1.802666600000000017e+03 1.503918333327352794e-02
