6.080000000000000000e+02 7.276994959096828863e-02
6.133333099999999831e+02 1.070133323125666280e-01
6.186666900000000169e+02 1.116317013361154131e-01
6.240000000000000000e+02 9.796787934009526522e-02
6.293333099999999831e+02 7.968567070487976578e-02
6.346666900000000169e+02 6.766918354690015791e-02
6.400000000000000000e+02 5.948703399401755049e-02
6.453333099999999831e+02 4.827368167551671779e-02
6.506666900000000169e+02 3.315496097309398454e-02
6.560000000000000000e+02 1.751123567414768906e-02
6.613333099999999831e+02 5.434012219251502587e-03
6.666666900000000169e+02 0.000000000000000000e+00
6.720000000000000000e+02 3.161726629150835716e-03
6.773333099999999831e+02 1.617799101181277219e-02
6.826666900000000169e+02 3.883233363214967648e-02
6.880000000000000000e+02 7.135849091248631926e-02
6.933333099999999831e+02 1.033160581581017701e-01
6.986666900000000169e+02 1.233498216886384224e-01
7.040000000000000000e+02 1.288428351613275236e-01
7.093333099999999831e+02 1.231346723323811648e-01
7.146666900000000169e+02 1.149497641118649716e-01
7.200000000000000000e+02 1.111950550779046143e-01
7.253333099999999831e+02 1.104733940194966846e-01
7.306666900000000169e+02 1.062232009734608018e-01
7.360000000000000000e+02 9.690977428609375000e-02
7.413333099999999831e+02 8.565899652544074760e-02
7.466666900000000169e+02 7.800358622381654838e-02
7.520000000000000000e+02 7.463743089204234737e-02
7.573333099999999831e+02 7.472840714435040332e-02
7.626666900000000169e+02 6.924220294902777573e-02
7.680000000000000000e+02 6.043197265481590336e-02
7.733333099999999831e+02 5.379867476504324175e-02
7.786666900000000169e+02 5.011881489129734607e-02
7.840000000000000000e+02 4.901235334872509203e-02
7.893333099999999831e+02 5.443316663265236610e-02
7.946666900000000169e+02 6.667728564971789340e-02
8.000000000000000000e+02 9.114562630305639290e-02
8.053333099999999831e+02 1.305440229505539229e-01
8.106666900000000169e+02 1.724541371167331028e-01
8.160000000000000000e+02 2.036343705294988982e-01
8.213333099999999831e+02 2.212928369874992696e-01
8.266666900000000169e+02 2.278733478843444349e-01
8.320000000000000000e+02 2.326243079367547040e-01
8.373333099999999831e+02 2.457840250592704945e-01
8.426666900000000169e+02 2.645124609895830314e-01
8.480000000000000000e+02 2.799740937872876034e-01
8.533333099999999831e+02 2.861972770209579853e-01
8.586666900000000169e+02 2.796348521947787935e-01
8.640000000000000000e+02 2.674059436276960411e-01
8.693333099999999831e+02 2.559418596672062285e-01
8.746666900000000169e+02 2.458583033004196061e-01
8.800000000000000000e+02 2.337978281561399474e-01
8.853333099999999831e+02 2.166344497907149447e-01
8.906666900000000169e+02 1.952437170614689799e-01
8.960000000000000000e+02 1.786894327945175442e-01
9.013333099999999831e+02 1.716462963306184808e-01
9.066666900000000169e+02 1.784927868867473844e-01
9.120000000000000000e+02 1.989318177794502651e-01
9.173333099999999831e+02 2.219146277332259554e-01
9.226666900000000169e+02 2.388628415913108261e-01
9.280000000000000000e+02 2.453358853774572357e-01
9.333333099999999831e+02 2.354376959966818228e-01
9.386666900000000169e+02 2.128195680110891441e-01
9.440000000000000000e+02 1.865037294011704372e-01
9.493333099999999831e+02 1.595147723985407273e-01
9.546666900000000169e+02 1.413923023105146393e-01
9.600000000000000000e+02 1.364502123728531247e-01
9.653333099999999831e+02 1.336112138777181546e-01
9.706666900000000169e+02 1.251142455904556694e-01
9.760000000000000000e+02 1.095253312846393989e-01
9.813333099999999831e+02 1.021219620573997761e-01
9.866666900000000169e+02 1.239149642604945450e-01
9.920000000000000000e+02 1.810301499528468583e-01
9.973333099999999831e+02 2.469420511376148875e-01
1.002666699999999992e+03 2.859793805467460426e-01
1.008000000000000000e+03 2.759380211112215653e-01
1.013333300000000008e+03 2.393516620134412132e-01
1.018666699999999992e+03 2.063776679700760064e-01
1.024000000000000000e+03 2.010597496630300018e-01
1.029333399999999983e+03 2.140900134654508125e-01
1.034666600000000017e+03 2.185962958697516278e-01
1.040000000000000000e+03 2.026930319697522187e-01
1.045333399999999983e+03 1.775031825556420417e-01
1.050666600000000017e+03 1.516223790448910647e-01
1.056000000000000000e+03 1.365461059470839400e-01
1.061333399999999983e+03 1.325052897600942081e-01
1.066666600000000017e+03 1.358051918713312489e-01
1.072000000000000000e+03 1.501545347944195918e-01
1.077333399999999983e+03 1.723077698979688099e-01
1.082666600000000017e+03 1.942072796203282992e-01
1.088000000000000000e+03 2.105195994452776220e-01
1.093333399999999983e+03 2.122252295470393180e-01
1.098666600000000017e+03 2.025899074777642028e-01
1.104000000000000000e+03 1.829557588690891301e-01
1.109333399999999983e+03 1.546112114469084531e-01
1.114666600000000017e+03 1.260971051712622415e-01
1.120000000000000000e+03 1.025828227185276442e-01
1.125333399999999983e+03 7.774862047255270969e-02
1.130666600000000017e+03 5.626273363725892152e-02
1.136000000000000000e+03 3.305648019426790651e-02
1.141333399999999983e+03 1.517040984950561271e-02
1.146666600000000017e+03 1.188714521295126600e-02
1.152000000000000000e+03 2.564930586885003083e-02
1.157333399999999983e+03 5.096257105101109630e-02
1.162666600000000017e+03 7.509772059439502601e-02
1.168000000000000000e+03 8.661170916958929600e-02
1.173333399999999983e+03 9.093001254358472341e-02
1.178666600000000017e+03 8.911111339795756148e-02
1.184000000000000000e+03 9.062084484071658563e-02
1.189333399999999983e+03 1.068917787379273648e-01
1.194666600000000017e+03 1.350081236753078173e-01
1.200000000000000000e+03 1.744563825115019451e-01
1.205333399999999983e+03 2.230313352218959710e-01
1.210666600000000017e+03 2.692414238954183303e-01
1.216000000000000000e+03 3.156423651381911610e-01
1.221333399999999983e+03 3.725353750520731810e-01
1.226666600000000017e+03 4.438267757508022604e-01
1.232000000000000000e+03 5.249283792056723685e-01
1.237333399999999983e+03 5.993920862130450722e-01
1.242666600000000017e+03 6.470855272580435802e-01
1.248000000000000000e+03 6.592144386499569908e-01
1.253333399999999983e+03 6.424034167906856885e-01
1.258666600000000017e+03 6.122885265999620241e-01
1.264000000000000000e+03 5.866975872744205622e-01
1.269333399999999983e+03 5.738824866453394735e-01
1.274666600000000017e+03 5.700560476981686442e-01
1.280000000000000000e+03 5.640206028067036303e-01
1.285333399999999983e+03 5.505776899788948908e-01
1.290666600000000017e+03 5.344443602883243161e-01
1.296000000000000000e+03 5.326801640245655278e-01
1.301333399999999983e+03 5.549670106070229147e-01
1.306666600000000017e+03 5.968376951176340706e-01
1.312000000000000000e+03 6.486321867120016238e-01
1.317333399999999983e+03 6.963557345354733918e-01
1.322666600000000017e+03 7.313138231826052937e-01
1.328000000000000000e+03 7.483167926863691921e-01
1.333333399999999983e+03 7.432192718093687533e-01
1.338666600000000017e+03 7.149551439790986507e-01
1.344000000000000000e+03 6.689376004237669315e-01
1.349333399999999983e+03 6.054426815330248290e-01
1.354666600000000017e+03 5.313379700572701259e-01
1.360000000000000000e+03 4.481601731462566129e-01
1.365333399999999983e+03 3.623435313276363590e-01
1.370666600000000017e+03 2.893396097803714317e-01
1.376000000000000000e+03 2.417500892739575524e-01
1.381333399999999983e+03 2.206569305743941167e-01
1.386666600000000017e+03 2.242083066320105511e-01
1.392000000000000000e+03 2.429248211031237170e-01
1.397333399999999983e+03 2.637396645720857524e-01
1.402666600000000017e+03 2.862446936035714096e-01
1.408000000000000000e+03 3.063748191890248163e-01
1.413333399999999983e+03 3.209384307577453077e-01
1.418666600000000017e+03 3.373140892139844804e-01
1.424000000000000000e+03 3.709033529363994774e-01
1.429333399999999983e+03 4.334542207574894057e-01
1.434666600000000017e+03 5.413725470968889786e-01
1.440000000000000000e+03 6.786195094324382060e-01
1.445333399999999983e+03 8.138768713284608713e-01
1.450666600000000017e+03 9.088923167987464913e-01
1.456000000000000000e+03 9.323077401214505677e-01
1.461333399999999983e+03 8.705223946947512337e-01
1.466666600000000017e+03 7.398121667555993541e-01
1.472000000000000000e+03 5.642651975021377719e-01
1.477333399999999983e+03 3.849814616291136748e-01
1.482666600000000017e+03 2.323299708654913420e-01
1.488000000000000000e+03 1.210662405388025914e-01
1.493333399999999983e+03 5.408740682293022156e-02
1.498666600000000017e+03 2.113206849882778848e-02
1.504000000000000000e+03 9.338514553189561015e-03
1.509333399999999983e+03 1.362063438301891125e-02
1.514666600000000017e+03 2.433977983292301070e-02
1.520000000000000000e+03 3.461027581136651154e-02
1.525333399999999983e+03 4.710057866685483235e-02
1.530666600000000017e+03 6.360342256835124775e-02
1.536000000000000000e+03 8.629505247590214811e-02
1.541333399999999983e+03 1.179165133977972818e-01
1.546666600000000017e+03 1.530385790909586097e-01
1.552000000000000000e+03 1.868650946095808951e-01
1.557333399999999983e+03 2.234133130858524940e-01
1.562666600000000017e+03 2.643843599182557069e-01
1.568000000000000000e+03 3.100761108805788480e-01
1.573333399999999983e+03 3.557737167423558611e-01
1.578666600000000017e+03 3.958706987694299850e-01
1.584000000000000000e+03 4.289103859214874470e-01
1.589333399999999983e+03 4.653227150896200870e-01
1.594666600000000017e+03 5.170681430511937515e-01
1.600000000000000000e+03 5.877851811049003006e-01
1.605333399999999983e+03 6.615873052764795759e-01
1.610666600000000017e+03 7.179191483843928578e-01
1.616000000000000000e+03 7.327121780224641334e-01
1.621333399999999983e+03 7.058819868910096718e-01
1.626666600000000017e+03 6.643968642343818232e-01
1.632000000000000000e+03 6.321870994538882904e-01
1.637333399999999983e+03 6.309496040157716035e-01
1.642666600000000017e+03 6.672855717262371478e-01
1.648000000000000000e+03 7.267241820830540044e-01
1.653333399999999983e+03 8.055916622130343541e-01
1.658666600000000017e+03 8.971294917963813509e-01
1.664000000000000000e+03 9.699931345856060982e-01
1.669333399999999983e+03 1.000000000000000000e+00
1.674666600000000017e+03 9.631946073920986118e-01
1.680000000000000000e+03 8.519967068363000218e-01
1.685333399999999983e+03 6.979834098722801361e-01
1.690666600000000017e+03 5.372157999276301332e-01
1.696000000000000000e+03 3.897021248700492380e-01
1.701333399999999983e+03 2.712090276844575931e-01
1.706666600000000017e+03 1.796971532834348018e-01
1.712000000000000000e+03 1.081076837310725181e-01
1.717333399999999983e+03 6.010405392594155710e-02
1.722666600000000017e+03 3.515710811681781872e-02
1.728000000000000000e+03 2.936099750704992961e-02
1.733333399999999983e+03 3.880716996288356702e-02
1.738666600000000017e+03 5.062168537730953044e-02
1.744000000000000000e+03 5.588467230373635880e-02
1.749333399999999983e+03 5.466185127211362765e-02
1.754666600000000017e+03 4.656556688178846437e-02
1.760000000000000000e+03 3.908154131521945907e-02
1.765333399999999983e+03 3.937532612835461382e-02
1.770666600000000017e+03 4.435076874270133668e-02
1.776000000000000000e+03 5.296516320261112493e-02
1.781333399999999983e+03 6.076754881323782886e-02
1.786666600000000017e+03 6.065937814009698947e-02
1.792000000000000000e+03 5.239930811017082940e-02
1.797333399999999983e+03 3.640216402627981934e-02
1.802666600000000017e+03 1.226834012257468735e-02
