6.080000000000000000e+02 1.985628897336512155e-01
6.133333099999999831e+02 9.975050623629500013e-02
6.186666900000000169e+02 5.186868541535849531e-02
6.240000000000000000e+02 3.628334385848521609e-02
6.293333099999999831e+02 2.751300588049260948e-02
6.346666900000000169e+02 1.756624097605129567e-02
6.400000000000000000e+02 4.749681350335219557e-03
6.453333099999999831e+02 0.000000000000000000e+00
6.506666900000000169e+02 5.353038777568250306e-03
6.560000000000000000e+02 1.803607173171543551e-02
6.613333099999999831e+02 2.857014609113273790e-02
6.666666900000000169e+02 4.443479821591865553e-02
6.720000000000000000e+02 6.526959271716799293e-02
6.773333099999999831e+02 1.006142821993624981e-01
6.826666900000000169e+02 1.376868322047518356e-01
6.880000000000000000e+02 1.727008290513960265e-01
6.933333099999999831e+02 2.017329097169733576e-01
6.986666900000000169e+02 2.224887848427267723e-01
7.040000000000000000e+02 2.264230241051412296e-01
7.093333099999999831e+02 2.157371105103000342e-01
7.146666900000000169e+02 1.897811015709574833e-01
7.200000000000000000e+02 1.660095270447773386e-01
7.253333099999999831e+02 1.486326172735658036e-01
7.306666900000000169e+02 1.302313859240178395e-01
7.360000000000000000e+02 1.034211540725507028e-01
7.413333099999999831e+02 7.579053939341054424e-02
7.466666900000000169e+02 5.587638234957570393e-02
7.520000000000000000e+02 4.799139734423738674e-02
7.573333099999999831e+02 5.072363026018895937e-02
7.626666900000000169e+02 5.462852565174521752e-02
7.680000000000000000e+02 5.796434805848196120e-02
7.733333099999999831e+02 7.123097858011924466e-02
7.786666900000000169e+02 9.704593634373859246e-02
7.840000000000000000e+02 1.317143264189398755e-01
7.893333099999999831e+02 1.751222712543587523e-01
7.946666900000000169e+02 2.222054738544278762e-01
8.000000000000000000e+02 2.707743543952727538e-01
8.053333099999999831e+02 3.164695176568604884e-01
8.106666900000000169e+02 3.514692672847515298e-01
8.160000000000000000e+02 3.707451461527013215e-01
8.213333099999999831e+02 3.834157626534556162e-01
8.266666900000000169e+02 3.978655776378452469e-01
8.320000000000000000e+02 4.172944058971508885e-01
8.373333099999999831e+02 4.414729696956001259e-01
8.426666900000000169e+02 4.627732302734580139e-01
8.480000000000000000e+02 4.693250903114357109e-01
8.533333099999999831e+02 4.672843995914547355e-01
8.586666900000000169e+02 4.581908313734581739e-01
8.640000000000000000e+02 4.426378565331893777e-01
8.693333099999999831e+02 4.264777680122179837e-01
8.746666900000000169e+02 4.081109086699221677e-01
8.800000000000000000e+02 3.847619849873432085e-01
8.853333099999999831e+02 3.644489776650449708e-01
8.906666900000000169e+02 3.532503418785644111e-01
8.960000000000000000e+02 3.594724194456869193e-01
9.013333099999999831e+02 3.809566299465949046e-01
9.066666900000000169e+02 4.042722077994541086e-01
9.120000000000000000e+02 4.219678940028762648e-01
9.173333099999999831e+02 4.237065437769717557e-01
9.226666900000000169e+02 4.143130303810066417e-01
9.280000000000000000e+02 4.019575192074656966e-01
9.333333099999999831e+02 3.871286277428602207e-01
9.386666900000000169e+02 3.641269035393950304e-01
9.440000000000000000e+02 3.426066168757733732e-01
9.493333099999999831e+02 3.221985772440302820e-01
9.546666900000000169e+02 3.149916567208291274e-01
9.600000000000000000e+02 3.162442634052256563e-01
9.653333099999999831e+02 3.177124810178620917e-01
9.706666900000000169e+02 3.138310105542546635e-01
9.760000000000000000e+02 3.218329242035723459e-01
9.813333099999999831e+02 3.559255358770638811e-01
9.866666900000000169e+02 4.162101523823813487e-01
9.920000000000000000e+02 4.684476355314083351e-01
9.973333099999999831e+02 4.826225134418262730e-01
1.002666699999999992e+03 4.544357902282187833e-01
1.008000000000000000e+03 4.060821148543897197e-01
1.013333300000000008e+03 3.680226792578186190e-01
1.018666699999999992e+03 3.559396742936036251e-01
1.024000000000000000e+03 3.566991340931295329e-01
1.029333399999999983e+03 3.555819871669937404e-01
1.034666600000000017e+03 3.556587960597751841e-01
1.040000000000000000e+03 3.435974246632685913e-01
1.045333399999999983e+03 3.194089955122288993e-01
1.050666600000000017e+03 2.902010172503971530e-01
1.056000000000000000e+03 2.637928236701924667e-01
1.061333399999999983e+03 2.455354817876440610e-01
1.066666600000000017e+03 2.552803253878661582e-01
1.072000000000000000e+03 2.746663788061460276e-01
1.077333399999999983e+03 2.961541482926481339e-01
1.082666600000000017e+03 3.085225611182615402e-01
1.088000000000000000e+03 3.095359032243604203e-01
1.093333399999999983e+03 2.906027666332240966e-01
1.098666600000000017e+03 2.536114668157696816e-01
1.104000000000000000e+03 2.048227259518992649e-01
1.109333399999999983e+03 1.554147843557402986e-01
1.114666600000000017e+03 1.086494358608090238e-01
1.120000000000000000e+03 7.383624814647232748e-02
1.125333399999999983e+03 4.938320442950398098e-02
1.130666600000000017e+03 2.502141514580439804e-02
1.136000000000000000e+03 1.473428869782583348e-02
1.141333399999999983e+03 2.470954103303643276e-02
1.146666600000000017e+03 4.797289965523966748e-02
1.152000000000000000e+03 8.344590771098681081e-02
1.157333399999999983e+03 1.288930349788112995e-01
1.162666600000000017e+03 1.640513071970226278e-01
1.168000000000000000e+03 1.865368573063817537e-01
1.173333399999999983e+03 1.975341926497250489e-01
1.178666600000000017e+03 1.973942234395731909e-01
1.184000000000000000e+03 2.082026591748365463e-01
1.189333399999999983e+03 2.485608835231281899e-01
1.194666600000000017e+03 3.045896528067901787e-01
1.200000000000000000e+03 3.634395880711303040e-01
1.205333399999999983e+03 4.090891183437591616e-01
1.210666600000000017e+03 4.400216745330614021e-01
1.216000000000000000e+03 4.862467240118257816e-01
1.221333399999999983e+03 5.604066465754308224e-01
1.226666600000000017e+03 6.452622559832322802e-01
1.232000000000000000e+03 7.178816692241030140e-01
1.237333399999999983e+03 7.501852390339014409e-01
1.242666600000000017e+03 7.327491668769036126e-01
1.248000000000000000e+03 6.943212366162045956e-01
1.253333399999999983e+03 6.575663855960732773e-01
1.258666600000000017e+03 6.333772103624661920e-01
1.264000000000000000e+03 6.214277221398500917e-01
1.269333399999999983e+03 6.125506744618154364e-01
1.274666600000000017e+03 5.914587719653097153e-01
1.280000000000000000e+03 5.651446907946892084e-01
1.285333399999999983e+03 5.493328985524076336e-01
1.290666600000000017e+03 5.591446958920792687e-01
1.296000000000000000e+03 5.936045892354341325e-01
1.301333399999999983e+03 6.411023469763523774e-01
1.306666600000000017e+03 6.764859721068620102e-01
1.312000000000000000e+03 6.879855595260302437e-01
1.317333399999999983e+03 6.810213961274894645e-01
1.322666600000000017e+03 6.688751770142299380e-01
1.328000000000000000e+03 6.481625699479880431e-01
1.333333399999999983e+03 6.075213430656468683e-01
1.338666600000000017e+03 5.352563990718304243e-01
1.344000000000000000e+03 4.444109436615873987e-01
1.349333399999999983e+03 3.632393095120610704e-01
1.354666600000000017e+03 3.123468625519541519e-01
1.360000000000000000e+03 2.920107751552928343e-01
1.365333399999999983e+03 2.862239979065784312e-01
1.370666600000000017e+03 2.763444384515751362e-01
1.376000000000000000e+03 2.673384744017747727e-01
1.381333399999999983e+03 2.718056494969130488e-01
1.386666600000000017e+03 2.888632853714042104e-01
1.392000000000000000e+03 3.233871413844292553e-01
1.397333399999999983e+03 3.730500607608199792e-01
1.402666600000000017e+03 4.232755192671577849e-01
1.408000000000000000e+03 4.687790937572927641e-01
1.413333399999999983e+03 5.146138565602816906e-01
1.418666600000000017e+03 5.629697127429231784e-01
1.424000000000000000e+03 6.360774688099859464e-01
1.429333399999999983e+03 7.416903860741287380e-01
1.434666600000000017e+03 8.591030070702282417e-01
1.440000000000000000e+03 9.544364614433913374e-01
1.445333399999999983e+03 1.000000000000000000e+00
1.450666600000000017e+03 9.679065389398903152e-01
1.456000000000000000e+03 8.649871526521809573e-01
1.461333399999999983e+03 7.142061846483005461e-01
1.466666600000000017e+03 5.488210817192498148e-01
1.472000000000000000e+03 3.924630971056201623e-01
1.477333399999999983e+03 2.664097440200961509e-01
1.482666600000000017e+03 1.670688266824947310e-01
1.488000000000000000e+03 9.287271639006539070e-02
1.493333399999999983e+03 4.591150938806050352e-02
1.498666600000000017e+03 2.231822801748758328e-02
1.504000000000000000e+03 1.335763654762545105e-02
1.509333399999999983e+03 2.051113793578863281e-02
1.514666600000000017e+03 3.857129857492011538e-02
1.520000000000000000e+03 6.742379019687670672e-02
1.525333399999999983e+03 1.007276820438807452e-01
1.530666600000000017e+03 1.237207835338305639e-01
1.536000000000000000e+03 1.426019242458751723e-01
1.541333399999999983e+03 1.674015820304084468e-01
1.546666600000000017e+03 2.022382507791889994e-01
1.552000000000000000e+03 2.478365251710205053e-01
1.557333399999999983e+03 2.917754277247735506e-01
1.562666600000000017e+03 3.209361454447305362e-01
1.568000000000000000e+03 3.409006364100246600e-01
1.573333399999999983e+03 3.537603455205677871e-01
1.578666600000000017e+03 3.652534718212228637e-01
1.584000000000000000e+03 3.798316912444488214e-01
1.589333399999999983e+03 4.007083489449005942e-01
1.594666600000000017e+03 4.263362113352955340e-01
1.600000000000000000e+03 4.483348572462290127e-01
1.605333399999999983e+03 4.635722247074078317e-01
1.610666600000000017e+03 4.750540110003274585e-01
1.616000000000000000e+03 4.879533780002707211e-01
1.621333399999999983e+03 5.077623078042623472e-01
1.626666600000000017e+03 5.427847468054829427e-01
1.632000000000000000e+03 5.865752936415868923e-01
1.637333399999999983e+03 6.420550937102693645e-01
1.642666600000000017e+03 7.100126154377189858e-01
1.648000000000000000e+03 7.899251166050051953e-01
1.653333399999999983e+03 8.677881878467034182e-01
1.658666600000000017e+03 9.286225448089291401e-01
1.664000000000000000e+03 9.386664641930474451e-01
1.669333399999999983e+03 8.847826626204025047e-01
1.674666600000000017e+03 7.812690348814195218e-01
1.680000000000000000e+03 6.515652025036136052e-01
1.685333399999999983e+03 5.114231737065626504e-01
1.690666600000000017e+03 3.795551845795435697e-01
1.696000000000000000e+03 2.575853231777770480e-01
1.701333399999999983e+03 1.564955386067854448e-01
1.706666600000000017e+03 9.660243133939766524e-02
1.712000000000000000e+03 7.343344562068668258e-02
1.717333399999999983e+03 6.622974870599199204e-02
1.722666600000000017e+03 6.410339877658904895e-02
1.728000000000000000e+03 5.773145337151802670e-02
1.733333399999999983e+03 4.994918103040573570e-02
1.738666600000000017e+03 5.225406054604334743e-02
1.744000000000000000e+03 6.005723580204873346e-02
1.749333399999999983e+03 6.643929230727868562e-02
1.754666600000000017e+03 7.463557768270720483e-02
1.760000000000000000e+03 8.322026142407848437e-02
1.765333399999999983e+03 9.228014666326556092e-02
1.770666600000000017e+03 9.867287216737774536e-02
1.776000000000000000e+03 9.224459715260580062e-02
1.781333399999999983e+03 6.798898884699182410e-02
1.786666600000000017e+03 3.444508117337821002e-02
1.792000000000000000e+03 7.178819040368962859e-03
1.797333399999999983e+03 1.019451777974307236e-02
1.802666600000000017e+03 6.417724430843978201e-02
