6.080000000000000000e+02 2.717823071188522899e-02
6.133333099999999831e+02 1.909734059837035411e-02
6.186666900000000169e+02 2.173289156835786495e-02
6.240000000000000000e+02 2.857310192445593894e-02
6.293333099999999831e+02 3.077898296168937037e-02
6.346666900000000169e+02 2.364638689789638759e-02
6.400000000000000000e+02 1.149094883452266361e-02
6.453333099999999831e+02 1.735339872823172917e-03
6.506666900000000169e+02 0.000000000000000000e+00
6.560000000000000000e+02 2.153254756986894020e-03
6.613333099999999831e+02 5.510976222897277788e-03
6.666666900000000169e+02 1.027019218259670949e-02
6.720000000000000000e+02 1.897569874283767943e-02
6.773333099999999831e+02 2.938450958247291328e-02
6.826666900000000169e+02 4.453927573140682022e-02
6.880000000000000000e+02 6.284692008508391270e-02
6.933333099999999831e+02 7.991560866250753403e-02
6.986666900000000169e+02 9.719519306007552706e-02
7.040000000000000000e+02 1.123254236474991452e-01
7.093333099999999831e+02 1.165818319003287945e-01
7.146666900000000169e+02 1.124563456390821059e-01
7.200000000000000000e+02 1.034882751023093878e-01
7.253333099999999831e+02 8.930961991191942173e-02
7.306666900000000169e+02 7.739567135352778959e-02
7.360000000000000000e+02 7.470949913738637871e-02
7.413333099999999831e+02 7.877261571469487689e-02
7.466666900000000169e+02 8.613757150948728181e-02
7.520000000000000000e+02 9.099094210578477504e-02
7.573333099999999831e+02 8.649308520203333184e-02
7.626666900000000169e+02 7.724008864211670544e-02
7.680000000000000000e+02 7.371144243258753725e-02
7.733333099999999831e+02 7.617876675982813983e-02
7.786666900000000169e+02 8.250265471087728231e-02
7.840000000000000000e+02 8.982509617627530696e-02
7.893333099999999831e+02 9.428854511465514787e-02
7.946666900000000169e+02 9.952237781183452536e-02
8.000000000000000000e+02 1.146392680671961539e-01
8.053333099999999831e+02 1.390058983921224345e-01
8.106666900000000169e+02 1.705442168698617089e-01
8.160000000000000000e+02 2.050612114148724074e-01
8.213333099999999831e+02 2.320971082877524849e-01
8.266666900000000169e+02 2.475712481008373600e-01
8.320000000000000000e+02 2.597206380140238413e-01
8.373333099999999831e+02 2.777161885981944134e-01
8.426666900000000169e+02 3.062502741820822272e-01
8.480000000000000000e+02 3.407938462277017022e-01
8.533333099999999831e+02 3.654483055541052905e-01
8.586666900000000169e+02 3.701387989060225814e-01
8.640000000000000000e+02 3.588310983746265670e-01
8.693333099999999831e+02 3.417439402295622264e-01
8.746666900000000169e+02 3.298109538115945316e-01
8.800000000000000000e+02 3.239400027709240515e-01
8.853333099999999831e+02 3.181473947484840248e-01
8.906666900000000169e+02 3.077148077496856260e-01
8.960000000000000000e+02 2.924906806006103421e-01
9.013333099999999831e+02 2.780225184971527597e-01
9.066666900000000169e+02 2.765694310860907779e-01
9.120000000000000000e+02 2.913551815022735192e-01
9.173333099999999831e+02 3.197373921232173344e-01
9.226666900000000169e+02 3.506620170696358452e-01
9.280000000000000000e+02 3.712185980505266492e-01
9.333333099999999831e+02 3.764070316010553752e-01
9.386666900000000169e+02 3.682722421138442948e-01
9.440000000000000000e+02 3.525016782424245099e-01
9.493333099999999831e+02 3.349352653904429933e-01
9.546666900000000169e+02 3.165925030270084761e-01
9.600000000000000000e+02 2.986241017171503698e-01
9.653333099999999831e+02 2.842115178828979460e-01
9.706666900000000169e+02 2.682703258557829762e-01
9.760000000000000000e+02 2.560786279086609829e-01
9.813333099999999831e+02 2.624282227032351256e-01
9.866666900000000169e+02 2.933285225524606132e-01
9.920000000000000000e+02 3.499762382029559249e-01
9.973333099999999831e+02 4.141155228373007979e-01
1.002666699999999992e+03 4.446676028378585555e-01
1.008000000000000000e+03 4.245365707883712592e-01
1.013333300000000008e+03 3.770588090505072043e-01
1.018666699999999992e+03 3.317382275798850255e-01
1.024000000000000000e+03 3.164344743163588491e-01
1.029333399999999983e+03 3.291271896047479606e-01
1.034666600000000017e+03 3.417833259046518246e-01
1.040000000000000000e+03 3.313653891996347078e-01
1.045333399999999983e+03 3.073852296814702512e-01
1.050666600000000017e+03 2.816957657004348081e-01
1.056000000000000000e+03 2.648700668877373987e-01
1.061333399999999983e+03 2.570241760787022045e-01
1.066666600000000017e+03 2.523652792082994312e-01
1.072000000000000000e+03 2.427177504410307218e-01
1.077333399999999983e+03 2.388498942114204993e-01
1.082666600000000017e+03 2.415458456524612607e-01
1.088000000000000000e+03 2.473074384996364894e-01
1.093333399999999983e+03 2.464869641638147424e-01
1.098666600000000017e+03 2.324275587970660861e-01
1.104000000000000000e+03 2.045802103503353842e-01
1.109333399999999983e+03 1.716548328029283699e-01
1.114666600000000017e+03 1.383417337744898001e-01
1.120000000000000000e+03 1.075603228169699777e-01
1.125333399999999983e+03 7.566318991985064579e-02
1.130666600000000017e+03 4.322888658965725467e-02
1.136000000000000000e+03 1.741417963064637725e-02
1.141333399999999983e+03 4.546996172913662752e-03
1.146666600000000017e+03 7.433952908506380117e-03
1.152000000000000000e+03 2.533751435326126594e-02
1.157333399999999983e+03 5.011278152352630078e-02
1.162666600000000017e+03 7.397191170842007391e-02
1.168000000000000000e+03 9.713661233632048253e-02
1.173333399999999983e+03 1.144325935703481706e-01
1.178666600000000017e+03 1.279531000676946417e-01
1.184000000000000000e+03 1.412452005005647160e-01
1.189333399999999983e+03 1.602395852526884990e-01
1.194666600000000017e+03 1.872494643573652806e-01
1.200000000000000000e+03 2.257638891526937419e-01
1.205333399999999983e+03 2.660565421703362521e-01
1.210666600000000017e+03 3.126688105196225864e-01
1.216000000000000000e+03 3.681493548619501621e-01
1.221333399999999983e+03 4.422164734217400861e-01
1.226666600000000017e+03 5.331672178982028720e-01
1.232000000000000000e+03 6.315747405376269663e-01
1.237333399999999983e+03 7.180091249437043910e-01
1.242666600000000017e+03 7.731182443090833800e-01
1.248000000000000000e+03 7.848031696875249486e-01
1.253333399999999983e+03 7.572267348274326348e-01
1.258666600000000017e+03 7.083144086125927608e-01
1.264000000000000000e+03 6.627331979163884057e-01
1.269333399999999983e+03 6.383393983364104018e-01
1.274666600000000017e+03 6.297550775556686187e-01
1.280000000000000000e+03 6.277334951987273426e-01
1.285333399999999983e+03 6.207506987983297808e-01
1.290666600000000017e+03 6.135297902586037688e-01
1.296000000000000000e+03 6.151682065575814207e-01
1.301333399999999983e+03 6.346849675062885554e-01
1.306666600000000017e+03 6.671278729734111401e-01
1.312000000000000000e+03 7.048892047524009108e-01
1.317333399999999983e+03 7.346785232363395313e-01
1.322666600000000017e+03 7.508565453124842470e-01
1.328000000000000000e+03 7.508278542501759523e-01
1.333333399999999983e+03 7.349508239819918520e-01
1.338666600000000017e+03 6.978632986864307108e-01
1.344000000000000000e+03 6.393049914414913326e-01
1.349333399999999983e+03 5.609712731877700698e-01
1.354666600000000017e+03 4.765368257162041488e-01
1.360000000000000000e+03 4.056013800914946565e-01
1.365333399999999983e+03 3.623074420790852179e-01
1.370666600000000017e+03 3.453360844054192968e-01
1.376000000000000000e+03 3.457376582757376027e-01
1.381333399999999983e+03 3.529162841757676472e-01
1.386666600000000017e+03 3.627475180802072763e-01
1.392000000000000000e+03 3.769641277039205707e-01
1.397333399999999983e+03 3.995634671437975349e-01
1.402666600000000017e+03 4.250573545236753792e-01
1.408000000000000000e+03 4.449778577100177990e-01
1.413333399999999983e+03 4.591000372548458830e-01
1.418666600000000017e+03 4.700445129505110842e-01
1.424000000000000000e+03 4.924961276096918028e-01
1.429333399999999983e+03 5.469890212092994863e-01
1.434666600000000017e+03 6.444276299645314010e-01
1.440000000000000000e+03 7.720436559829796375e-01
1.445333399999999983e+03 9.000402951938748508e-01
1.450666600000000017e+03 9.784560976493582585e-01
1.456000000000000000e+03 9.762422904995822215e-01
1.461333399999999983e+03 8.901965213375860886e-01
1.466666600000000017e+03 7.483157584135617935e-01
1.472000000000000000e+03 5.803614570347122026e-01
1.477333399999999983e+03 4.140683666849438449e-01
1.482666600000000017e+03 2.620878891516082998e-01
1.488000000000000000e+03 1.395796983350067189e-01
1.493333399999999983e+03 5.441745652310479853e-02
1.498666600000000017e+03 1.148876855484385826e-02
1.504000000000000000e+03 1.174807047473211061e-03
1.509333399999999983e+03 9.946412731031344795e-03
1.514666600000000017e+03 2.501779708534894453e-02
1.520000000000000000e+03 3.871684163222152697e-02
1.525333399999999983e+03 4.597398486245177218e-02
1.530666600000000017e+03 5.039624261172280517e-02
1.536000000000000000e+03 5.964514041434894331e-02
1.541333399999999983e+03 8.178833014037038829e-02
1.546666600000000017e+03 1.211083576633347342e-01
1.552000000000000000e+03 1.657456221088053350e-01
1.557333399999999983e+03 2.089986737545799778e-01
1.562666600000000017e+03 2.452626407530379138e-01
1.568000000000000000e+03 2.767747992022523973e-01
1.573333399999999983e+03 2.987190330384572046e-01
1.578666600000000017e+03 3.191097659703486800e-01
1.584000000000000000e+03 3.333939435248736705e-01
1.589333399999999983e+03 3.569899092750406511e-01
1.594666600000000017e+03 3.923368796432653016e-01
1.600000000000000000e+03 4.391286749879525497e-01
1.605333399999999983e+03 4.741838967858933995e-01
1.610666600000000017e+03 4.950254557837670544e-01
1.616000000000000000e+03 4.968730072219378902e-01
1.621333399999999983e+03 4.942302280341573928e-01
1.626666600000000017e+03 4.996355978902811135e-01
1.632000000000000000e+03 5.266978599011010731e-01
1.637333399999999983e+03 5.710501282582070015e-01
1.642666600000000017e+03 6.355528553598195352e-01
1.648000000000000000e+03 7.176405762825317503e-01
1.653333399999999983e+03 8.103252921750248028e-01
1.658666600000000017e+03 9.022891938404717926e-01
1.664000000000000000e+03 9.750826815590487584e-01
1.669333399999999983e+03 1.000000000000000000e+00
1.674666600000000017e+03 9.621267374399224970e-01
1.680000000000000000e+03 8.633764932658030133e-01
1.685333399999999983e+03 7.240198150015845213e-01
1.690666600000000017e+03 5.699549116990388908e-01
1.696000000000000000e+03 4.183517309069121892e-01
1.701333399999999983e+03 2.812131334493681023e-01
1.706666600000000017e+03 1.696056915131427811e-01
1.712000000000000000e+03 8.856044396996355650e-02
1.717333399999999983e+03 4.331360932878576542e-02
1.722666600000000017e+03 2.532959981264849836e-02
1.728000000000000000e+03 1.539832213241647436e-02
1.733333399999999983e+03 7.767245582333688961e-03
1.738666600000000017e+03 2.945847120799316432e-03
1.744000000000000000e+03 2.612792730631472923e-04
1.749333399999999983e+03 2.758887580512911844e-03
1.754666600000000017e+03 6.057136523661126905e-03
1.760000000000000000e+03 3.256251083766907844e-03
1.765333399999999983e+03 1.950036394860864969e-04
1.770666600000000017e+03 4.010587129679990190e-04
1.776000000000000000e+03 2.454383714778896313e-03
1.781333399999999983e+03 5.293372347502401168e-03
1.786666600000000017e+03 6.935652503752070056e-03
1.792000000000000000e+03 8.823053588853890100e-03
1.797333399999999983e+03 1.990651553731814100e-02
1.802666600000000017e+03 4.632005935752418757e-02
