6.080000000000000000e+02 1.553493867868857396e-02
6.133333099999999831e+02 3.548440997139261366e-02
6.186666900000000169e+02 3.872020316284564834e-02
6.240000000000000000e+02 3.250717260420709492e-02
6.293333099999999831e+02 2.618728837232504533e-02
6.346666900000000169e+02 2.497733283862392864e-02
6.400000000000000000e+02 2.814041445836434896e-02
6.453333099999999831e+02 2.665860204598105923e-02
6.506666900000000169e+02 2.023803150442823884e-02
6.560000000000000000e+02 1.243781193351804759e-02
6.613333099999999831e+02 5.054837908968825948e-03
6.666666900000000169e+02 2.890248325026854165e-04
6.720000000000000000e+02 1.710499187408149636e-03
6.773333099999999831e+02 6.125935401861959395e-03
6.826666900000000169e+02 1.482822030344560678e-02
6.880000000000000000e+02 3.134640883634272346e-02
6.933333099999999831e+02 5.184212143025265784e-02
6.986666900000000169e+02 7.096333762665471556e-02
7.040000000000000000e+02 8.549508235468467054e-02
7.093333099999999831e+02 9.247581382158184815e-02
7.146666900000000169e+02 9.249749925516219384e-02
7.200000000000000000e+02 9.163016401860774041e-02
7.253333099999999831e+02 9.079213901152717592e-02
7.306666900000000169e+02 8.898651939276366885e-02
7.360000000000000000e+02 8.561094198570201597e-02
7.413333099999999831e+02 8.002462663513215668e-02
7.466666900000000169e+02 7.504126868118789206e-02
7.520000000000000000e+02 7.615898764227413409e-02
7.573333099999999831e+02 8.159379561185955976e-02
7.626666900000000169e+02 8.607503081554386537e-02
7.680000000000000000e+02 8.514681908398415155e-02
7.733333099999999831e+02 7.645228505497780880e-02
7.786666900000000169e+02 6.176420835553118882e-02
7.840000000000000000e+02 4.623819496335089541e-02
7.893333099999999831e+02 3.692324989180136019e-02
7.946666900000000169e+02 4.076193073087272523e-02
8.000000000000000000e+02 6.350267763604054705e-02
8.053333099999999831e+02 1.049933314821790697e-01
8.106666900000000169e+02 1.516305887108965744e-01
8.160000000000000000e+02 1.897241666161214035e-01
8.213333099999999831e+02 2.131592463641023283e-01
8.266666900000000169e+02 2.216088682179823133e-01
8.320000000000000000e+02 2.254813898091808100e-01
8.373333099999999831e+02 2.354336954786524494e-01
8.426666900000000169e+02 2.526509140093208261e-01
8.480000000000000000e+02 2.772440993324457592e-01
8.533333099999999831e+02 3.001657060202281846e-01
8.586666900000000169e+02 3.085578827567073135e-01
8.640000000000000000e+02 3.057209477610494663e-01
8.693333099999999831e+02 2.950054554205421287e-01
8.746666900000000169e+02 2.858911698127732381e-01
8.800000000000000000e+02 2.826518757580593344e-01
8.853333099999999831e+02 2.796137524301357535e-01
8.906666900000000169e+02 2.698593197600571147e-01
8.960000000000000000e+02 2.598389099035113281e-01
9.013333099999999831e+02 2.517588558436049673e-01
9.066666900000000169e+02 2.569357875398156632e-01
9.120000000000000000e+02 2.722728074795413011e-01
9.173333099999999831e+02 2.911224500679541194e-01
9.226666900000000169e+02 3.095273825695741277e-01
9.280000000000000000e+02 3.254758723646139496e-01
9.333333099999999831e+02 3.354148394215984985e-01
9.386666900000000169e+02 3.407735293430514956e-01
9.440000000000000000e+02 3.363494973469710603e-01
9.493333099999999831e+02 3.208617859344193857e-01
9.546666900000000169e+02 3.030433722342418257e-01
9.600000000000000000e+02 2.885614264282637675e-01
9.653333099999999831e+02 2.777579461463282606e-01
9.706666900000000169e+02 2.677591755318765587e-01
9.760000000000000000e+02 2.501232566700379301e-01
9.813333099999999831e+02 2.361392380780918954e-01
9.866666900000000169e+02 2.509771582791144873e-01
9.920000000000000000e+02 3.041119722389952762e-01
9.973333099999999831e+02 3.776734610243152601e-01
1.002666699999999992e+03 4.350235342742890809e-01
1.008000000000000000e+03 4.356863727470512981e-01
1.013333300000000008e+03 3.920768451210299155e-01
1.018666699999999992e+03 3.462718604704707603e-01
1.024000000000000000e+03 3.276881184389323631e-01
1.029333399999999983e+03 3.383169750688134747e-01
1.034666600000000017e+03 3.531493868686495508e-01
1.040000000000000000e+03 3.418772537574076287e-01
1.045333399999999983e+03 3.070414226124953960e-01
1.050666600000000017e+03 2.687233375599811236e-01
1.056000000000000000e+03 2.415616564425051294e-01
1.061333399999999983e+03 2.309040297789983209e-01
1.066666600000000017e+03 2.302787101133276226e-01
1.072000000000000000e+03 2.327265994408124206e-01
1.077333399999999983e+03 2.358724930569792155e-01
1.082666600000000017e+03 2.400443366053150451e-01
1.088000000000000000e+03 2.418483774953129051e-01
1.093333399999999983e+03 2.384381715967266446e-01
1.098666600000000017e+03 2.239446611059766890e-01
1.104000000000000000e+03 2.016152169717192189e-01
1.109333399999999983e+03 1.773561958171662178e-01
1.114666600000000017e+03 1.538940841889486211e-01
1.120000000000000000e+03 1.293483962451849045e-01
1.125333399999999983e+03 1.030894592660261261e-01
1.130666600000000017e+03 6.775713528010299247e-02
1.136000000000000000e+03 3.134303278078223731e-02
1.141333399999999983e+03 6.666809783700702527e-03
1.146666600000000017e+03 1.338667860058686144e-03
1.152000000000000000e+03 1.641822511824374969e-02
1.157333399999999983e+03 4.596543915846758310e-02
1.162666600000000017e+03 7.352755388032955475e-02
1.168000000000000000e+03 9.177965335217040665e-02
1.173333399999999983e+03 9.867127179957703442e-02
1.178666600000000017e+03 9.916538733469804079e-02
1.184000000000000000e+03 1.013942735427315889e-01
1.189333399999999983e+03 1.144591193129118611e-01
1.194666600000000017e+03 1.433178462028432687e-01
1.200000000000000000e+03 1.866385819600178408e-01
1.205333399999999983e+03 2.350488228102386445e-01
1.210666600000000017e+03 2.850507456900876480e-01
1.216000000000000000e+03 3.373600493770696485e-01
1.221333399999999983e+03 3.975572613107569153e-01
1.226666600000000017e+03 4.707318763025978847e-01
1.232000000000000000e+03 5.526157566646096031e-01
1.237333399999999983e+03 6.263312203156270463e-01
1.242666600000000017e+03 6.777031348236202124e-01
1.248000000000000000e+03 7.029756719797155551e-01
1.253333399999999983e+03 7.024751647658409315e-01
1.258666600000000017e+03 6.855266758333687926e-01
1.264000000000000000e+03 6.637001265267897798e-01
1.269333399999999983e+03 6.397253070954309617e-01
1.274666600000000017e+03 6.140507832252278808e-01
1.280000000000000000e+03 5.888817174872733595e-01
1.285333399999999983e+03 5.609111079196674732e-01
1.290666600000000017e+03 5.344246695171712691e-01
1.296000000000000000e+03 5.206778518033271519e-01
1.301333399999999983e+03 5.266047720214644956e-01
1.306666600000000017e+03 5.536506432362017227e-01
1.312000000000000000e+03 5.923058579762560116e-01
1.317333399999999983e+03 6.259804435459342953e-01
1.322666600000000017e+03 6.447062395538539770e-01
1.328000000000000000e+03 6.457480135460897941e-01
1.333333399999999983e+03 6.346592388392193751e-01
1.338666600000000017e+03 6.130111344073861934e-01
1.344000000000000000e+03 5.769735839771339414e-01
1.349333399999999983e+03 5.231452026321997684e-01
1.354666600000000017e+03 4.548928410922487009e-01
1.360000000000000000e+03 3.816805248439561482e-01
1.365333399999999983e+03 3.239814860407138619e-01
1.370666600000000017e+03 2.906066377304816761e-01
1.376000000000000000e+03 2.811762917771643555e-01
1.381333399999999983e+03 2.902349880676032279e-01
1.386666600000000017e+03 3.093964702997736294e-01
1.392000000000000000e+03 3.302605970852031114e-01
1.397333399999999983e+03 3.533982301935474357e-01
1.402666600000000017e+03 3.747944662800960502e-01
1.408000000000000000e+03 3.922527110065913702e-01
1.413333399999999983e+03 4.074463204571860397e-01
1.418666600000000017e+03 4.266607874243186216e-01
1.424000000000000000e+03 4.592844246950008591e-01
1.429333399999999983e+03 5.247896170816972461e-01
1.434666600000000017e+03 6.310714295273412988e-01
1.440000000000000000e+03 7.678831590740824442e-01
1.445333399999999983e+03 9.004987939471827962e-01
1.450666600000000017e+03 9.888409078023042698e-01
1.456000000000000000e+03 1.000000000000000000e+00
1.461333399999999983e+03 9.298084199771297076e-01
1.466666600000000017e+03 7.923070267248836229e-01
1.472000000000000000e+03 6.158959646589309278e-01
1.477333399999999983e+03 4.312160979816022643e-01
1.482666600000000017e+03 2.688583339499500124e-01
1.488000000000000000e+03 1.461617180287061724e-01
1.493333399999999983e+03 6.658077569656839501e-02
1.498666600000000017e+03 2.213394970572979056e-02
1.504000000000000000e+03 3.884029481608223568e-03
1.509333399999999983e+03 3.968250595623831062e-03
1.514666600000000017e+03 1.704505412020051319e-02
1.520000000000000000e+03 3.659207334989121596e-02
1.525333399999999983e+03 5.442348340413569185e-02
1.530666600000000017e+03 6.993684281336058628e-02
1.536000000000000000e+03 8.829942527151250775e-02
1.541333399999999983e+03 1.114079866150593373e-01
1.546666600000000017e+03 1.388156088897317952e-01
1.552000000000000000e+03 1.643593274269791737e-01
1.557333399999999983e+03 1.793936259314467818e-01
1.562666600000000017e+03 1.868195838168855427e-01
1.568000000000000000e+03 1.916804281416531475e-01
1.573333399999999983e+03 1.959981722781885816e-01
1.578666600000000017e+03 2.025666264636923619e-01
1.584000000000000000e+03 2.125803067206452901e-01
1.589333399999999983e+03 2.268002815595468735e-01
1.594666600000000017e+03 2.548131000135364088e-01
1.600000000000000000e+03 2.966338196937324256e-01
1.605333399999999983e+03 3.425826593065141590e-01
1.610666600000000017e+03 3.794436200512565915e-01
1.616000000000000000e+03 4.003889597847113402e-01
1.621333399999999983e+03 4.090212749946344206e-01
1.626666600000000017e+03 4.212449684833004526e-01
1.632000000000000000e+03 4.503194464076036851e-01
1.637333399999999983e+03 4.988481607159672704e-01
1.642666600000000017e+03 5.657263255651979739e-01
1.648000000000000000e+03 6.504924683431331234e-01
1.653333399999999983e+03 7.499983680548798493e-01
1.658666600000000017e+03 8.537009427167410180e-01
1.664000000000000000e+03 9.427221916096651944e-01
1.669333399999999983e+03 9.835057769511919012e-01
1.674666600000000017e+03 9.562307635410177697e-01
1.680000000000000000e+03 8.625624159867378848e-01
1.685333399999999983e+03 7.192162974043484480e-01
1.690666600000000017e+03 5.544408623055256946e-01
1.696000000000000000e+03 3.988608238406073370e-01
1.701333399999999983e+03 2.660740061102003784e-01
1.706666600000000017e+03 1.643856679754406025e-01
1.712000000000000000e+03 9.621214341895797939e-02
1.717333399999999983e+03 5.532879924206285382e-02
1.722666600000000017e+03 3.481124222668806334e-02
1.728000000000000000e+03 2.641171676942113619e-02
1.733333399999999983e+03 1.977629601714359781e-02
1.738666600000000017e+03 1.176921662353838313e-02
1.744000000000000000e+03 3.688020959580470392e-03
1.749333399999999983e+03 0.000000000000000000e+00
1.754666600000000017e+03 2.722916927439124335e-03
1.760000000000000000e+03 8.071658530042883500e-03
1.765333399999999983e+03 1.100709691399601869e-02
1.770666600000000017e+03 1.241988201398538591e-02
1.776000000000000000e+03 1.404252088242724864e-02
1.781333399999999983e+03 1.880012983671156684e-02
1.786666600000000017e+03 2.604526954205423073e-02
1.792000000000000000e+03 3.150520076028866245e-02
1.797333399999999983e+03 3.034396702402690493e-02
1.802666600000000017e+03 1.843823807241526391e-02
