6.080000000000000000e+02 3.692851179209478280e-02
6.133333099999999831e+02 4.088433377195134499e-02
6.186666900000000169e+02 4.001994066566438857e-02
6.240000000000000000e+02 3.583624609984541187e-02
6.293333099999999831e+02 3.019872583570114288e-02
6.346666900000000169e+02 2.363118420057012600e-02
6.400000000000000000e+02 1.834443389116190148e-02
6.453333099999999831e+02 1.318188174601208490e-02
6.506666900000000169e+02 7.345656213496802589e-03
6.560000000000000000e+02 2.409450501216136784e-03
6.613333099999999831e+02 0.000000000000000000e+00
6.666666900000000169e+02 1.962196455739508016e-03
6.720000000000000000e+02 1.201604137567237676e-02
6.773333099999999831e+02 2.423049327938225223e-02
6.826666900000000169e+02 3.593240536249425743e-02
6.880000000000000000e+02 4.403147427232134703e-02
6.933333099999999831e+02 4.942207628084770155e-02
6.986666900000000169e+02 5.490039481501240298e-02
7.040000000000000000e+02 6.130503278644920673e-02
7.093333099999999831e+02 6.305513883772052852e-02
7.146666900000000169e+02 6.121163672064409284e-02
7.200000000000000000e+02 5.367348386885038153e-02
7.253333099999999831e+02 4.371139816682299145e-02
7.306666900000000169e+02 3.509530498750575850e-02
7.360000000000000000e+02 2.793653158859298394e-02
7.413333099999999831e+02 2.198868194299800211e-02
7.466666900000000169e+02 1.821339994929736805e-02
7.520000000000000000e+02 1.394120224634915611e-02
7.573333099999999831e+02 1.094573194990147193e-02
7.626666900000000169e+02 1.101470579516117959e-02
7.680000000000000000e+02 1.215630303225846004e-02
7.733333099999999831e+02 1.604233123847536094e-02
7.786666900000000169e+02 1.892680211516327080e-02
7.840000000000000000e+02 1.790745045507182234e-02
7.893333099999999831e+02 1.929267595474066371e-02
7.946666900000000169e+02 2.906213298281930257e-02
8.000000000000000000e+02 4.579031388157371596e-02
8.053333099999999831e+02 7.024482303458932930e-02
8.106666900000000169e+02 9.187045919054633025e-02
8.160000000000000000e+02 1.015049783300191188e-01
8.213333099999999831e+02 1.035259321663748594e-01
8.266666900000000169e+02 1.035350762169226363e-01
8.320000000000000000e+02 1.064168269175112397e-01
8.373333099999999831e+02 1.205834667654904907e-01
8.426666900000000169e+02 1.452370352274961751e-01
8.480000000000000000e+02 1.731655285720025694e-01
8.533333099999999831e+02 1.990912120053720535e-01
8.586666900000000169e+02 2.141895512596460882e-01
8.640000000000000000e+02 2.155171967485033091e-01
8.693333099999999831e+02 2.092747693579553869e-01
8.746666900000000169e+02 2.036525884421553079e-01
8.800000000000000000e+02 1.993452612948928282e-01
8.853333099999999831e+02 1.928806506204744087e-01
8.906666900000000169e+02 1.782807997581342951e-01
8.960000000000000000e+02 1.565983250192267417e-01
9.013333099999999831e+02 1.372629058907010591e-01
9.066666900000000169e+02 1.324229910409062683e-01
9.120000000000000000e+02 1.433946100414272562e-01
9.173333099999999831e+02 1.633454647029976836e-01
9.226666900000000169e+02 1.815181900924019709e-01
9.280000000000000000e+02 1.884504411440105498e-01
9.333333099999999831e+02 1.824837408323594645e-01
9.386666900000000169e+02 1.676782857619766864e-01
9.440000000000000000e+02 1.502472149491233810e-01
9.493333099999999831e+02 1.365954532772583607e-01
9.546666900000000169e+02 1.296038876290564190e-01
9.600000000000000000e+02 1.258453874151442553e-01
9.653333099999999831e+02 1.241344609711094726e-01
9.706666900000000169e+02 1.208872287483037655e-01
9.760000000000000000e+02 1.150655851092810267e-01
9.813333099999999831e+02 1.130445546452984590e-01
9.866666900000000169e+02 1.205370614358771408e-01
9.920000000000000000e+02 1.363038930189690301e-01
9.973333099999999831e+02 1.546006228963766049e-01
1.002666699999999992e+03 1.623114396480132005e-01
1.008000000000000000e+03 1.516447759036140819e-01
1.013333300000000008e+03 1.350854651931788775e-01
1.018666699999999992e+03 1.289640489236506538e-01
1.024000000000000000e+03 1.404740572665141018e-01
1.029333399999999983e+03 1.628213876784184722e-01
1.034666600000000017e+03 1.778756037222533892e-01
1.040000000000000000e+03 1.807933627716565017e-01
1.045333399999999983e+03 1.857753166416693524e-01
1.050666600000000017e+03 2.043208241921296298e-01
1.056000000000000000e+03 2.336296849269380305e-01
1.061333399999999983e+03 2.571041229454475996e-01
1.066666600000000017e+03 2.509193680622177625e-01
1.072000000000000000e+03 2.154905869773987293e-01
1.077333399999999983e+03 1.731669094662402486e-01
1.082666600000000017e+03 1.467655760131841014e-01
1.088000000000000000e+03 1.461580413547207968e-01
1.093333399999999983e+03 1.635426879124313171e-01
1.098666600000000017e+03 1.739948624127409804e-01
1.104000000000000000e+03 1.633071940215605478e-01
1.109333399999999983e+03 1.425256752068878030e-01
1.114666600000000017e+03 1.308478329791301076e-01
1.120000000000000000e+03 1.398873941583581304e-01
1.125333399999999983e+03 1.594145244987694998e-01
1.130666600000000017e+03 1.615686799292785358e-01
1.136000000000000000e+03 1.289377418680920095e-01
1.141333399999999983e+03 7.510258526871202434e-02
1.146666600000000017e+03 2.644688989484839103e-02
1.152000000000000000e+03 5.099561808481365907e-03
1.157333399999999983e+03 1.104465422735419894e-02
1.162666600000000017e+03 3.215203597518920958e-02
1.168000000000000000e+03 5.469200270365952993e-02
1.173333399999999983e+03 7.026476152295865751e-02
1.178666600000000017e+03 7.945132511632942152e-02
1.184000000000000000e+03 8.707122217908269679e-02
1.189333399999999983e+03 9.600643615034373801e-02
1.194666600000000017e+03 1.103284008222927826e-01
1.200000000000000000e+03 1.284081030743773055e-01
1.205333399999999983e+03 1.430471786927090816e-01
1.210666600000000017e+03 1.549290021326325539e-01
1.216000000000000000e+03 1.680653158883929910e-01
1.221333399999999983e+03 1.892459420745270793e-01
1.226666600000000017e+03 2.224790891006112048e-01
1.232000000000000000e+03 2.665181857475473204e-01
1.237333399999999983e+03 3.141328059028087871e-01
1.242666600000000017e+03 3.562825357349213018e-01
1.248000000000000000e+03 3.852450477543146734e-01
1.253333399999999983e+03 3.972746491555536053e-01
1.258666600000000017e+03 3.943972516234711123e-01
1.264000000000000000e+03 3.866989584302124028e-01
1.269333399999999983e+03 3.844746231509149070e-01
1.274666600000000017e+03 4.000976485872157484e-01
1.280000000000000000e+03 4.444359737080642581e-01
1.285333399999999983e+03 5.113452148964663380e-01
1.290666600000000017e+03 5.811913385015687883e-01
1.296000000000000000e+03 6.265382027440107304e-01
1.301333399999999983e+03 6.243009639744974137e-01
1.306666600000000017e+03 5.812005852353414603e-01
1.312000000000000000e+03 5.240629083663537191e-01
1.317333399999999983e+03 4.764962187416794115e-01
1.322666600000000017e+03 4.475898152791432105e-01
1.328000000000000000e+03 4.288542887184368935e-01
1.333333399999999983e+03 4.058693497638913295e-01
1.338666600000000017e+03 3.792401298788663500e-01
1.344000000000000000e+03 3.507988655045735649e-01
1.349333399999999983e+03 3.238263708049015643e-01
1.354666600000000017e+03 3.006072528467944038e-01
1.360000000000000000e+03 2.809571780786264128e-01
1.365333399999999983e+03 2.643739299170074775e-01
1.370666600000000017e+03 2.544964458365042148e-01
1.376000000000000000e+03 2.447703480419367583e-01
1.381333399999999983e+03 2.330911564245471412e-01
1.386666600000000017e+03 2.225879458685129653e-01
1.392000000000000000e+03 2.169232988683906793e-01
1.397333399999999983e+03 2.215988686835532184e-01
1.402666600000000017e+03 2.383591965710315785e-01
1.408000000000000000e+03 2.625285962702435527e-01
1.413333399999999983e+03 2.948844328978045826e-01
1.418666600000000017e+03 3.485042352437464630e-01
1.424000000000000000e+03 4.402561613145348218e-01
1.429333399999999983e+03 5.764018341754405528e-01
1.434666600000000017e+03 7.374905655469548016e-01
1.440000000000000000e+03 8.845802748443094554e-01
1.445333399999999983e+03 9.771851147911242430e-01
1.450666600000000017e+03 1.000000000000000000e+00
1.456000000000000000e+03 9.620585322305634790e-01
1.461333399999999983e+03 8.760753080541348048e-01
1.466666600000000017e+03 7.541795728731228721e-01
1.472000000000000000e+03 6.074596495823936237e-01
1.477333399999999983e+03 4.503732863880993142e-01
1.482666600000000017e+03 3.024393446810037522e-01
1.488000000000000000e+03 1.836317868692817767e-01
1.493333399999999983e+03 9.978257816500488153e-02
1.498666600000000017e+03 4.870367866305277266e-02
1.504000000000000000e+03 2.215034667241518734e-02
1.509333399999999983e+03 1.090668864132720954e-02
1.514666600000000017e+03 5.711009462000172891e-03
1.520000000000000000e+03 4.667284608957170990e-03
1.525333399999999983e+03 7.868238001235395088e-03
1.530666600000000017e+03 1.521731836950791436e-02
1.536000000000000000e+03 2.619735551667721346e-02
1.541333399999999983e+03 3.977259638136607794e-02
1.546666600000000017e+03 5.236369803327102501e-02
1.552000000000000000e+03 6.394032473050845211e-02
1.557333399999999983e+03 7.719581667576136397e-02
1.562666600000000017e+03 9.076844015027187018e-02
1.568000000000000000e+03 1.069272147137732554e-01
1.573333399999999983e+03 1.254031166290426602e-01
1.578666600000000017e+03 1.469332881811820923e-01
1.584000000000000000e+03 1.690813037263676211e-01
1.589333399999999983e+03 1.935885170080701989e-01
1.594666600000000017e+03 2.218512698009341977e-01
1.600000000000000000e+03 2.562210485458011333e-01
1.605333399999999983e+03 2.895191194778778399e-01
1.610666600000000017e+03 3.186079439539330482e-01
1.616000000000000000e+03 3.308306570794076196e-01
1.621333399999999983e+03 3.269391264921905349e-01
1.626666600000000017e+03 3.172454124439271772e-01
1.632000000000000000e+03 3.121775695476143864e-01
1.637333399999999983e+03 3.151793044341226757e-01
1.642666600000000017e+03 3.319242739126891384e-01
1.648000000000000000e+03 3.595986634579523833e-01
1.653333399999999983e+03 4.027146660660848032e-01
1.658666600000000017e+03 4.555540718539306533e-01
1.664000000000000000e+03 5.022195740353299076e-01
1.669333399999999983e+03 5.190370068649667878e-01
1.674666600000000017e+03 4.935561398115104192e-01
1.680000000000000000e+03 4.293461121520310009e-01
1.685333399999999983e+03 3.472717148376456286e-01
1.690666600000000017e+03 2.654539623048567942e-01
1.696000000000000000e+03 1.949998755995965283e-01
1.701333399999999983e+03 1.366212482104321724e-01
1.706666600000000017e+03 9.058548349155699786e-02
1.712000000000000000e+03 5.949628775189377827e-02
1.717333399999999983e+03 4.519064560350619097e-02
1.722666600000000017e+03 4.213615691662555424e-02
1.728000000000000000e+03 4.092441013993655674e-02
1.733333399999999983e+03 3.505939102905018118e-02
1.738666600000000017e+03 2.404858568180776382e-02
1.744000000000000000e+03 1.369989484973651792e-02
1.749333399999999983e+03 8.649756715274372482e-03
1.754666600000000017e+03 7.812201257871522267e-03
1.760000000000000000e+03 8.316679794874605805e-03
1.765333399999999983e+03 8.616435738431283548e-03
1.770666600000000017e+03 7.869521009652416868e-03
1.776000000000000000e+03 6.592073348512438036e-03
1.781333399999999983e+03 5.299830986557111344e-03
1.786666600000000017e+03 4.382623629268345318e-03
1.792000000000000000e+03 4.909305667983867097e-03
1.797333399999999983e+03 8.974511918224351709e-03
1.802666600000000017e+03 1.835253859884357006e-02
