6.080000000000000000e+02 1.728180075609841992e-02
6.133333099999999831e+02 2.253408754310484013e-02
6.186666900000000169e+02 3.201876688298377349e-02
6.240000000000000000e+02 4.173176114836459061e-02
6.293333099999999831e+02 4.596203087917218738e-02
6.346666900000000169e+02 4.304042932366655694e-02
6.400000000000000000e+02 3.384768339384827684e-02
6.453333099999999831e+02 2.027242164236773420e-02
6.506666900000000169e+02 8.812839333232062866e-03
6.560000000000000000e+02 2.588013473809874267e-03
6.613333099999999831e+02 1.811832820382531205e-03
6.666666900000000169e+02 4.486730667641009723e-03
6.720000000000000000e+02 1.131035348097342644e-02
6.773333099999999831e+02 2.218460507171413076e-02
6.826666900000000169e+02 3.702109809300122706e-02
6.880000000000000000e+02 5.648252213577418385e-02
6.933333099999999831e+02 7.448731190676975700e-02
6.986666900000000169e+02 8.582089111317620089e-02
7.040000000000000000e+02 9.084843175148343830e-02
7.093333099999999831e+02 9.379437027680399830e-02
7.146666900000000169e+02 9.552794765372620012e-02
7.200000000000000000e+02 9.808599693988823143e-02
7.253333099999999831e+02 9.451942819120162653e-02
7.306666900000000169e+02 8.862282663374115854e-02
7.360000000000000000e+02 8.363664672568693614e-02
7.413333099999999831e+02 8.374468070205295933e-02
7.466666900000000169e+02 9.089146581838541961e-02
7.520000000000000000e+02 1.017931764821395774e-01
7.573333099999999831e+02 1.069245308954316909e-01
7.626666900000000169e+02 1.065404718351331548e-01
7.680000000000000000e+02 9.670973504018683109e-02
7.733333099999999831e+02 7.962214681476770251e-02
7.786666900000000169e+02 6.773500175167880555e-02
7.840000000000000000e+02 6.683194206748047095e-02
7.893333099999999831e+02 7.666878356346189249e-02
7.946666900000000169e+02 9.587357226229015206e-02
8.000000000000000000e+02 1.176222990140945585e-01
8.053333099999999831e+02 1.417112263439649356e-01
8.106666900000000169e+02 1.743685026741474964e-01
8.160000000000000000e+02 2.107651481015717643e-01
8.213333099999999831e+02 2.403735589994611122e-01
8.266666900000000169e+02 2.588581061869548172e-01
8.320000000000000000e+02 2.712031647830489556e-01
8.373333099999999831e+02 2.912249241951855305e-01
8.426666900000000169e+02 3.278887572166179210e-01
8.480000000000000000e+02 3.706514014521870015e-01
8.533333099999999831e+02 3.985491580552787405e-01
8.586666900000000169e+02 3.995018348603310288e-01
8.640000000000000000e+02 3.813051047192405618e-01
8.693333099999999831e+02 3.610225217680241294e-01
8.746666900000000169e+02 3.480946902168282620e-01
8.800000000000000000e+02 3.424787647558478199e-01
8.853333099999999831e+02 3.343641797882209166e-01
8.906666900000000169e+02 3.183898080063014002e-01
8.960000000000000000e+02 3.042497472586878637e-01
9.013333099999999831e+02 3.022789771807347092e-01
9.066666900000000169e+02 3.161815147056891706e-01
9.120000000000000000e+02 3.450503293850493702e-01
9.173333099999999831e+02 3.753742629067727821e-01
9.226666900000000169e+02 3.965799178900191735e-01
9.280000000000000000e+02 4.053831693710833739e-01
9.333333099999999831e+02 4.043598635152382825e-01
9.386666900000000169e+02 3.999719711545700052e-01
9.440000000000000000e+02 3.951625557998768024e-01
9.493333099999999831e+02 3.859332367659697449e-01
9.546666900000000169e+02 3.715816666767847720e-01
9.600000000000000000e+02 3.523206743937001839e-01
9.653333099999999831e+02 3.335849594954007347e-01
9.706666900000000169e+02 3.188083920267043569e-01
9.760000000000000000e+02 3.028672135763735285e-01
9.813333099999999831e+02 2.960064909301069469e-01
9.866666900000000169e+02 3.173755598663123290e-01
9.920000000000000000e+02 3.723524062790285472e-01
9.973333099999999831e+02 4.455933738491216767e-01
1.002666699999999992e+03 4.999349058919865252e-01
1.008000000000000000e+03 4.947779073198234068e-01
1.013333300000000008e+03 4.435878385920510869e-01
1.018666699999999992e+03 3.906487737772771918e-01
1.024000000000000000e+03 3.668614132168698805e-01
1.029333399999999983e+03 3.724420181570635702e-01
1.034666600000000017e+03 3.828419107715071434e-01
1.040000000000000000e+03 3.691293989417052668e-01
1.045333399999999983e+03 3.342914100035498937e-01
1.050666600000000017e+03 3.000443174351669073e-01
1.056000000000000000e+03 2.812947971629723432e-01
1.061333399999999983e+03 2.772875961834175840e-01
1.066666600000000017e+03 2.803907472686099078e-01
1.072000000000000000e+03 2.801582561167861307e-01
1.077333399999999983e+03 2.736990979982871219e-01
1.082666600000000017e+03 2.662564041162207018e-01
1.088000000000000000e+03 2.632927314340970937e-01
1.093333399999999983e+03 2.601190806833875158e-01
1.098666600000000017e+03 2.489164086947235621e-01
1.104000000000000000e+03 2.259567318084336751e-01
1.109333399999999983e+03 1.954094208763899332e-01
1.114666600000000017e+03 1.650946123677053956e-01
1.120000000000000000e+03 1.415457656875601655e-01
1.125333399999999983e+03 1.155119366350718518e-01
1.130666600000000017e+03 7.896178119858630884e-02
1.136000000000000000e+03 3.830345874460811678e-02
1.141333399999999983e+03 8.122395070694801711e-03
1.146666600000000017e+03 7.402203321847534295e-04
1.152000000000000000e+03 1.754964347394027610e-02
1.157333399999999983e+03 4.751153611372097019e-02
1.162666600000000017e+03 7.385670455741333296e-02
1.168000000000000000e+03 9.046359333830672478e-02
1.173333399999999983e+03 9.625042114909856950e-02
1.178666600000000017e+03 9.034868392626189959e-02
1.184000000000000000e+03 8.239093569124569805e-02
1.189333399999999983e+03 9.184490710179007977e-02
1.194666600000000017e+03 1.256348605959718145e-01
1.200000000000000000e+03 1.824463974104024444e-01
1.205333399999999983e+03 2.473410367579192415e-01
1.210666600000000017e+03 3.002992181474260502e-01
1.216000000000000000e+03 3.442664727434289751e-01
1.221333399999999983e+03 4.020059865374503993e-01
1.226666600000000017e+03 4.869488098057214165e-01
1.232000000000000000e+03 5.924631568671148152e-01
1.237333399999999983e+03 6.898360083855682445e-01
1.242666600000000017e+03 7.498060244610066372e-01
1.248000000000000000e+03 7.608665455369976183e-01
1.253333399999999983e+03 7.380864236410022983e-01
1.258666600000000017e+03 7.037965353086051978e-01
1.264000000000000000e+03 6.732324517365058103e-01
1.269333399999999983e+03 6.506267012912826386e-01
1.274666600000000017e+03 6.345966617187972503e-01
1.280000000000000000e+03 6.162086192510205507e-01
1.285333399999999983e+03 5.942614013575033827e-01
1.290666600000000017e+03 5.710738255120025864e-01
1.296000000000000000e+03 5.557074659018229612e-01
1.301333399999999983e+03 5.618349277624393734e-01
1.306666600000000017e+03 5.911184793790082992e-01
1.312000000000000000e+03 6.276805314176832074e-01
1.317333399999999983e+03 6.572006259182613386e-01
1.322666600000000017e+03 6.657527060074456271e-01
1.328000000000000000e+03 6.539971907652606387e-01
1.333333399999999983e+03 6.322341946370423349e-01
1.338666600000000017e+03 6.074146796283137473e-01
1.344000000000000000e+03 5.691555532148455665e-01
1.349333399999999983e+03 5.188671837339304815e-01
1.354666600000000017e+03 4.566771947679555410e-01
1.360000000000000000e+03 3.910079610760564539e-01
1.365333399999999983e+03 3.330002840562087396e-01
1.370666600000000017e+03 2.968772397068430990e-01
1.376000000000000000e+03 2.775391406447116349e-01
1.381333399999999983e+03 2.770526955592401697e-01
1.386666600000000017e+03 2.909359448397116354e-01
1.392000000000000000e+03 3.138876062434631242e-01
1.397333399999999983e+03 3.430946782120182226e-01
1.402666600000000017e+03 3.783832793019604179e-01
1.408000000000000000e+03 4.096019446326213398e-01
1.413333399999999983e+03 4.315585142660082751e-01
1.418666600000000017e+03 4.384352335401752176e-01
1.424000000000000000e+03 4.468332564835195142e-01
1.429333399999999983e+03 4.881480088635882231e-01
1.434666600000000017e+03 5.806686838807737505e-01
1.440000000000000000e+03 7.165172046129026917e-01
1.445333399999999983e+03 8.655635519537440148e-01
1.450666600000000017e+03 9.673953339038970922e-01
1.456000000000000000e+03 9.879382673176042573e-01
1.461333399999999983e+03 9.214759380541130973e-01
1.466666600000000017e+03 7.830216686406801241e-01
1.472000000000000000e+03 6.073963496301679754e-01
1.477333399999999983e+03 4.363578407209198762e-01
1.482666600000000017e+03 2.873187246714520859e-01
1.488000000000000000e+03 1.722517545179228782e-01
1.493333399999999983e+03 9.114317968524293656e-02
1.498666600000000017e+03 3.831919986806499312e-02
1.504000000000000000e+03 9.563067379282043021e-03
1.509333399999999983e+03 8.099238254666626252e-04
1.514666600000000017e+03 1.403340364702583554e-03
1.520000000000000000e+03 5.340634388028026730e-03
1.525333399999999983e+03 9.977284322326956251e-03
1.530666600000000017e+03 1.666756448822070968e-02
1.536000000000000000e+03 3.080380868099111269e-02
1.541333399999999983e+03 5.429891406855427011e-02
1.546666600000000017e+03 7.998068051111315024e-02
1.552000000000000000e+03 1.065427325440480438e-01
1.557333399999999983e+03 1.305449898393200581e-01
1.562666600000000017e+03 1.474473263930932698e-01
1.568000000000000000e+03 1.614783961304540605e-01
1.573333399999999983e+03 1.717681211075837155e-01
1.578666600000000017e+03 1.774574225291019047e-01
1.584000000000000000e+03 1.881189249535406560e-01
1.589333399999999983e+03 2.090397358774564451e-01
1.594666600000000017e+03 2.394138552688853672e-01
1.600000000000000000e+03 2.836538162797375695e-01
1.605333399999999983e+03 3.265408023481458089e-01
1.610666600000000017e+03 3.606871389465563515e-01
1.616000000000000000e+03 3.791874366201894997e-01
1.621333399999999983e+03 3.883041657731555185e-01
1.626666600000000017e+03 3.997039418629375063e-01
1.632000000000000000e+03 4.326487148583620379e-01
1.637333399999999983e+03 4.855686341948614593e-01
1.642666600000000017e+03 5.609120601240551451e-01
1.648000000000000000e+03 6.485365625675603152e-01
1.653333399999999983e+03 7.496397078350278687e-01
1.658666600000000017e+03 8.563109011828351491e-01
1.664000000000000000e+03 9.514333643427009823e-01
1.669333399999999983e+03 1.000000000000000000e+00
1.674666600000000017e+03 9.834875582743168865e-01
1.680000000000000000e+03 8.970156079069263599e-01
1.685333399999999983e+03 7.608961986293952817e-01
1.690666600000000017e+03 6.034200696057282487e-01
1.696000000000000000e+03 4.472996299319174085e-01
1.701333399999999983e+03 3.033118534612960215e-01
1.706666600000000017e+03 1.863489845869858164e-01
1.712000000000000000e+03 1.019870599092400354e-01
1.717333399999999983e+03 4.997454014894295304e-02
1.722666600000000017e+03 2.591320880408725519e-02
1.728000000000000000e+03 1.658595697485322831e-02
1.733333399999999983e+03 1.128349855728172368e-02
1.738666600000000017e+03 9.073764171365123268e-03
1.744000000000000000e+03 8.096459471545264935e-03
1.749333399999999983e+03 7.102608888990087979e-03
1.754666600000000017e+03 4.731582677187894104e-03
1.760000000000000000e+03 1.248139576068252668e-03
1.765333399999999983e+03 0.000000000000000000e+00
1.770666600000000017e+03 4.165830089859972468e-03
1.776000000000000000e+03 1.271954177770046220e-02
1.781333399999999983e+03 1.906465817629684339e-02
1.786666600000000017e+03 1.790165303101166200e-02
1.792000000000000000e+03 1.347771199510561582e-02
1.797333399999999983e+03 1.456493858905710120e-02
1.802666600000000017e+03 2.751228747349959008e-02
