6.080000000000000000e+02 1.094773842334159364e-01
6.133333099999999831e+02 1.197263444247215758e-01
6.186666900000000169e+02 1.118738622268999339e-01
6.240000000000000000e+02 9.310895189251494619e-02
6.293333099999999831e+02 7.221538887498561710e-02
6.346666900000000169e+02 5.331259116252413943e-02
6.400000000000000000e+02 4.455318441912270444e-02
6.453333099999999831e+02 3.524813268739544758e-02
6.506666900000000169e+02 2.303459419511678583e-02
6.560000000000000000e+02 1.188060399161948444e-02
6.613333099999999831e+02 2.823848771195279841e-03
6.666666900000000169e+02 0.000000000000000000e+00
6.720000000000000000e+02 1.594885331093404829e-02
6.773333099999999831e+02 3.763407981581867734e-02
6.826666900000000169e+02 6.465906235432361537e-02
6.880000000000000000e+02 9.685850102274112805e-02
6.933333099999999831e+02 1.244733526989941774e-01
6.986666900000000169e+02 1.384844852047575348e-01
7.040000000000000000e+02 1.382964402230364709e-01
7.093333099999999831e+02 1.243281537786198321e-01
7.146666900000000169e+02 1.079527574470037776e-01
7.200000000000000000e+02 1.001194216640286794e-01
7.253333099999999831e+02 1.012321815541173398e-01
7.306666900000000169e+02 1.082238799896457215e-01
7.360000000000000000e+02 1.123016264907061856e-01
7.413333099999999831e+02 1.146240576615059625e-01
7.466666900000000169e+02 1.126106123818536309e-01
7.520000000000000000e+02 1.021189085863730417e-01
7.573333099999999831e+02 8.836614708234161175e-02
7.626666900000000169e+02 8.198873478638851742e-02
7.680000000000000000e+02 7.798001919683911209e-02
7.733333099999999831e+02 8.180166054497295391e-02
7.786666900000000169e+02 8.884566955194109217e-02
7.840000000000000000e+02 8.993181962049043299e-02
7.893333099999999831e+02 9.203323022701190292e-02
7.946666900000000169e+02 1.053582832283476711e-01
8.000000000000000000e+02 1.306849683821839636e-01
8.053333099999999831e+02 1.690426655606442063e-01
8.106666900000000169e+02 2.094829773470359147e-01
8.160000000000000000e+02 2.404163001824434487e-01
8.213333099999999831e+02 2.597907364964040511e-01
8.266666900000000169e+02 2.712705616860185964e-01
8.320000000000000000e+02 2.819013665084006970e-01
8.373333099999999831e+02 3.000601494355235599e-01
8.426666900000000169e+02 3.240253912204127951e-01
8.480000000000000000e+02 3.505190455279768025e-01
8.533333099999999831e+02 3.688580754469626966e-01
8.586666900000000169e+02 3.750829181506428744e-01
8.640000000000000000e+02 3.754351549848681802e-01
8.693333099999999831e+02 3.773264425373934472e-01
8.746666900000000169e+02 3.812815735174581722e-01
8.800000000000000000e+02 3.817863488736223387e-01
8.853333099999999831e+02 3.674604308721922674e-01
8.906666900000000169e+02 3.378767281854093696e-01
8.960000000000000000e+02 3.083202746687923046e-01
9.013333099999999831e+02 2.894892077990471324e-01
9.066666900000000169e+02 2.940468913017394992e-01
9.120000000000000000e+02 3.221450762477275909e-01
9.173333099999999831e+02 3.584851812601281829e-01
9.226666900000000169e+02 3.890203782169971425e-01
9.280000000000000000e+02 4.008147825470153580e-01
9.333333099999999831e+02 3.920333742985270264e-01
9.386666900000000169e+02 3.751309508302018703e-01
9.440000000000000000e+02 3.628773414955423493e-01
9.493333099999999831e+02 3.518938153714009087e-01
9.546666900000000169e+02 3.400883592989337734e-01
9.600000000000000000e+02 3.190184983889399750e-01
9.653333099999999831e+02 2.981801315629425964e-01
9.706666900000000169e+02 2.834731055937272370e-01
9.760000000000000000e+02 2.795861645498380899e-01
9.813333099999999831e+02 2.861914192658735479e-01
9.866666900000000169e+02 3.083641623365271922e-01
9.920000000000000000e+02 3.448231699399977868e-01
9.973333099999999831e+02 3.904885438735818948e-01
1.002666699999999992e+03 4.190480929047384340e-01
1.008000000000000000e+03 4.078434866670822001e-01
1.013333300000000008e+03 3.666780497479023015e-01
1.018666699999999992e+03 3.273079483284696556e-01
1.024000000000000000e+03 3.073990547097422144e-01
1.029333399999999983e+03 3.143789140564721696e-01
1.034666600000000017e+03 3.245471667513883940e-01
1.040000000000000000e+03 3.212662281626009753e-01
1.045333399999999983e+03 3.049641219487383981e-01
1.050666600000000017e+03 2.872433014131452467e-01
1.056000000000000000e+03 2.679842061208326798e-01
1.061333399999999983e+03 2.587520844133293640e-01
1.066666600000000017e+03 2.538046457285152990e-01
1.072000000000000000e+03 2.608524555180474769e-01
1.077333399999999983e+03 2.711949526417859468e-01
1.082666600000000017e+03 2.817245737834517816e-01
1.088000000000000000e+03 2.868271569001794030e-01
1.093333399999999983e+03 2.865090311650572708e-01
1.098666600000000017e+03 2.756880209323457898e-01
1.104000000000000000e+03 2.587668657962984842e-01
1.109333399999999983e+03 2.326008829494891628e-01
1.114666600000000017e+03 2.042384727520680232e-01
1.120000000000000000e+03 1.798369385471265125e-01
1.125333399999999983e+03 1.526569444072460868e-01
1.130666600000000017e+03 1.152338279744274940e-01
1.136000000000000000e+03 7.222742374619625649e-02
1.141333399999999983e+03 3.335594393120342588e-02
1.146666600000000017e+03 1.341086694933858563e-02
1.152000000000000000e+03 2.105026611280158555e-02
1.157333399999999983e+03 4.312113179105088456e-02
1.162666600000000017e+03 6.058188647217158801e-02
1.168000000000000000e+03 7.166889735284776020e-02
1.173333399999999983e+03 6.686067703648684857e-02
1.178666600000000017e+03 5.757761746040910428e-02
1.184000000000000000e+03 6.125003527539076009e-02
1.189333399999999983e+03 8.314806047162948133e-02
1.194666600000000017e+03 1.199443599827664519e-01
1.200000000000000000e+03 1.752259706234786385e-01
1.205333399999999983e+03 2.245173834473325192e-01
1.210666600000000017e+03 2.723363281847546169e-01
1.216000000000000000e+03 3.282591432862995706e-01
1.221333399999999983e+03 3.947620717998643891e-01
1.226666600000000017e+03 4.713756931189853616e-01
1.232000000000000000e+03 5.573336314086028143e-01
1.237333399999999983e+03 6.220700699324719363e-01
1.242666600000000017e+03 6.569359865039035018e-01
1.248000000000000000e+03 6.579036431075433455e-01
1.253333399999999983e+03 6.302482515953754527e-01
1.258666600000000017e+03 5.918280745405305465e-01
1.264000000000000000e+03 5.636221328223033344e-01
1.269333399999999983e+03 5.397926452449846035e-01
1.274666600000000017e+03 5.227858860376443095e-01
1.280000000000000000e+03 5.056696108802989365e-01
1.285333399999999983e+03 4.900146767893399091e-01
1.290666600000000017e+03 4.793130481916687002e-01
1.296000000000000000e+03 4.751567620156568195e-01
1.301333399999999983e+03 4.784203457383319757e-01
1.306666600000000017e+03 4.950198422637687723e-01
1.312000000000000000e+03 5.212578815315284109e-01
1.317333399999999983e+03 5.565353393736164334e-01
1.322666600000000017e+03 5.850879649882387845e-01
1.328000000000000000e+03 5.911272619268098660e-01
1.333333399999999983e+03 5.816195240621733209e-01
1.338666600000000017e+03 5.514483692659770675e-01
1.344000000000000000e+03 5.000622051504652887e-01
1.349333399999999983e+03 4.324022429691630753e-01
1.354666600000000017e+03 3.500116466812815963e-01
1.360000000000000000e+03 2.646181771569990904e-01
1.365333399999999983e+03 2.049765989779646913e-01
1.370666600000000017e+03 1.692610955620549584e-01
1.376000000000000000e+03 1.544505987889704113e-01
1.381333399999999983e+03 1.537662043233316289e-01
1.386666600000000017e+03 1.622469321063646497e-01
1.392000000000000000e+03 1.708817969930762903e-01
1.397333399999999983e+03 1.879306571014232319e-01
1.402666600000000017e+03 2.153637909776062176e-01
1.408000000000000000e+03 2.486631041696394651e-01
1.413333399999999983e+03 2.795461060665628827e-01
1.418666600000000017e+03 3.068580580871336783e-01
1.424000000000000000e+03 3.325359363224082432e-01
1.429333399999999983e+03 3.873138475742656239e-01
1.434666600000000017e+03 5.045122263727245260e-01
1.440000000000000000e+03 6.722008682631515075e-01
1.445333399999999983e+03 8.470493936902764309e-01
1.450666600000000017e+03 9.705857782002041967e-01
1.456000000000000000e+03 1.000000000000000000e+00
1.461333399999999983e+03 9.372742486040944732e-01
1.466666600000000017e+03 8.202141989100694142e-01
1.472000000000000000e+03 6.816269278735055392e-01
1.477333399999999983e+03 5.519042593097773786e-01
1.482666600000000017e+03 4.390008706072338618e-01
1.488000000000000000e+03 3.459823330623019166e-01
1.493333399999999983e+03 2.688776865447326525e-01
1.498666600000000017e+03 2.043685617595949744e-01
1.504000000000000000e+03 1.506927921318803321e-01
1.509333399999999983e+03 1.056892308014808213e-01
1.514666600000000017e+03 6.406852505500196249e-02
1.520000000000000000e+03 3.444374019070964299e-02
1.525333399999999983e+03 1.801470903067814433e-02
1.530666600000000017e+03 1.609603982892263488e-02
1.536000000000000000e+03 3.614465184993562868e-02
1.541333399999999983e+03 7.493953039560896645e-02
1.546666600000000017e+03 1.272551577125857758e-01
1.552000000000000000e+03 1.873134291563976206e-01
1.557333399999999983e+03 2.355852015120831477e-01
1.562666600000000017e+03 2.675226478282239362e-01
1.568000000000000000e+03 2.905191625810916167e-01
1.573333399999999983e+03 3.030795281945155017e-01
1.578666600000000017e+03 3.113105606275954340e-01
1.584000000000000000e+03 3.149108088945521411e-01
1.589333399999999983e+03 3.113240284206062469e-01
1.594666600000000017e+03 3.189735219255240839e-01
1.600000000000000000e+03 3.476521975040279266e-01
1.605333399999999983e+03 3.858495537204394421e-01
1.610666600000000017e+03 4.231950111696989314e-01
1.616000000000000000e+03 4.436431275551905862e-01
1.621333399999999983e+03 4.509247788407125812e-01
1.626666600000000017e+03 4.641172312963375290e-01
1.632000000000000000e+03 4.916402929898797680e-01
1.637333399999999983e+03 5.381504115665466381e-01
1.642666600000000017e+03 6.039163894776484742e-01
1.648000000000000000e+03 6.791521293797300185e-01
1.653333399999999983e+03 7.640597483873147189e-01
1.658666600000000017e+03 8.562503272936258236e-01
1.664000000000000000e+03 9.339906618452823439e-01
1.669333399999999983e+03 9.721037411798615357e-01
1.674666600000000017e+03 9.507747067710762279e-01
1.680000000000000000e+03 8.643307330118377152e-01
1.685333399999999983e+03 7.270527715221399845e-01
1.690666600000000017e+03 5.713626574518366752e-01
1.696000000000000000e+03 4.208304704200585555e-01
1.701333399999999983e+03 2.857428328345193447e-01
1.706666600000000017e+03 1.755533736630888741e-01
1.712000000000000000e+03 9.641877823146915993e-02
1.717333399999999983e+03 4.459779000479555111e-02
1.722666600000000017e+03 1.830923988658985854e-02
1.728000000000000000e+03 1.044267191606371159e-02
1.733333399999999983e+03 9.994703268348073544e-03
1.738666600000000017e+03 1.616575229880203371e-02
1.744000000000000000e+03 2.471493527322734737e-02
1.749333399999999983e+03 2.691231195298216666e-02
1.754666600000000017e+03 2.368620606712452253e-02
1.760000000000000000e+03 2.075999327494966462e-02
1.765333399999999983e+03 2.134816338972962690e-02
1.770666600000000017e+03 3.153464939245463616e-02
1.776000000000000000e+03 4.727936206954982262e-02
1.781333399999999983e+03 5.630185067765765272e-02
1.786666600000000017e+03 5.512390342683531202e-02
1.792000000000000000e+03 4.850236662994182602e-02
1.797333399999999983e+03 4.228885673195111050e-02
1.802666600000000017e+03 4.102205710218256862e-02
