6.080000000000000000e+02 7.606853353427564524e-02
6.133333099999999831e+02 1.028142365392642199e-01
6.186666900000000169e+02 9.794665832338393663e-02
6.240000000000000000e+02 7.453950560946770443e-02
6.293333099999999831e+02 4.977966673181309643e-02
6.346666900000000169e+02 3.061068672252440642e-02
6.400000000000000000e+02 1.666353713995898794e-02
6.453333099999999831e+02 5.277481593666429049e-03
6.506666900000000169e+02 0.000000000000000000e+00
6.560000000000000000e+02 2.486842718601729729e-03
6.613333099999999831e+02 1.470121173609836504e-02
6.666666900000000169e+02 2.763355812275776480e-02
6.720000000000000000e+02 3.455217683608322737e-02
6.773333099999999831e+02 3.726352182786678985e-02
6.826666900000000169e+02 4.557157302134726834e-02
6.880000000000000000e+02 5.971861392273465630e-02
6.933333099999999831e+02 7.897350746114700781e-02
6.986666900000000169e+02 9.852062289236830639e-02
7.040000000000000000e+02 1.129617525770027636e-01
7.093333099999999831e+02 1.252472758882315351e-01
7.146666900000000169e+02 1.404741159466674494e-01
7.200000000000000000e+02 1.435746967427639076e-01
7.253333099999999831e+02 1.367042329798870137e-01
7.306666900000000169e+02 1.229073520373843292e-01
7.360000000000000000e+02 1.084395416686409486e-01
7.413333099999999831e+02 1.017417495774509129e-01
7.466666900000000169e+02 1.064607308010325215e-01
7.520000000000000000e+02 1.079023926937932309e-01
7.573333099999999831e+02 1.064051118884213748e-01
7.626666900000000169e+02 9.828970267794985560e-02
7.680000000000000000e+02 9.330538726437931363e-02
7.733333099999999831e+02 9.232387507818906602e-02
7.786666900000000169e+02 1.021816639376053187e-01
7.840000000000000000e+02 1.182186686672202641e-01
7.893333099999999831e+02 1.364854312587610030e-01
7.946666900000000169e+02 1.534003266869382875e-01
8.000000000000000000e+02 1.772155648530434335e-01
8.053333099999999831e+02 2.041763717873295303e-01
8.106666900000000169e+02 2.430883816003973630e-01
8.160000000000000000e+02 2.872325710541851485e-01
8.213333099999999831e+02 3.223041431932817114e-01
8.266666900000000169e+02 3.402249934085575522e-01
8.320000000000000000e+02 3.535442170040010712e-01
8.373333099999999831e+02 3.676909456806903842e-01
8.426666900000000169e+02 3.898776420487447547e-01
8.480000000000000000e+02 4.172114624330454657e-01
8.533333099999999831e+02 4.330972646559210215e-01
8.586666900000000169e+02 4.280403121712688108e-01
8.640000000000000000e+02 4.231938868383173236e-01
8.693333099999999831e+02 4.234344788881935218e-01
8.746666900000000169e+02 4.244152357030044342e-01
8.800000000000000000e+02 4.181426868923688311e-01
8.853333099999999831e+02 3.943172635382480307e-01
8.906666900000000169e+02 3.544929172737211198e-01
8.960000000000000000e+02 3.251628230646775308e-01
9.013333099999999831e+02 3.227688431389291179e-01
9.066666900000000169e+02 3.462339674866572459e-01
9.120000000000000000e+02 3.782267728260013118e-01
9.173333099999999831e+02 4.048851643843731085e-01
9.226666900000000169e+02 4.142945508201601457e-01
9.280000000000000000e+02 4.120381202160889322e-01
9.333333099999999831e+02 4.072175439043102529e-01
9.386666900000000169e+02 4.037919466941359836e-01
9.440000000000000000e+02 3.938872304527346602e-01
9.493333099999999831e+02 3.764862731412914609e-01
9.546666900000000169e+02 3.523519739581257859e-01
9.600000000000000000e+02 3.296993388063524932e-01
9.653333099999999831e+02 3.081830106761968557e-01
9.706666900000000169e+02 2.942433069834236581e-01
9.760000000000000000e+02 2.814582250916665696e-01
9.813333099999999831e+02 2.847389174880398666e-01
9.866666900000000169e+02 3.176223007517695596e-01
9.920000000000000000e+02 3.796154405669115439e-01
9.973333099999999831e+02 4.408006520446780541e-01
1.002666699999999992e+03 4.737226807364308678e-01
1.008000000000000000e+03 4.527542680545710296e-01
1.013333300000000008e+03 4.071521076383602944e-01
1.018666699999999992e+03 3.724388969506842728e-01
1.024000000000000000e+03 3.711001756811546648e-01
1.029333399999999983e+03 3.938894386838916462e-01
1.034666600000000017e+03 4.048950598463098571e-01
1.040000000000000000e+03 3.853879191235037305e-01
1.045333399999999983e+03 3.426288509762060452e-01
1.050666600000000017e+03 2.950722758348384156e-01
1.056000000000000000e+03 2.635576358224451243e-01
1.061333399999999983e+03 2.621506725062622833e-01
1.066666600000000017e+03 2.709210070717706365e-01
1.072000000000000000e+03 2.921108402634849943e-01
1.077333399999999983e+03 3.099916288511695983e-01
1.082666600000000017e+03 3.181692182686712278e-01
1.088000000000000000e+03 3.120648131957905469e-01
1.093333399999999983e+03 3.006349027328155121e-01
1.098666600000000017e+03 2.782437447273633513e-01
1.104000000000000000e+03 2.563515259943484059e-01
1.109333399999999983e+03 2.326805849330080278e-01
1.114666600000000017e+03 2.084735428016985803e-01
1.120000000000000000e+03 1.738951601699338101e-01
1.125333399999999983e+03 1.328286980035240927e-01
1.130666600000000017e+03 8.354330983953020540e-02
1.136000000000000000e+03 3.939290898162833149e-02
1.141333399999999983e+03 1.142377142916552873e-02
1.146666600000000017e+03 1.281294118962587880e-02
1.152000000000000000e+03 3.992229281424160281e-02
1.157333399999999983e+03 8.301280913779698900e-02
1.162666600000000017e+03 1.250918213645783317e-01
1.168000000000000000e+03 1.542003891351244049e-01
1.173333399999999983e+03 1.671841159521776643e-01
1.178666600000000017e+03 1.737142106145702081e-01
1.184000000000000000e+03 1.846023437689206237e-01
1.189333399999999983e+03 2.057181090606400309e-01
1.194666600000000017e+03 2.412743259556672515e-01
1.200000000000000000e+03 2.803139540604859259e-01
1.205333399999999983e+03 3.151383785882159727e-01
1.210666600000000017e+03 3.438550329370651526e-01
1.216000000000000000e+03 3.783477808227040939e-01
1.221333399999999983e+03 4.353072413537920071e-01
1.226666600000000017e+03 5.284742479282554806e-01
1.232000000000000000e+03 6.403406740042751899e-01
1.237333399999999983e+03 7.409839032248539681e-01
1.242666600000000017e+03 7.984261508442911381e-01
1.248000000000000000e+03 8.104045972735864911e-01
1.253333399999999983e+03 7.878106221573942802e-01
1.258666600000000017e+03 7.562058332463473809e-01
1.264000000000000000e+03 7.238494883999267993e-01
1.269333399999999983e+03 6.953056534115621412e-01
1.274666600000000017e+03 6.620814004966417698e-01
1.280000000000000000e+03 6.315624251604911032e-01
1.285333399999999983e+03 6.042395329142946636e-01
1.290666600000000017e+03 5.948946964677030991e-01
1.296000000000000000e+03 6.025315000312807534e-01
1.301333399999999983e+03 6.296631421715395138e-01
1.306666600000000017e+03 6.659431091323717578e-01
1.312000000000000000e+03 6.965737148466715212e-01
1.317333399999999983e+03 7.104047680723635239e-01
1.322666600000000017e+03 7.124832511465850615e-01
1.328000000000000000e+03 7.020226371656248521e-01
1.333333399999999983e+03 6.773491659652860486e-01
1.338666600000000017e+03 6.355299483121434889e-01
1.344000000000000000e+03 5.730049318200338693e-01
1.349333399999999983e+03 4.927384534625268708e-01
1.354666600000000017e+03 4.152654310057833920e-01
1.360000000000000000e+03 3.612081390521013069e-01
1.365333399999999983e+03 3.329105215470763990e-01
1.370666600000000017e+03 3.292698305930876201e-01
1.376000000000000000e+03 3.438875428810934665e-01
1.381333399999999983e+03 3.553509131722472625e-01
1.386666600000000017e+03 3.609955699788032768e-01
1.392000000000000000e+03 3.653978322991501271e-01
1.397333399999999983e+03 3.738700644529041051e-01
1.402666600000000017e+03 3.885966273715517616e-01
1.408000000000000000e+03 4.058670391398341293e-01
1.413333399999999983e+03 4.203862572258529884e-01
1.418666600000000017e+03 4.359689630937890192e-01
1.424000000000000000e+03 4.679922846936284131e-01
1.429333399999999983e+03 5.420711587756463778e-01
1.434666600000000017e+03 6.577705477552341362e-01
1.440000000000000000e+03 7.924023473468694290e-01
1.445333399999999983e+03 9.214472516568028571e-01
1.450666600000000017e+03 9.988545010915045319e-01
1.456000000000000000e+03 1.000000000000000000e+00
1.461333399999999983e+03 9.283107651135852345e-01
1.466666600000000017e+03 7.897852480189027080e-01
1.472000000000000000e+03 6.091491070513719297e-01
1.477333399999999983e+03 4.318400677579947722e-01
1.482666600000000017e+03 2.756820765431065023e-01
1.488000000000000000e+03 1.597907850145902642e-01
1.493333399999999983e+03 8.579760169458623686e-02
1.498666600000000017e+03 3.931075183701568387e-02
1.504000000000000000e+03 1.455870282803055707e-02
1.509333399999999983e+03 1.046299873371501349e-02
1.514666600000000017e+03 1.608445417020883464e-02
1.520000000000000000e+03 2.833921572140819800e-02
1.525333399999999983e+03 3.933957487957961269e-02
1.530666600000000017e+03 4.784286376099193550e-02
1.536000000000000000e+03 6.007674191207467568e-02
1.541333399999999983e+03 8.067050597544025980e-02
1.546666600000000017e+03 1.073270672160005768e-01
1.552000000000000000e+03 1.368498504332237298e-01
1.557333399999999983e+03 1.641644340103450561e-01
1.562666600000000017e+03 1.833150741639642256e-01
1.568000000000000000e+03 1.973490220722256827e-01
1.573333399999999983e+03 2.088761483668983288e-01
1.578666600000000017e+03 2.175042393559334375e-01
1.584000000000000000e+03 2.269742338055773245e-01
1.589333399999999983e+03 2.375631670834294495e-01
1.594666600000000017e+03 2.529360118394978207e-01
1.600000000000000000e+03 2.817872644590198594e-01
1.605333399999999983e+03 3.184751565075271129e-01
1.610666600000000017e+03 3.548037696887663683e-01
1.616000000000000000e+03 3.828342681287376092e-01
1.621333399999999983e+03 4.041647447340568355e-01
1.626666600000000017e+03 4.350322364736241565e-01
1.632000000000000000e+03 4.823667020772470782e-01
1.637333399999999983e+03 5.456291492051702496e-01
1.642666600000000017e+03 6.205058189549649272e-01
1.648000000000000000e+03 6.980995779586115502e-01
1.653333399999999983e+03 7.824946121100813112e-01
1.658666600000000017e+03 8.685028417426279290e-01
1.664000000000000000e+03 9.331654386774715926e-01
1.669333399999999983e+03 9.536743481776552844e-01
1.674666600000000017e+03 9.153710246572867026e-01
1.680000000000000000e+03 8.191239228409018525e-01
1.685333399999999983e+03 6.861109745699469631e-01
1.690666600000000017e+03 5.384034988816337464e-01
1.696000000000000000e+03 3.927253255904848417e-01
1.701333399999999983e+03 2.632121261859931005e-01
1.706666600000000017e+03 1.601667798588249647e-01
1.712000000000000000e+03 8.585489053343654808e-02
1.717333399999999983e+03 3.919689835446314025e-02
1.722666600000000017e+03 1.477209124564092362e-02
1.728000000000000000e+03 4.337698372860866389e-03
1.733333399999999983e+03 5.638180591797411004e-03
1.738666600000000017e+03 1.504753752833125346e-02
1.744000000000000000e+03 2.476286258922453729e-02
1.749333399999999983e+03 2.925714684551279643e-02
1.754666600000000017e+03 2.721063266869037933e-02
1.760000000000000000e+03 2.138633187986061640e-02
1.765333399999999983e+03 2.064436714583989946e-02
1.770666600000000017e+03 2.940223584965499792e-02
1.776000000000000000e+03 4.307731884216457058e-02
1.781333399999999983e+03 5.610134014151734599e-02
1.786666600000000017e+03 6.440278546082175981e-02
1.792000000000000000e+03 6.382535831434825446e-02
1.797333399999999983e+03 5.466760769550119137e-02
1.802666600000000017e+03 3.573844699968860283e-02
