6.080000000000000000e+02 4.531301165407608522e-02
6.133333099999999831e+02 4.889947100067229546e-02
6.186666900000000169e+02 4.356065884341750460e-02
6.240000000000000000e+02 3.501724916841560120e-02
6.293333099999999831e+02 3.259137866452167798e-02
6.346666900000000169e+02 3.517287093558212757e-02
6.400000000000000000e+02 4.121933064222065013e-02
6.453333099999999831e+02 3.992443562421729708e-02
6.506666900000000169e+02 2.776349252977413154e-02
6.560000000000000000e+02 1.371997878424459708e-02
6.613333099999999831e+02 4.779974136605746882e-03
6.666666900000000169e+02 2.024535325399721974e-04
6.720000000000000000e+02 9.509400946557102982e-03
6.773333099999999831e+02 2.371125199044249454e-02
6.826666900000000169e+02 3.798620830970907830e-02
6.880000000000000000e+02 5.642291166367553734e-02
6.933333099999999831e+02 7.579739286804516862e-02
6.986666900000000169e+02 9.032000244475332784e-02
7.040000000000000000e+02 1.030521060777249559e-01
7.093333099999999831e+02 1.068223706288000258e-01
7.146666900000000169e+02 1.025108523636667074e-01
7.200000000000000000e+02 9.812988617183883433e-02
7.253333099999999831e+02 9.547656077803624852e-02
7.306666900000000169e+02 9.252358124795211081e-02
7.360000000000000000e+02 9.396681888206602495e-02
7.413333099999999831e+02 9.875342462447805891e-02
7.466666900000000169e+02 1.066648743278969802e-01
7.520000000000000000e+02 1.190730710841720191e-01
7.573333099999999831e+02 1.277798875988183369e-01
7.626666900000000169e+02 1.259338725464762276e-01
7.680000000000000000e+02 1.229600507182708191e-01
7.733333099999999831e+02 1.204461191028490391e-01
7.786666900000000169e+02 1.198756711618956527e-01
7.840000000000000000e+02 1.211250801859709153e-01
7.893333099999999831e+02 1.212002400385477630e-01
7.946666900000000169e+02 1.235415774144738021e-01
8.000000000000000000e+02 1.402545651992040399e-01
8.053333099999999831e+02 1.690906918896068201e-01
8.106666900000000169e+02 2.036533045742161263e-01
8.160000000000000000e+02 2.332684056306232601e-01
8.213333099999999831e+02 2.523102136126113004e-01
8.266666900000000169e+02 2.601180356211133526e-01
8.320000000000000000e+02 2.674724422133286095e-01
8.373333099999999831e+02 2.815029435167807903e-01
8.426666900000000169e+02 3.051034141383283105e-01
8.480000000000000000e+02 3.324712823729870093e-01
8.533333099999999831e+02 3.526652290723822913e-01
8.586666900000000169e+02 3.579978894988518068e-01
8.640000000000000000e+02 3.557743516361430713e-01
8.693333099999999831e+02 3.537334036390745728e-01
8.746666900000000169e+02 3.545682246623817480e-01
8.800000000000000000e+02 3.530129973883686101e-01
8.853333099999999831e+02 3.438950221002439189e-01
8.906666900000000169e+02 3.337783935255221324e-01
8.960000000000000000e+02 3.306761806231277023e-01
9.013333099999999831e+02 3.384730236877767084e-01
9.066666900000000169e+02 3.538221029009205321e-01
9.120000000000000000e+02 3.695721367868303187e-01
9.173333099999999831e+02 3.832301041173382106e-01
9.226666900000000169e+02 3.939648036346732329e-01
9.280000000000000000e+02 4.004829986640205397e-01
9.333333099999999831e+02 3.995322698375995962e-01
9.386666900000000169e+02 3.889466861682596144e-01
9.440000000000000000e+02 3.722015129474080530e-01
9.493333099999999831e+02 3.577506317748371245e-01
9.546666900000000169e+02 3.460726248508029235e-01
9.600000000000000000e+02 3.415542447003918625e-01
9.653333099999999831e+02 3.417514476566792525e-01
9.706666900000000169e+02 3.362425604726232420e-01
9.760000000000000000e+02 3.193829520417609813e-01
9.813333099999999831e+02 3.100652898653617484e-01
9.866666900000000169e+02 3.228047575359258015e-01
9.920000000000000000e+02 3.645986361868221448e-01
9.973333099999999831e+02 4.244746848815744711e-01
1.002666699999999992e+03 4.612502289000801614e-01
1.008000000000000000e+03 4.447714445076902945e-01
1.013333300000000008e+03 4.006751378993843593e-01
1.018666699999999992e+03 3.605745344951079567e-01
1.024000000000000000e+03 3.486807847381618863e-01
1.029333399999999983e+03 3.661966703193544337e-01
1.034666600000000017e+03 3.803736718266870764e-01
1.040000000000000000e+03 3.685824302150164100e-01
1.045333399999999983e+03 3.398862068223532651e-01
1.050666600000000017e+03 3.043705400942296468e-01
1.056000000000000000e+03 2.751923319791294564e-01
1.061333399999999983e+03 2.574068092036932986e-01
1.066666600000000017e+03 2.451417624703813303e-01
1.072000000000000000e+03 2.396331806275195930e-01
1.077333399999999983e+03 2.417323163660437535e-01
1.082666600000000017e+03 2.480676495364001199e-01
1.088000000000000000e+03 2.564009885425485025e-01
1.093333399999999983e+03 2.588357173885454943e-01
1.098666600000000017e+03 2.491028289128066897e-01
1.104000000000000000e+03 2.303243414718544879e-01
1.109333399999999983e+03 2.071118112412537460e-01
1.114666600000000017e+03 1.824521982272555298e-01
1.120000000000000000e+03 1.564987530710078845e-01
1.125333399999999983e+03 1.210432625269008133e-01
1.130666600000000017e+03 7.622453641088655640e-02
1.136000000000000000e+03 3.468543500030972504e-02
1.141333399999999983e+03 1.086928591318008994e-02
1.146666600000000017e+03 1.172187131408065734e-02
1.152000000000000000e+03 3.757184772135226808e-02
1.157333399999999983e+03 7.524972294366585879e-02
1.162666600000000017e+03 1.096237334339924263e-01
1.168000000000000000e+03 1.348617556911940185e-01
1.173333399999999983e+03 1.441952695584685085e-01
1.178666600000000017e+03 1.396283980750078202e-01
1.184000000000000000e+03 1.340818365562891912e-01
1.189333399999999983e+03 1.408663481701209197e-01
1.194666600000000017e+03 1.659116726635072314e-01
1.200000000000000000e+03 2.107448628249341260e-01
1.205333399999999983e+03 2.597377079461684612e-01
1.210666600000000017e+03 3.047614993758447910e-01
1.216000000000000000e+03 3.466055644222661991e-01
1.221333399999999983e+03 4.013175504667009230e-01
1.226666600000000017e+03 4.828029987491610497e-01
1.232000000000000000e+03 5.864090815942536450e-01
1.237333399999999983e+03 6.795099475489123630e-01
1.242666600000000017e+03 7.361537606332502204e-01
1.248000000000000000e+03 7.447706604980895984e-01
1.253333399999999983e+03 7.184858509243252644e-01
1.258666600000000017e+03 6.846695611084296917e-01
1.264000000000000000e+03 6.576966896433986687e-01
1.269333399999999983e+03 6.291985315750551200e-01
1.274666600000000017e+03 5.998434766932242423e-01
1.280000000000000000e+03 5.710392385675360227e-01
1.285333399999999983e+03 5.426942815354230953e-01
1.290666600000000017e+03 5.248256475713897196e-01
1.296000000000000000e+03 5.231846996400072447e-01
1.301333399999999983e+03 5.359533112167007562e-01
1.306666600000000017e+03 5.634635830560080771e-01
1.312000000000000000e+03 5.983310019894905185e-01
1.317333399999999983e+03 6.254789766017596619e-01
1.322666600000000017e+03 6.389162322455861354e-01
1.328000000000000000e+03 6.383461179664409180e-01
1.333333399999999983e+03 6.274220390684741577e-01
1.338666600000000017e+03 6.036296202402069433e-01
1.344000000000000000e+03 5.621713166698861786e-01
1.349333399999999983e+03 5.041946683030558152e-01
1.354666600000000017e+03 4.382661765762755901e-01
1.360000000000000000e+03 3.762006136137009960e-01
1.365333399999999983e+03 3.320228256926602284e-01
1.370666600000000017e+03 3.036666304372092062e-01
1.376000000000000000e+03 2.833263991503665036e-01
1.381333399999999983e+03 2.762212965585649216e-01
1.386666600000000017e+03 2.846734778756442874e-01
1.392000000000000000e+03 3.073864435487045355e-01
1.397333399999999983e+03 3.448735211048116200e-01
1.402666600000000017e+03 3.815787230325095036e-01
1.408000000000000000e+03 4.013644139405484479e-01
1.413333399999999983e+03 4.107038083874291479e-01
1.418666600000000017e+03 4.160488971133569081e-01
1.424000000000000000e+03 4.406271379514303810e-01
1.429333399999999983e+03 5.096265689107905006e-01
1.434666600000000017e+03 6.247205733266486538e-01
1.440000000000000000e+03 7.684706018340408118e-01
1.445333399999999983e+03 9.086240935320488710e-01
1.450666600000000017e+03 9.926418738977176304e-01
1.456000000000000000e+03 1.000000000000000000e+00
1.461333399999999983e+03 9.252291482626986419e-01
1.466666600000000017e+03 7.798623421731076810e-01
1.472000000000000000e+03 6.010590435688849542e-01
1.477333399999999983e+03 4.212349475634941665e-01
1.482666600000000017e+03 2.598033841268694299e-01
1.488000000000000000e+03 1.385781304833773875e-01
1.493333399999999983e+03 6.115903859583735058e-02
1.498666600000000017e+03 1.901797879442464895e-02
1.504000000000000000e+03 6.415971179802479676e-03
1.509333399999999983e+03 7.981706411197699025e-03
1.514666600000000017e+03 1.252206615337202525e-02
1.520000000000000000e+03 2.026817763656837967e-02
1.525333399999999983e+03 3.525755315824643382e-02
1.530666600000000017e+03 5.756189671791478446e-02
1.536000000000000000e+03 8.223280433554716606e-02
1.541333399999999983e+03 1.037394529146990485e-01
1.546666600000000017e+03 1.204325053332095108e-01
1.552000000000000000e+03 1.337887736541068795e-01
1.557333399999999983e+03 1.465981709982593917e-01
1.562666600000000017e+03 1.588310162215642307e-01
1.568000000000000000e+03 1.704557303749742458e-01
1.573333399999999983e+03 1.825636964688831798e-01
1.578666600000000017e+03 1.986032936167488050e-01
1.584000000000000000e+03 2.156288809370377479e-01
1.589333399999999983e+03 2.335299468019784441e-01
1.594666600000000017e+03 2.529990554785897516e-01
1.600000000000000000e+03 2.847952948431381470e-01
1.605333399999999983e+03 3.246009706485198376e-01
1.610666600000000017e+03 3.635173174034153076e-01
1.616000000000000000e+03 3.921228120487153523e-01
1.621333399999999983e+03 4.067396918067831546e-01
1.626666600000000017e+03 4.154771351643021249e-01
1.632000000000000000e+03 4.388570654235326995e-01
1.637333399999999983e+03 4.824324310894342882e-01
1.642666600000000017e+03 5.478973964144644437e-01
1.648000000000000000e+03 6.359387821248312367e-01
1.653333399999999983e+03 7.379061127449746404e-01
1.658666600000000017e+03 8.404520013587662985e-01
1.664000000000000000e+03 9.197724851160890003e-01
1.669333399999999983e+03 9.477373530935921941e-01
1.674666600000000017e+03 9.108580027623793818e-01
1.680000000000000000e+03 8.154974267625723083e-01
1.685333399999999983e+03 6.828694848902921999e-01
1.690666600000000017e+03 5.389425655360862155e-01
1.696000000000000000e+03 4.029818843470017176e-01
1.701333399999999983e+03 2.843019966922571418e-01
1.706666600000000017e+03 1.880527963235865962e-01
1.712000000000000000e+03 1.165065030393030721e-01
1.717333399999999983e+03 6.663927841152136877e-02
1.722666600000000017e+03 3.542109140114475113e-02
1.728000000000000000e+03 1.981452189975883155e-02
1.733333399999999983e+03 1.334177616885798799e-02
1.738666600000000017e+03 1.336375002630141653e-02
1.744000000000000000e+03 1.617271775108962417e-02
1.749333399999999983e+03 1.556749252925983956e-02
1.754666600000000017e+03 1.075044100085810993e-02
1.760000000000000000e+03 3.831969500542864275e-03
1.765333399999999983e+03 0.000000000000000000e+00
1.770666600000000017e+03 7.765777305012556628e-03
1.776000000000000000e+03 2.495204671707794419e-02
1.781333399999999983e+03 4.616991851621804477e-02
1.786666600000000017e+03 6.428185712452109957e-02
1.792000000000000000e+03 7.214011881394534476e-02
1.797333399999999983e+03 6.889341804592910568e-02
1.802666600000000017e+03 5.175207375891173467e-02
