6.080000000000000000e+02 2.833239341005428652e-02
6.133333099999999831e+02 4.083539119212222651e-02
6.186666900000000169e+02 4.945032467984098595e-02
6.240000000000000000e+02 5.436180415958034862e-02
6.293333099999999831e+02 5.594681302703447684e-02
6.346666900000000169e+02 5.388853946583298249e-02
6.400000000000000000e+02 4.763001089309325947e-02
6.453333099999999831e+02 3.375485242307237760e-02
6.506666900000000169e+02 1.698017234985276652e-02
6.560000000000000000e+02 5.010939249550159895e-03
6.613333099999999831e+02 1.567590597144740555e-03
6.666666900000000169e+02 1.096777678694964807e-02
6.720000000000000000e+02 3.318167469951322640e-02
6.773333099999999831e+02 5.348207487399189025e-02
6.826666900000000169e+02 6.735159719128760991e-02
6.880000000000000000e+02 7.012922244052775811e-02
6.933333099999999831e+02 6.599861309538244958e-02
6.986666900000000169e+02 6.573446759663778560e-02
7.040000000000000000e+02 7.415091445838428719e-02
7.093333099999999831e+02 8.290464767634450616e-02
7.146666900000000169e+02 9.471651360264438102e-02
7.200000000000000000e+02 1.023116926449148811e-01
7.253333099999999831e+02 1.078702984961472378e-01
7.306666900000000169e+02 1.100470686897644934e-01
7.360000000000000000e+02 1.066371427836090291e-01
7.413333099999999831e+02 9.726273755032861790e-02
7.466666900000000169e+02 9.186978739159494534e-02
7.520000000000000000e+02 9.063600386255343810e-02
7.573333099999999831e+02 9.440995673809339517e-02
7.626666900000000169e+02 9.543437938890084182e-02
7.680000000000000000e+02 8.883655656815483970e-02
7.733333099999999831e+02 7.723098757355968680e-02
7.786666900000000169e+02 6.958966563115254189e-02
7.840000000000000000e+02 7.122429107225929090e-02
7.893333099999999831e+02 8.368635104611853170e-02
7.946666900000000169e+02 1.047097334301544946e-01
8.000000000000000000e+02 1.290053991206436546e-01
8.053333099999999831e+02 1.548329616478045234e-01
8.106666900000000169e+02 1.837142065476670694e-01
8.160000000000000000e+02 2.130893482833420283e-01
8.213333099999999831e+02 2.343490704203678998e-01
8.266666900000000169e+02 2.481968074529988244e-01
8.320000000000000000e+02 2.597092659475682130e-01
8.373333099999999831e+02 2.757577892035262823e-01
8.426666900000000169e+02 3.050885719508891758e-01
8.480000000000000000e+02 3.445246570096112126e-01
8.533333099999999831e+02 3.725846458131190642e-01
8.586666900000000169e+02 3.809859002695332175e-01
8.640000000000000000e+02 3.729539460161261366e-01
8.693333099999999831e+02 3.551074760470609992e-01
8.746666900000000169e+02 3.401049625710310664e-01
8.800000000000000000e+02 3.308600180454176476e-01
8.853333099999999831e+02 3.144004313140459361e-01
8.906666900000000169e+02 2.913121565421553094e-01
8.960000000000000000e+02 2.718999291288449194e-01
9.013333099999999831e+02 2.661575178268176800e-01
9.066666900000000169e+02 2.816959517942581592e-01
9.120000000000000000e+02 3.130342886656222734e-01
9.173333099999999831e+02 3.442548266212963615e-01
9.226666900000000169e+02 3.672542511622681749e-01
9.280000000000000000e+02 3.755290804395919890e-01
9.333333099999999831e+02 3.660292133855663765e-01
9.386666900000000169e+02 3.451695712662706250e-01
9.440000000000000000e+02 3.208214061387791305e-01
9.493333099999999831e+02 3.020986751883661947e-01
9.546666900000000169e+02 2.947620800439652577e-01
9.600000000000000000e+02 2.936232939597459568e-01
9.653333099999999831e+02 2.891506039359776348e-01
9.706666900000000169e+02 2.740064602840244223e-01
9.760000000000000000e+02 2.482540560548959774e-01
9.813333099999999831e+02 2.309671582350342200e-01
9.866666900000000169e+02 2.422021602997118661e-01
9.920000000000000000e+02 2.892825710032548847e-01
9.973333099999999831e+02 3.551607337730744440e-01
1.002666699999999992e+03 4.020342901103772792e-01
1.008000000000000000e+03 4.035500802250359120e-01
1.013333300000000008e+03 3.746689205999066408e-01
1.018666699999999992e+03 3.441307618264125567e-01
1.024000000000000000e+03 3.342571182473706437e-01
1.029333399999999983e+03 3.416118290441110261e-01
1.034666600000000017e+03 3.418673378153651021e-01
1.040000000000000000e+03 3.196514955573487304e-01
1.045333399999999983e+03 2.863668873519726321e-01
1.050666600000000017e+03 2.540960013231401415e-01
1.056000000000000000e+03 2.296622272342039861e-01
1.061333399999999983e+03 2.144360164145457659e-01
1.066666600000000017e+03 2.066629653405061551e-01
1.072000000000000000e+03 2.058251924299888680e-01
1.077333399999999983e+03 2.146249758050515488e-01
1.082666600000000017e+03 2.278625553116569724e-01
1.088000000000000000e+03 2.316983765255032079e-01
1.093333399999999983e+03 2.235009020032384386e-01
1.098666600000000017e+03 2.067769087383480586e-01
1.104000000000000000e+03 1.863764282807350292e-01
1.109333399999999983e+03 1.691292757496815624e-01
1.114666600000000017e+03 1.558466660625333067e-01
1.120000000000000000e+03 1.325753660136873846e-01
1.125333399999999983e+03 1.004283901202433910e-01
1.130666600000000017e+03 6.137411264090052165e-02
1.136000000000000000e+03 2.335086701511801532e-02
1.141333399999999983e+03 5.193089723581618793e-03
1.146666600000000017e+03 1.664863507253376215e-02
1.152000000000000000e+03 4.973084066215594651e-02
1.157333399999999983e+03 9.744768750934014456e-02
1.162666600000000017e+03 1.443041465899218834e-01
1.168000000000000000e+03 1.765474085526065051e-01
1.173333399999999983e+03 1.963180542831499953e-01
1.178666600000000017e+03 2.071658494607304390e-01
1.184000000000000000e+03 2.170005623488031887e-01
1.189333399999999983e+03 2.326119033773374201e-01
1.194666600000000017e+03 2.583883643776944128e-01
1.200000000000000000e+03 2.945349956580080586e-01
1.205333399999999983e+03 3.396641004176783607e-01
1.210666600000000017e+03 3.860388515064183679e-01
1.216000000000000000e+03 4.404004020773544248e-01
1.221333399999999983e+03 5.085224177947843538e-01
1.226666600000000017e+03 5.925896477606871215e-01
1.232000000000000000e+03 6.894108390999139635e-01
1.237333399999999983e+03 7.769242368710580493e-01
1.242666600000000017e+03 8.262343183677091085e-01
1.248000000000000000e+03 8.310990414563798057e-01
1.253333399999999983e+03 8.074915626621816944e-01
1.258666600000000017e+03 7.711831337977521628e-01
1.264000000000000000e+03 7.435128716435844831e-01
1.269333399999999983e+03 7.285535220417781455e-01
1.274666600000000017e+03 7.198892855776326538e-01
1.280000000000000000e+03 7.112652811289228438e-01
1.285333399999999983e+03 7.023373265389910580e-01
1.290666600000000017e+03 6.856536751325209567e-01
1.296000000000000000e+03 6.720603644075073824e-01
1.301333399999999983e+03 6.748603657884045814e-01
1.306666600000000017e+03 6.986116537904202284e-01
1.312000000000000000e+03 7.427951166635565761e-01
1.317333399999999983e+03 7.919402538439560546e-01
1.322666600000000017e+03 8.271044432745988662e-01
1.328000000000000000e+03 8.434526789735314889e-01
1.333333399999999983e+03 8.451804109564150513e-01
1.338666600000000017e+03 8.255130135195734020e-01
1.344000000000000000e+03 7.891506040235979347e-01
1.349333399999999983e+03 7.339514832729472360e-01
1.354666600000000017e+03 6.659813136142490597e-01
1.360000000000000000e+03 5.938326338501229706e-01
1.365333399999999983e+03 5.325945848967081897e-01
1.370666600000000017e+03 4.820783300653231351e-01
1.376000000000000000e+03 4.502164572177096424e-01
1.381333399999999983e+03 4.364682308725002513e-01
1.386666600000000017e+03 4.389243149524422738e-01
1.392000000000000000e+03 4.527798460084072052e-01
1.397333399999999983e+03 4.782564561608265152e-01
1.402666600000000017e+03 5.043520438598146916e-01
1.408000000000000000e+03 5.236417387710388116e-01
1.413333399999999983e+03 5.279671971958713739e-01
1.418666600000000017e+03 5.178350251361492074e-01
1.424000000000000000e+03 5.127548996229819300e-01
1.429333399999999983e+03 5.396034612301155997e-01
1.434666600000000017e+03 6.204120857327579674e-01
1.440000000000000000e+03 7.473310080354569340e-01
1.445333399999999983e+03 8.817053014117972598e-01
1.450666600000000017e+03 9.781661989009412528e-01
1.456000000000000000e+03 9.999999999999998890e-01
1.461333399999999983e+03 9.315527503229491524e-01
1.466666600000000017e+03 8.014014380037399743e-01
1.472000000000000000e+03 6.304734255952134658e-01
1.477333399999999983e+03 4.468503639712558817e-01
1.482666600000000017e+03 2.864267571171320581e-01
1.488000000000000000e+03 1.629265819426772011e-01
1.493333399999999983e+03 8.081423934562902145e-02
1.498666600000000017e+03 3.956685162748764528e-02
1.504000000000000000e+03 1.660771195742188899e-02
1.509333399999999983e+03 6.443742902479303661e-03
1.514666600000000017e+03 1.129270716837313046e-02
1.520000000000000000e+03 2.365335644653695363e-02
1.525333399999999983e+03 4.321209278392042913e-02
1.530666600000000017e+03 6.466838160117861778e-02
1.536000000000000000e+03 8.515163529245195484e-02
1.541333399999999983e+03 1.128634666981981893e-01
1.546666600000000017e+03 1.505475265982426369e-01
1.552000000000000000e+03 1.930924635635748732e-01
1.557333399999999983e+03 2.422442464406487084e-01
1.562666600000000017e+03 2.894239198337827390e-01
1.568000000000000000e+03 3.330208732025675133e-01
1.573333399999999983e+03 3.706216403259973147e-01
1.578666600000000017e+03 3.986905835142340870e-01
1.584000000000000000e+03 4.202574722520869832e-01
1.589333399999999983e+03 4.476968273835323364e-01
1.594666600000000017e+03 4.815806872946736261e-01
1.600000000000000000e+03 5.306080736353738780e-01
1.605333399999999983e+03 5.853638209869440612e-01
1.610666600000000017e+03 6.316920422370205790e-01
1.616000000000000000e+03 6.586033076614298265e-01
1.621333399999999983e+03 6.599715754116391997e-01
1.626666600000000017e+03 6.418831329293899213e-01
1.632000000000000000e+03 6.249562813454285770e-01
1.637333399999999983e+03 6.197275536450900235e-01
1.642666600000000017e+03 6.408501219756915779e-01
1.648000000000000000e+03 6.926570571127967924e-01
1.653333399999999983e+03 7.659224091568919146e-01
1.658666600000000017e+03 8.524594069257470652e-01
1.664000000000000000e+03 9.332598081910407073e-01
1.669333399999999983e+03 9.748020543283957284e-01
1.674666600000000017e+03 9.528174585438483613e-01
1.680000000000000000e+03 8.618232776701699738e-01
1.685333399999999983e+03 7.166224141646618806e-01
1.690666600000000017e+03 5.510646108726288128e-01
1.696000000000000000e+03 3.961942438393246668e-01
1.701333399999999983e+03 2.643469450590542613e-01
1.706666600000000017e+03 1.567883074043746328e-01
1.712000000000000000e+03 7.806499520531680336e-02
1.717333399999999983e+03 3.150994383280868172e-02
1.722666600000000017e+03 1.278624087701148680e-02
1.728000000000000000e+03 1.150713810995912696e-02
1.733333399999999983e+03 1.374527639443677215e-02
1.738666600000000017e+03 1.098391251872894020e-02
1.744000000000000000e+03 7.576491793302959216e-03
1.749333399999999983e+03 6.935842015091843796e-03
1.754666600000000017e+03 5.721817749260145816e-03
1.760000000000000000e+03 4.485584212402821819e-03
1.765333399999999983e+03 2.776882350957785017e-03
1.770666600000000017e+03 0.000000000000000000e+00
1.776000000000000000e+03 3.879180484756432346e-03
1.781333399999999983e+03 1.292678392515510949e-02
1.786666600000000017e+03 2.336959536533596282e-02
1.792000000000000000e+03 3.705785235959464102e-02
1.797333399999999983e+03 5.097865228094228957e-02
1.802666600000000017e+03 6.330010325037788155e-02
