6.080000000000000000e+02 4.281806758777548239e-02
6.133333099999999831e+02 5.318634705891088499e-02
6.186666900000000169e+02 6.037772755091226629e-02
6.240000000000000000e+02 6.305292933702068281e-02
6.293333099999999831e+02 5.910920278266869332e-02
6.346666900000000169e+02 4.729804049095533147e-02
6.400000000000000000e+02 2.964934717561828331e-02
6.453333099999999831e+02 1.245297801809781835e-02
6.506666900000000169e+02 1.993636878947208438e-03
6.560000000000000000e+02 0.000000000000000000e+00
6.613333099999999831e+02 4.542824392361572913e-03
6.666666900000000169e+02 1.301591104845336092e-02
6.720000000000000000e+02 2.351314178514667119e-02
6.773333099999999831e+02 3.381265044435903533e-02
6.826666900000000169e+02 4.343120271768177720e-02
6.880000000000000000e+02 5.556445745691682148e-02
6.933333099999999831e+02 6.807030749302349359e-02
6.986666900000000169e+02 8.249877632742118327e-02
7.040000000000000000e+02 1.007321071622503811e-01
7.093333099999999831e+02 1.165002890518676559e-01
7.146666900000000169e+02 1.274907938328408707e-01
7.200000000000000000e+02 1.347812140936435477e-01
7.253333099999999831e+02 1.359046412077572485e-01
7.306666900000000169e+02 1.304704406122530747e-01
7.360000000000000000e+02 1.229217200617319927e-01
7.413333099999999831e+02 1.144300860327722297e-01
7.466666900000000169e+02 1.091798914812798921e-01
7.520000000000000000e+02 1.075442308240365935e-01
7.573333099999999831e+02 1.087512754126047226e-01
7.626666900000000169e+02 1.079413181471465533e-01
7.680000000000000000e+02 1.015664259946642972e-01
7.733333099999999831e+02 9.532506400152153392e-02
7.786666900000000169e+02 9.351859641347411156e-02
7.840000000000000000e+02 9.643958354712607595e-02
7.893333099999999831e+02 1.059665454492603187e-01
7.946666900000000169e+02 1.222835452933948713e-01
8.000000000000000000e+02 1.412212991295131448e-01
8.053333099999999831e+02 1.695539934276559524e-01
8.106666900000000169e+02 2.021040401416022703e-01
8.160000000000000000e+02 2.304266660003447265e-01
8.213333099999999831e+02 2.466202116415804613e-01
8.266666900000000169e+02 2.526134769754835863e-01
8.320000000000000000e+02 2.546231811797355915e-01
8.373333099999999831e+02 2.681893910241634482e-01
8.426666900000000169e+02 2.975002068827239943e-01
8.480000000000000000e+02 3.358931293134178042e-01
8.533333099999999831e+02 3.643263792907058263e-01
8.586666900000000169e+02 3.734641524458744422e-01
8.640000000000000000e+02 3.671001960835942879e-01
8.693333099999999831e+02 3.557934434214837793e-01
8.746666900000000169e+02 3.521463674589049297e-01
8.800000000000000000e+02 3.553931460095458017e-01
8.853333099999999831e+02 3.522195499108431438e-01
8.906666900000000169e+02 3.329241390159627945e-01
8.960000000000000000e+02 3.055398758366287826e-01
9.013333099999999831e+02 2.831553777142528094e-01
9.066666900000000169e+02 2.871639944198562944e-01
9.120000000000000000e+02 3.187829695380370865e-01
9.173333099999999831e+02 3.608772375013202249e-01
9.226666900000000169e+02 3.944812871748677452e-01
9.280000000000000000e+02 4.129138216588104648e-01
9.333333099999999831e+02 4.132909377007211171e-01
9.386666900000000169e+02 4.087391651237906043e-01
9.440000000000000000e+02 4.015519321016219889e-01
9.493333099999999831e+02 3.835231078002178662e-01
9.546666900000000169e+02 3.602090767623986611e-01
9.600000000000000000e+02 3.427600926625215538e-01
9.653333099999999831e+02 3.291154491117740388e-01
9.706666900000000169e+02 3.253467289339495028e-01
9.760000000000000000e+02 3.200753917236665580e-01
9.813333099999999831e+02 3.189291668312954631e-01
9.866666900000000169e+02 3.397158151332713150e-01
9.920000000000000000e+02 3.909120103692098058e-01
9.973333099999999831e+02 4.512111725422977559e-01
1.002666699999999992e+03 4.909383164255214926e-01
1.008000000000000000e+03 4.713501480362883300e-01
1.013333300000000008e+03 4.180616794853802554e-01
1.018666699999999992e+03 3.676659623215454697e-01
1.024000000000000000e+03 3.452673495104554569e-01
1.029333399999999983e+03 3.527027755599388970e-01
1.034666600000000017e+03 3.629849140159379095e-01
1.040000000000000000e+03 3.493197373805432826e-01
1.045333399999999983e+03 3.197760975226008329e-01
1.050666600000000017e+03 2.845484326213829074e-01
1.056000000000000000e+03 2.544589530602828775e-01
1.061333399999999983e+03 2.407389922353134482e-01
1.066666600000000017e+03 2.328174411739479255e-01
1.072000000000000000e+03 2.312215035643705452e-01
1.077333399999999983e+03 2.343769811845679008e-01
1.082666600000000017e+03 2.368982994293398758e-01
1.088000000000000000e+03 2.410263543879832271e-01
1.093333399999999983e+03 2.439979222979311579e-01
1.098666600000000017e+03 2.313554363330197483e-01
1.104000000000000000e+03 2.075285913037579477e-01
1.109333399999999983e+03 1.817421456965305215e-01
1.114666600000000017e+03 1.536698311670543493e-01
1.120000000000000000e+03 1.311831535691855011e-01
1.125333399999999983e+03 1.072887960629116122e-01
1.130666600000000017e+03 7.124089632419625118e-02
1.136000000000000000e+03 3.334224528808808763e-02
1.141333399999999983e+03 1.190137356950280063e-02
1.146666600000000017e+03 8.289619157613527939e-03
1.152000000000000000e+03 2.470830961863458575e-02
1.157333399999999983e+03 5.096254261069056712e-02
1.162666600000000017e+03 7.290714613528131993e-02
1.168000000000000000e+03 9.263998984306288931e-02
1.173333399999999983e+03 1.093981597009477114e-01
1.178666600000000017e+03 1.217810129020764631e-01
1.184000000000000000e+03 1.354923681289015303e-01
1.189333399999999983e+03 1.569759326925081466e-01
1.194666600000000017e+03 1.873405538783944613e-01
1.200000000000000000e+03 2.325906104355318360e-01
1.205333399999999983e+03 2.812382068320395390e-01
1.210666600000000017e+03 3.300005095625530571e-01
1.216000000000000000e+03 3.831943006693868115e-01
1.221333399999999983e+03 4.494418292411967442e-01
1.226666600000000017e+03 5.305157723907799605e-01
1.232000000000000000e+03 6.200883899221824036e-01
1.237333399999999983e+03 6.955638808585922206e-01
1.242666600000000017e+03 7.358605634837545040e-01
1.248000000000000000e+03 7.386920397914316094e-01
1.253333399999999983e+03 7.182311641968845972e-01
1.258666600000000017e+03 6.915816180461769047e-01
1.264000000000000000e+03 6.703906863429793805e-01
1.269333399999999983e+03 6.557703232233618174e-01
1.274666600000000017e+03 6.327113503431812669e-01
1.280000000000000000e+03 5.990344643908624978e-01
1.285333399999999983e+03 5.645391092150323642e-01
1.290666600000000017e+03 5.422097090399886632e-01
1.296000000000000000e+03 5.464739228171955343e-01
1.301333399999999983e+03 5.807766655494026597e-01
1.306666600000000017e+03 6.237036172361378750e-01
1.312000000000000000e+03 6.567031156605831477e-01
1.317333399999999983e+03 6.712230981079017056e-01
1.322666600000000017e+03 6.667042308624557823e-01
1.328000000000000000e+03 6.496019815870280878e-01
1.333333399999999983e+03 6.281828695478380853e-01
1.338666600000000017e+03 5.920623591747442571e-01
1.344000000000000000e+03 5.387658454328001500e-01
1.349333399999999983e+03 4.753727080152551632e-01
1.354666600000000017e+03 4.106285375737065424e-01
1.360000000000000000e+03 3.522800696988284685e-01
1.365333399999999983e+03 3.137802402934021795e-01
1.370666600000000017e+03 2.888500378546911551e-01
1.376000000000000000e+03 2.755202268094364415e-01
1.381333399999999983e+03 2.754992072154519023e-01
1.386666600000000017e+03 2.867098462162073202e-01
1.392000000000000000e+03 3.057872910702941760e-01
1.397333399999999983e+03 3.359827206795095722e-01
1.402666600000000017e+03 3.739879769767193718e-01
1.408000000000000000e+03 4.143886989087871564e-01
1.413333399999999983e+03 4.494474801102625316e-01
1.418666600000000017e+03 4.769815177982026366e-01
1.424000000000000000e+03 5.057267472750794912e-01
1.429333399999999983e+03 5.565669138653790426e-01
1.434666600000000017e+03 6.532114923495061509e-01
1.440000000000000000e+03 7.873758103871947300e-01
1.445333399999999983e+03 9.193370620142755634e-01
1.450666600000000017e+03 1.000000000000000000e+00
1.456000000000000000e+03 9.949689609496451537e-01
1.461333399999999983e+03 8.983187754806261083e-01
1.466666600000000017e+03 7.420867803889648062e-01
1.472000000000000000e+03 5.603737439600682269e-01
1.477333399999999983e+03 3.865476148753910768e-01
1.482666600000000017e+03 2.391955217192341943e-01
1.488000000000000000e+03 1.304237532973922253e-01
1.493333399999999983e+03 5.798814409144928406e-02
1.498666600000000017e+03 1.864347731003985348e-02
1.504000000000000000e+03 4.791965527708605573e-03
1.509333399999999983e+03 7.872266282070499929e-03
1.514666600000000017e+03 1.534013889250423340e-02
1.520000000000000000e+03 2.464207736164785237e-02
1.525333399999999983e+03 3.280766346129519728e-02
1.530666600000000017e+03 4.347036094639923631e-02
1.536000000000000000e+03 6.330083378355361168e-02
1.541333399999999983e+03 9.430053165098810364e-02
1.546666600000000017e+03 1.303720914338989956e-01
1.552000000000000000e+03 1.613195481843094359e-01
1.557333399999999983e+03 1.816798019789496732e-01
1.562666600000000017e+03 1.917023559902758245e-01
1.568000000000000000e+03 1.924373331129890508e-01
1.573333399999999983e+03 1.925226622878929428e-01
1.578666600000000017e+03 1.944368828531705951e-01
1.584000000000000000e+03 1.988615645042458580e-01
1.589333399999999983e+03 2.115769514408242513e-01
1.594666600000000017e+03 2.396088446685477324e-01
1.600000000000000000e+03 2.781544390008709455e-01
1.605333399999999983e+03 3.205600754977533384e-01
1.610666600000000017e+03 3.559090580488602495e-01
1.616000000000000000e+03 3.784505069049973192e-01
1.621333399999999983e+03 3.873905636325362667e-01
1.626666600000000017e+03 4.003242434529071803e-01
1.632000000000000000e+03 4.301574117371230188e-01
1.637333399999999983e+03 4.803673564892586012e-01
1.642666600000000017e+03 5.539777817204372123e-01
1.648000000000000000e+03 6.484555443118675822e-01
1.653333399999999983e+03 7.565593741213854084e-01
1.658666600000000017e+03 8.666409580455030071e-01
1.664000000000000000e+03 9.543222441764613873e-01
1.669333399999999983e+03 9.850258105549242194e-01
1.674666600000000017e+03 9.398685166169942207e-01
1.680000000000000000e+03 8.266711986235100174e-01
1.685333399999999983e+03 6.785689793890399280e-01
1.690666600000000017e+03 5.257570783759726307e-01
1.696000000000000000e+03 3.875590590757369558e-01
1.701333399999999983e+03 2.699697156640047391e-01
1.706666600000000017e+03 1.732893180495397589e-01
1.712000000000000000e+03 9.966998977660569692e-02
1.717333399999999983e+03 5.420984543406515144e-02
1.722666600000000017e+03 3.252747545707319193e-02
1.728000000000000000e+03 2.428490577129827077e-02
1.733333399999999983e+03 2.542649759750003138e-02
1.738666600000000017e+03 2.983808986102640809e-02
1.744000000000000000e+03 2.755665056969945279e-02
1.749333399999999983e+03 2.017735201445658433e-02
1.754666600000000017e+03 1.013151007553909043e-02
1.760000000000000000e+03 5.035423185235436173e-03
1.765333399999999983e+03 1.185639732886483409e-02
1.770666600000000017e+03 2.623405019882152009e-02
1.776000000000000000e+03 3.627668424728205943e-02
1.781333399999999983e+03 4.131486089407633566e-02
1.786666600000000017e+03 4.110568656149195255e-02
1.792000000000000000e+03 3.766437341191085364e-02
1.797333399999999983e+03 2.888261269348968083e-02
1.802666600000000017e+03 1.353293474411321543e-02
