6.080000000000000000e+02 1.009747898809505579e-01
6.133333099999999831e+02 9.718577116903548418e-02
6.186666900000000169e+02 8.502111183532384819e-02
6.240000000000000000e+02 6.868824870145501249e-02
6.293333099999999831e+02 5.530961025792906216e-02
6.346666900000000169e+02 4.222902438588452267e-02
6.400000000000000000e+02 2.885602733274053242e-02
6.453333099999999831e+02 1.634761305085370361e-02
6.506666900000000169e+02 6.718663244852902429e-03
6.560000000000000000e+02 0.000000000000000000e+00
6.613333099999999831e+02 7.144412919856263366e-04
6.666666900000000169e+02 8.511906407789496254e-03
6.720000000000000000e+02 2.995961912238569169e-02
6.773333099999999831e+02 6.818132776421367836e-02
6.826666900000000169e+02 1.107114690997166861e-01
6.880000000000000000e+02 1.470107209660516390e-01
6.933333099999999831e+02 1.724692985285637692e-01
6.986666900000000169e+02 1.858358256760867244e-01
7.040000000000000000e+02 1.915876176658240782e-01
7.093333099999999831e+02 1.930497219168355316e-01
7.146666900000000169e+02 1.833646771373311224e-01
7.200000000000000000e+02 1.656612123050784924e-01
7.253333099999999831e+02 1.464146260239860275e-01
7.306666900000000169e+02 1.198303638878479987e-01
7.360000000000000000e+02 9.159171340410295070e-02
7.413333099999999831e+02 6.990914617888774329e-02
7.466666900000000169e+02 5.747416326624141258e-02
7.520000000000000000e+02 5.398689894175309756e-02
7.573333099999999831e+02 5.840142189423287722e-02
7.626666900000000169e+02 6.210969511193485670e-02
7.680000000000000000e+02 6.681446384987815845e-02
7.733333099999999831e+02 8.009139259109107623e-02
7.786666900000000169e+02 1.005616777664685990e-01
7.840000000000000000e+02 1.249028374973989025e-01
7.893333099999999831e+02 1.537358295181035228e-01
7.946666900000000169e+02 1.926005606374117662e-01
8.000000000000000000e+02 2.373002686485960466e-01
8.053333099999999831e+02 2.850539769201815288e-01
8.106666900000000169e+02 3.204271559707553285e-01
8.160000000000000000e+02 3.417475957110097662e-01
8.213333099999999831e+02 3.438411278467207177e-01
8.266666900000000169e+02 3.412585619646490986e-01
8.320000000000000000e+02 3.424670544019427498e-01
8.373333099999999831e+02 3.505920927482399918e-01
8.426666900000000169e+02 3.580749047838828192e-01
8.480000000000000000e+02 3.664636739401435639e-01
8.533333099999999831e+02 3.619397173930177236e-01
8.586666900000000169e+02 3.517583715119488308e-01
8.640000000000000000e+02 3.409735741888512139e-01
8.693333099999999831e+02 3.319287016006234881e-01
8.746666900000000169e+02 3.157524042139147613e-01
8.800000000000000000e+02 2.907993445399093546e-01
8.853333099999999831e+02 2.552646938186250436e-01
8.906666900000000169e+02 2.268944204678166598e-01
8.960000000000000000e+02 2.217513141859012993e-01
9.013333099999999831e+02 2.477399965578975516e-01
9.066666900000000169e+02 2.876640103599279463e-01
9.120000000000000000e+02 3.212666845612542343e-01
9.173333099999999831e+02 3.320446454111751766e-01
9.226666900000000169e+02 3.225137095022784783e-01
9.280000000000000000e+02 3.027036845271150467e-01
9.333333099999999831e+02 2.852800720545634605e-01
9.386666900000000169e+02 2.763013837773625192e-01
9.440000000000000000e+02 2.730083400971644036e-01
9.493333099999999831e+02 2.713698716077433404e-01
9.546666900000000169e+02 2.648181235842097525e-01
9.600000000000000000e+02 2.499105361551291760e-01
9.653333099999999831e+02 2.339611695623366183e-01
9.706666900000000169e+02 2.220846221759077144e-01
9.760000000000000000e+02 2.256928507555206187e-01
9.813333099999999831e+02 2.635254372092722397e-01
9.866666900000000169e+02 3.269326605883628445e-01
9.920000000000000000e+02 3.884270256526094478e-01
9.973333099999999831e+02 4.199016596794274414e-01
1.002666699999999992e+03 3.978189608148597900e-01
1.008000000000000000e+03 3.392019086968451891e-01
1.013333300000000008e+03 2.891060999117038288e-01
1.018666699999999992e+03 2.686538081836414849e-01
1.024000000000000000e+03 2.699913497435524889e-01
1.029333399999999983e+03 2.778001552735018254e-01
1.034666600000000017e+03 2.668435328345796775e-01
1.040000000000000000e+03 2.372479113541506035e-01
1.045333399999999983e+03 2.036010492624827639e-01
1.050666600000000017e+03 1.731494144069768981e-01
1.056000000000000000e+03 1.466027239249129421e-01
1.061333399999999983e+03 1.346586438830223720e-01
1.066666600000000017e+03 1.322361117759408011e-01
1.072000000000000000e+03 1.484440359217163441e-01
1.077333399999999983e+03 1.821894826858423133e-01
1.082666600000000017e+03 2.199563358173689531e-01
1.088000000000000000e+03 2.461074995289983802e-01
1.093333399999999983e+03 2.482817259598013859e-01
1.098666600000000017e+03 2.256000303086723724e-01
1.104000000000000000e+03 1.885571341436962645e-01
1.109333399999999983e+03 1.465079015330889578e-01
1.114666600000000017e+03 1.055689016924492296e-01
1.120000000000000000e+03 6.894682643236979547e-02
1.125333399999999983e+03 3.505525512450678727e-02
1.130666600000000017e+03 1.610009224464387795e-02
1.136000000000000000e+03 8.582979418613946587e-03
1.141333399999999983e+03 1.604129815600404546e-02
1.146666600000000017e+03 3.599262162117265046e-02
1.152000000000000000e+03 6.350912911882956868e-02
1.157333399999999983e+03 9.750571716223756236e-02
1.162666600000000017e+03 1.368302087257352029e-01
1.168000000000000000e+03 1.693971339530071507e-01
1.173333399999999983e+03 1.986952525953422366e-01
1.178666600000000017e+03 2.235570898373329118e-01
1.184000000000000000e+03 2.523558984751056999e-01
1.189333399999999983e+03 2.865986397377626171e-01
1.194666600000000017e+03 3.178293296315488070e-01
1.200000000000000000e+03 3.387009637777311788e-01
1.205333399999999983e+03 3.599171797137794004e-01
1.210666600000000017e+03 3.947354108816503171e-01
1.216000000000000000e+03 4.605210463828677270e-01
1.221333399999999983e+03 5.469335404229818121e-01
1.226666600000000017e+03 6.311447908215888081e-01
1.232000000000000000e+03 6.941375530851120468e-01
1.237333399999999983e+03 7.276137973390202074e-01
1.242666600000000017e+03 7.359311349962315285e-01
1.248000000000000000e+03 7.316259085001021178e-01
1.253333399999999983e+03 7.229795525389661748e-01
1.258666600000000017e+03 7.124389453930767280e-01
1.264000000000000000e+03 7.064480838312223732e-01
1.269333399999999983e+03 7.047105054016493675e-01
1.274666600000000017e+03 7.102004344552673709e-01
1.280000000000000000e+03 7.264895913756244106e-01
1.285333399999999983e+03 7.610660010306685708e-01
1.290666600000000017e+03 8.049387631455465764e-01
1.296000000000000000e+03 8.564236904868899325e-01
1.301333399999999983e+03 9.039642383376356172e-01
1.306666600000000017e+03 9.404432695665717601e-01
1.312000000000000000e+03 9.637074645920371552e-01
1.317333399999999983e+03 9.787234488108496056e-01
1.322666600000000017e+03 9.868040791659364874e-01
1.328000000000000000e+03 9.852782690394853438e-01
1.333333399999999983e+03 9.678656556063117700e-01
1.338666600000000017e+03 9.285844126023862222e-01
1.344000000000000000e+03 8.653255278137333972e-01
1.349333399999999983e+03 7.855871921330997987e-01
1.354666600000000017e+03 7.106367571709824027e-01
1.360000000000000000e+03 6.449685233495685566e-01
1.365333399999999983e+03 6.014430886299466650e-01
1.370666600000000017e+03 5.770689609782574392e-01
1.376000000000000000e+03 5.651390206049109466e-01
1.381333399999999983e+03 5.609123190818734450e-01
1.386666600000000017e+03 5.696573658294776799e-01
1.392000000000000000e+03 5.838077046015927030e-01
1.397333399999999983e+03 6.071693920128652389e-01
1.402666600000000017e+03 6.315787970114969951e-01
1.408000000000000000e+03 6.446545241035969154e-01
1.413333399999999983e+03 6.483848480706321249e-01
1.418666600000000017e+03 6.571741536552289098e-01
1.424000000000000000e+03 6.838763254058727314e-01
1.429333399999999983e+03 7.471635984939744013e-01
1.434666600000000017e+03 8.464288354557836236e-01
1.440000000000000000e+03 9.436071694009914301e-01
1.445333399999999983e+03 1.000000000000000000e+00
1.450666600000000017e+03 9.886092113662536818e-01
1.456000000000000000e+03 9.006139536194815998e-01
1.461333399999999983e+03 7.595684047342076139e-01
1.466666600000000017e+03 6.020354077919572999e-01
1.472000000000000000e+03 4.433833274909436128e-01
1.477333399999999983e+03 2.969391332062835676e-01
1.482666600000000017e+03 1.777489151829648728e-01
1.488000000000000000e+03 8.695414778792928678e-02
1.493333399999999983e+03 3.068658856669775545e-02
1.498666600000000017e+03 1.416096211677471926e-02
1.504000000000000000e+03 2.659465250104452172e-02
1.509333399999999983e+03 5.730313230931874391e-02
1.514666600000000017e+03 9.653517378018316997e-02
1.520000000000000000e+03 1.293934497493301750e-01
1.525333399999999983e+03 1.557294146760689613e-01
1.530666600000000017e+03 1.868474563838938562e-01
1.536000000000000000e+03 2.325470947416002354e-01
1.541333399999999983e+03 2.960630094348964403e-01
1.546666600000000017e+03 3.659335078317006440e-01
1.552000000000000000e+03 4.342246852731754814e-01
1.557333399999999983e+03 4.911941017510094154e-01
1.562666600000000017e+03 5.364585148849395635e-01
1.568000000000000000e+03 5.746628722271728273e-01
1.573333399999999983e+03 6.105843781002761039e-01
1.578666600000000017e+03 6.425242259772062647e-01
1.584000000000000000e+03 6.801084303858855318e-01
1.589333399999999983e+03 7.216587768347255682e-01
1.594666600000000017e+03 7.535295424249305318e-01
1.600000000000000000e+03 7.691218885880826139e-01
1.605333399999999983e+03 7.728941591244455900e-01
1.610666600000000017e+03 7.650744922022609806e-01
1.616000000000000000e+03 7.496877254245097877e-01
1.621333399999999983e+03 7.318646115269986652e-01
1.626666600000000017e+03 7.038326098290790256e-01
1.632000000000000000e+03 6.778213938553108164e-01
1.637333399999999983e+03 6.750728146477341651e-01
1.642666600000000017e+03 7.071832744887003308e-01
1.648000000000000000e+03 7.659511127505783668e-01
1.653333399999999983e+03 8.310402795204305804e-01
1.658666600000000017e+03 8.741071616109077347e-01
1.664000000000000000e+03 8.720912965030287456e-01
1.669333399999999983e+03 8.138668713390335707e-01
1.674666600000000017e+03 7.129229138077944894e-01
1.680000000000000000e+03 5.859469258843887918e-01
1.685333399999999983e+03 4.518681110291484782e-01
1.690666600000000017e+03 3.279633576553545593e-01
1.696000000000000000e+03 2.155297962884810958e-01
1.701333399999999983e+03 1.172195380913955420e-01
1.706666600000000017e+03 4.597249778809783805e-02
1.712000000000000000e+03 8.272072934844099806e-03
1.717333399999999983e+03 5.751445835230961645e-03
1.722666600000000017e+03 2.900587793450798077e-02
1.728000000000000000e+03 5.351176566595916562e-02
1.733333399999999983e+03 6.522390928604068772e-02
1.738666600000000017e+03 6.656176018466422595e-02
1.744000000000000000e+03 6.058826656128718513e-02
1.749333399999999983e+03 5.738760396979673828e-02
1.754666600000000017e+03 6.024535785844638280e-02
1.760000000000000000e+03 6.387650046097166634e-02
1.765333399999999983e+03 6.632489529219266766e-02
1.770666600000000017e+03 7.221869666667055099e-02
1.776000000000000000e+03 7.281735724098070683e-02
1.781333399999999983e+03 6.303223491671608447e-02
1.786666600000000017e+03 4.141869611091741898e-02
1.792000000000000000e+03 1.728408600547114843e-02
1.797333399999999983e+03 9.886949468017592474e-03
1.802666600000000017e+03 3.387419818848963482e-02
