6.080000000000000000e+02 1.661582004763054871e-02
6.133333099999999831e+02 2.582554168869344649e-02
6.186666900000000169e+02 2.865311518269549398e-02
6.240000000000000000e+02 2.731057791532602932e-02
6.293333099999999831e+02 2.492004807415727774e-02
6.346666900000000169e+02 2.203338625007258619e-02
6.400000000000000000e+02 1.894449679801373659e-02
6.453333099999999831e+02 1.478955600986483349e-02
6.506666900000000169e+02 9.679545650490607028e-03
6.560000000000000000e+02 4.299459381056017736e-03
6.613333099999999831e+02 1.685042648915328900e-03
6.666666900000000169e+02 3.813814720494048544e-04
6.720000000000000000e+02 1.242938720674871631e-03
6.773333099999999831e+02 4.106330305281773001e-03
6.826666900000000169e+02 1.149104952194931681e-02
6.880000000000000000e+02 2.319146938328437921e-02
6.933333099999999831e+02 3.649147963652461801e-02
6.986666900000000169e+02 4.590603495002693046e-02
7.040000000000000000e+02 4.813394508039821329e-02
7.093333099999999831e+02 4.435722527204734311e-02
7.146666900000000169e+02 4.257391312429836816e-02
7.200000000000000000e+02 4.442024436056418724e-02
7.253333099999999831e+02 4.901635904791429299e-02
7.306666900000000169e+02 5.563056190518174404e-02
7.360000000000000000e+02 6.247485301362624976e-02
7.413333099999999831e+02 7.081412026671514426e-02
7.466666900000000169e+02 8.208401333431179780e-02
7.520000000000000000e+02 9.049189939722937503e-02
7.573333099999999831e+02 9.097000883240785596e-02
7.626666900000000169e+02 8.586127337322023434e-02
7.680000000000000000e+02 7.816251039100691189e-02
7.733333099999999831e+02 7.207952139841618255e-02
7.786666900000000169e+02 6.677969459641994177e-02
7.840000000000000000e+02 5.981447158971744948e-02
7.893333099999999831e+02 5.125074243166291565e-02
7.946666900000000169e+02 4.824252956782464075e-02
8.000000000000000000e+02 5.857994430495930271e-02
8.053333099999999831e+02 8.767069076174893727e-02
8.106666900000000169e+02 1.298521842457760755e-01
8.160000000000000000e+02 1.784644879954772889e-01
8.213333099999999831e+02 2.181540540718053811e-01
8.266666900000000169e+02 2.385889638457341644e-01
8.320000000000000000e+02 2.423016559092305844e-01
8.373333099999999831e+02 2.431353850770685832e-01
8.426666900000000169e+02 2.540853387620506387e-01
8.480000000000000000e+02 2.855143209753418510e-01
8.533333099999999831e+02 3.242163538351037211e-01
8.586666900000000169e+02 3.511522656915286311e-01
8.640000000000000000e+02 3.584546526076182182e-01
8.693333099999999831e+02 3.518932662166970315e-01
8.746666900000000169e+02 3.412390470791217267e-01
8.800000000000000000e+02 3.352485950671094117e-01
8.853333099999999831e+02 3.302107461553021039e-01
8.906666900000000169e+02 3.182535853206939214e-01
8.960000000000000000e+02 3.019267055662949728e-01
9.013333099999999831e+02 2.905387835304641952e-01
9.066666900000000169e+02 2.917300136192829130e-01
9.120000000000000000e+02 3.092982675758678690e-01
9.173333099999999831e+02 3.370957448536315848e-01
9.226666900000000169e+02 3.642024395579137597e-01
9.280000000000000000e+02 3.826903282962110797e-01
9.333333099999999831e+02 3.903733509836702087e-01
9.386666900000000169e+02 3.885999053907025491e-01
9.440000000000000000e+02 3.806135349862396766e-01
9.493333099999999831e+02 3.659597947053678246e-01
9.546666900000000169e+02 3.482589561531619915e-01
9.600000000000000000e+02 3.292334418125411610e-01
9.653333099999999831e+02 3.124502600146709663e-01
9.706666900000000169e+02 3.009077505663782515e-01
9.760000000000000000e+02 2.865272614074253488e-01
9.813333099999999831e+02 2.732385088618461411e-01
9.866666900000000169e+02 2.799830310849045212e-01
9.920000000000000000e+02 3.179603168657404999e-01
9.973333099999999831e+02 3.806795007500056727e-01
1.002666699999999992e+03 4.418478358514968396e-01
1.008000000000000000e+03 4.565530117455145476e-01
1.013333300000000008e+03 4.231150519418724332e-01
1.018666699999999992e+03 3.747773722737807733e-01
1.024000000000000000e+03 3.450789243357150760e-01
1.029333399999999983e+03 3.470986528950084082e-01
1.034666600000000017e+03 3.627734414900198878e-01
1.040000000000000000e+03 3.619659645802492665e-01
1.045333399999999983e+03 3.387861246926526237e-01
1.050666600000000017e+03 3.044553948753126460e-01
1.056000000000000000e+03 2.737065085944654919e-01
1.061333399999999983e+03 2.572498851286617594e-01
1.066666600000000017e+03 2.509674481207567198e-01
1.072000000000000000e+03 2.533843315803248619e-01
1.077333399999999983e+03 2.615497490567985084e-01
1.082666600000000017e+03 2.699747382419262487e-01
1.088000000000000000e+03 2.758983934500879309e-01
1.093333399999999983e+03 2.744768080824425138e-01
1.098666600000000017e+03 2.590618303318327209e-01
1.104000000000000000e+03 2.312871984603600828e-01
1.109333399999999983e+03 1.997739538918758551e-01
1.114666600000000017e+03 1.722671242417932458e-01
1.120000000000000000e+03 1.542728066822644239e-01
1.125333399999999983e+03 1.355929070755385046e-01
1.130666600000000017e+03 1.052084794224871361e-01
1.136000000000000000e+03 6.175913096514064338e-02
1.141333399999999983e+03 2.104082620282873850e-02
1.146666600000000017e+03 2.106666832446618242e-03
1.152000000000000000e+03 1.550872652868856734e-02
1.157333399999999983e+03 5.090034489051324662e-02
1.162666600000000017e+03 8.899114054973394916e-02
1.168000000000000000e+03 1.140848239047237284e-01
1.173333399999999983e+03 1.234655357319688757e-01
1.178666600000000017e+03 1.219426288592125457e-01
1.184000000000000000e+03 1.198473811099301234e-01
1.189333399999999983e+03 1.268451099691823569e-01
1.194666600000000017e+03 1.492392178747921905e-01
1.200000000000000000e+03 1.869734385558023126e-01
1.205333399999999983e+03 2.354563185547793314e-01
1.210666600000000017e+03 2.874203903554724548e-01
1.216000000000000000e+03 3.437383666305123264e-01
1.221333399999999983e+03 4.100116076417109623e-01
1.226666600000000017e+03 4.917932486081715848e-01
1.232000000000000000e+03 5.829677677718566597e-01
1.237333399999999983e+03 6.679548012059648432e-01
1.242666600000000017e+03 7.277679437861078737e-01
1.248000000000000000e+03 7.552408659884032316e-01
1.253333399999999983e+03 7.525360215845802170e-01
1.258666600000000017e+03 7.309240428933198030e-01
1.264000000000000000e+03 7.022567884518454706e-01
1.269333399999999983e+03 6.762144319323404318e-01
1.274666600000000017e+03 6.528631502761131911e-01
1.280000000000000000e+03 6.295485239957555601e-01
1.285333399999999983e+03 6.036337807284315460e-01
1.290666600000000017e+03 5.764240222201088004e-01
1.296000000000000000e+03 5.556388948387195326e-01
1.301333399999999983e+03 5.517404947277970706e-01
1.306666600000000017e+03 5.681161892870340013e-01
1.312000000000000000e+03 5.973866021735158016e-01
1.317333399999999983e+03 6.272844532345471791e-01
1.322666600000000017e+03 6.455608204917384629e-01
1.328000000000000000e+03 6.484321697621523439e-01
1.333333399999999983e+03 6.368574345509263601e-01
1.338666600000000017e+03 6.125588230397359668e-01
1.344000000000000000e+03 5.746660560855518796e-01
1.349333399999999983e+03 5.208078931194026762e-01
1.354666600000000017e+03 4.530784975489857702e-01
1.360000000000000000e+03 3.861405496470300402e-01
1.365333399999999983e+03 3.312237744044782550e-01
1.370666600000000017e+03 2.945759945591675533e-01
1.376000000000000000e+03 2.778669378012300073e-01
1.381333399999999983e+03 2.765294770026683335e-01
1.386666600000000017e+03 2.880303490945560485e-01
1.392000000000000000e+03 3.129853868079527923e-01
1.397333399999999983e+03 3.464606617785773723e-01
1.402666600000000017e+03 3.815613336716482951e-01
1.408000000000000000e+03 4.105523058065722597e-01
1.413333399999999983e+03 4.266756575133259233e-01
1.418666600000000017e+03 4.334847858558122380e-01
1.424000000000000000e+03 4.441495567147008550e-01
1.429333399999999983e+03 4.836101076035215773e-01
1.434666600000000017e+03 5.724220766068195410e-01
1.440000000000000000e+03 7.070923704926083131e-01
1.445333399999999983e+03 8.533901270972644726e-01
1.450666600000000017e+03 9.637046551640583436e-01
1.456000000000000000e+03 9.999999999999998890e-01
1.461333399999999983e+03 9.520540362280252022e-01
1.466666600000000017e+03 8.345084668087668911e-01
1.472000000000000000e+03 6.730175692301212376e-01
1.477333399999999983e+03 4.950453175098058489e-01
1.482666600000000017e+03 3.262508600505492073e-01
1.488000000000000000e+03 1.882950147659050444e-01
1.493333399999999983e+03 9.051953025741434067e-02
1.498666600000000017e+03 3.337741985145337154e-02
1.504000000000000000e+03 7.603126247662793900e-03
1.509333399999999983e+03 6.242106754263516098e-04
1.514666600000000017e+03 1.930613441584002297e-03
1.520000000000000000e+03 4.104768976409899073e-03
1.525333399999999983e+03 5.007943199681907237e-03
1.530666600000000017e+03 1.031697826767453106e-02
1.536000000000000000e+03 2.605764668297450709e-02
1.541333399999999983e+03 5.331352759694045484e-02
1.546666600000000017e+03 8.649544053651618547e-02
1.552000000000000000e+03 1.138116645829153062e-01
1.557333399999999983e+03 1.303563349087472623e-01
1.562666600000000017e+03 1.363641669145984892e-01
1.568000000000000000e+03 1.404273116163931301e-01
1.573333399999999983e+03 1.480054904108734359e-01
1.578666600000000017e+03 1.583159683649450755e-01
1.584000000000000000e+03 1.706970261887011120e-01
1.589333399999999983e+03 1.890063836859527946e-01
1.594666600000000017e+03 2.139713917405671184e-01
1.600000000000000000e+03 2.502682099182558240e-01
1.605333399999999983e+03 2.926184636454472465e-01
1.610666600000000017e+03 3.285127024114277705e-01
1.616000000000000000e+03 3.541993680204303940e-01
1.621333399999999983e+03 3.734590765718490690e-01
1.626666600000000017e+03 3.933049770333851836e-01
1.632000000000000000e+03 4.267777421222678225e-01
1.637333399999999983e+03 4.812793762407429621e-01
1.642666600000000017e+03 5.513276195985291617e-01
1.648000000000000000e+03 6.353090976626049047e-01
1.653333399999999983e+03 7.291333547264681192e-01
1.658666600000000017e+03 8.250645391235548187e-01
1.664000000000000000e+03 9.113645163376036251e-01
1.669333399999999983e+03 9.683081606482375481e-01
1.674666600000000017e+03 9.687557429923656649e-01
1.680000000000000000e+03 9.027006909708487070e-01
1.685333399999999983e+03 7.796825392540492894e-01
1.690666600000000017e+03 6.239350203110327620e-01
1.696000000000000000e+03 4.633971924964897515e-01
1.701333399999999983e+03 3.193054027856853105e-01
1.706666600000000017e+03 2.014927456451841292e-01
1.712000000000000000e+03 1.145420086922621511e-01
1.717333399999999983e+03 6.016494848451903188e-02
1.722666600000000017e+03 3.319362830772525086e-02
1.728000000000000000e+03 2.273553462404835981e-02
1.733333399999999983e+03 1.817546565850881174e-02
1.738666600000000017e+03 1.253599043514987479e-02
1.744000000000000000e+03 6.154978222233739409e-03
1.749333399999999983e+03 1.511564657553493823e-03
1.754666600000000017e+03 0.000000000000000000e+00
1.760000000000000000e+03 1.592854677181104045e-03
1.765333399999999983e+03 3.059517718924497504e-03
1.770666600000000017e+03 4.420653212786687658e-03
1.776000000000000000e+03 9.311047154853820118e-03
1.781333399999999983e+03 1.480309918157863419e-02
1.786666600000000017e+03 1.884307061377458320e-02
1.792000000000000000e+03 2.225021202523520467e-02
1.797333399999999983e+03 2.319795821755927384e-02
1.802666600000000017e+03 2.055639025134422745e-02
