6.080000000000000000e+02 2.959496045006239362e-02
6.133333099999999831e+02 3.802880965212906972e-02
6.186666900000000169e+02 4.066463313966107995e-02
6.240000000000000000e+02 4.038352483392494696e-02
6.293333099999999831e+02 4.255655934816958419e-02
6.346666900000000169e+02 4.449254287984478334e-02
6.400000000000000000e+02 4.638765755659059881e-02
6.453333099999999831e+02 4.146519894170336978e-02
6.506666900000000169e+02 2.922364641825814582e-02
6.560000000000000000e+02 1.404778743223917756e-02
6.613333099999999831e+02 3.866333777597112144e-03
6.666666900000000169e+02 0.000000000000000000e+00
6.720000000000000000e+02 1.014034074668569707e-02
6.773333099999999831e+02 2.841104498933393063e-02
6.826666900000000169e+02 5.303492763694316742e-02
6.880000000000000000e+02 7.884511999159643514e-02
6.933333099999999831e+02 9.937312909503642766e-02
6.986666900000000169e+02 1.139768146937673865e-01
7.040000000000000000e+02 1.241213806655604157e-01
7.093333099999999831e+02 1.260125670849153168e-01
7.146666900000000169e+02 1.233006214500874664e-01
7.200000000000000000e+02 1.185315582557871783e-01
7.253333099999999831e+02 1.119452237049811949e-01
7.306666900000000169e+02 1.130485640874411835e-01
7.360000000000000000e+02 1.227399328944381862e-01
7.413333099999999831e+02 1.322176420369307048e-01
7.466666900000000169e+02 1.364800764615409223e-01
7.520000000000000000e+02 1.329411977381095844e-01
7.573333099999999831e+02 1.178821000831155041e-01
7.626666900000000169e+02 1.019320039224810293e-01
7.680000000000000000e+02 9.284132654850213440e-02
7.733333099999999831e+02 8.974054855837282352e-02
7.786666900000000169e+02 9.222283775672476813e-02
7.840000000000000000e+02 9.507809349285345490e-02
7.893333099999999831e+02 9.716293933296601959e-02
7.946666900000000169e+02 1.051624812749553384e-01
8.000000000000000000e+02 1.239937742354187411e-01
8.053333099999999831e+02 1.552936826412960880e-01
8.106666900000000169e+02 1.972909987303201329e-01
8.160000000000000000e+02 2.362218002870717093e-01
8.213333099999999831e+02 2.681745518345702850e-01
8.266666900000000169e+02 2.887234951862261978e-01
8.320000000000000000e+02 2.989453101016737446e-01
8.373333099999999831e+02 3.102114607362870813e-01
8.426666900000000169e+02 3.293944039742937036e-01
8.480000000000000000e+02 3.496299897144262148e-01
8.533333099999999831e+02 3.652735063525432979e-01
8.586666900000000169e+02 3.659120592114589732e-01
8.640000000000000000e+02 3.519388911896108585e-01
8.693333099999999831e+02 3.369962562523848293e-01
8.746666900000000169e+02 3.272015233336437734e-01
8.800000000000000000e+02 3.226593858293372863e-01
8.853333099999999831e+02 3.201980052164182800e-01
8.906666900000000169e+02 3.133120704521693001e-01
8.960000000000000000e+02 3.025497076618952064e-01
9.013333099999999831e+02 2.970341593306249917e-01
9.066666900000000169e+02 2.999683601079044526e-01
9.120000000000000000e+02 3.156132724165915393e-01
9.173333099999999831e+02 3.411020216668386729e-01
9.226666900000000169e+02 3.666868592582921416e-01
9.280000000000000000e+02 3.846747412520316045e-01
9.333333099999999831e+02 3.923956188149792523e-01
9.386666900000000169e+02 3.884951578808540362e-01
9.440000000000000000e+02 3.745388551456218518e-01
9.493333099999999831e+02 3.528264489889524347e-01
9.546666900000000169e+02 3.281482652845453818e-01
9.600000000000000000e+02 3.084430851282142227e-01
9.653333099999999831e+02 2.994193330459578584e-01
9.706666900000000169e+02 3.001896651373329727e-01
9.760000000000000000e+02 2.963932924350191067e-01
9.813333099999999831e+02 2.962940579690606646e-01
9.866666900000000169e+02 3.153549416692815743e-01
9.920000000000000000e+02 3.586501862165982213e-01
9.973333099999999831e+02 4.140292939706473052e-01
1.002666699999999992e+03 4.507692204004509762e-01
1.008000000000000000e+03 4.324916396878393798e-01
1.013333300000000008e+03 3.839528848525117777e-01
1.018666699999999992e+03 3.425015537894195994e-01
1.024000000000000000e+03 3.270601446382300770e-01
1.029333399999999983e+03 3.385839865766138157e-01
1.034666600000000017e+03 3.538963353295137004e-01
1.040000000000000000e+03 3.470384217338116639e-01
1.045333399999999983e+03 3.253091123600105328e-01
1.050666600000000017e+03 2.961651362750848948e-01
1.056000000000000000e+03 2.625789847280688982e-01
1.061333399999999983e+03 2.370338456375181979e-01
1.066666600000000017e+03 2.258785132209317759e-01
1.072000000000000000e+03 2.302707466464594399e-01
1.077333399999999983e+03 2.453598536245068518e-01
1.082666600000000017e+03 2.596059997158824406e-01
1.088000000000000000e+03 2.611084442097338365e-01
1.093333399999999983e+03 2.491152703192285600e-01
1.098666600000000017e+03 2.255200903397020507e-01
1.104000000000000000e+03 1.943024859728050557e-01
1.109333399999999983e+03 1.636113605272287441e-01
1.114666600000000017e+03 1.398606837085362986e-01
1.120000000000000000e+03 1.199595925243062966e-01
1.125333399999999983e+03 9.735116537033206008e-02
1.130666600000000017e+03 6.547455689002801282e-02
1.136000000000000000e+03 2.814332966304237613e-02
1.141333399999999983e+03 3.360247022217965548e-03
1.146666600000000017e+03 1.317407136720882485e-03
1.152000000000000000e+03 2.316037857135889999e-02
1.157333399999999983e+03 5.711292876177299221e-02
1.162666600000000017e+03 8.667951931188724868e-02
1.168000000000000000e+03 1.030446597222642036e-01
1.173333399999999983e+03 1.064232789245344035e-01
1.178666600000000017e+03 1.012087844269789205e-01
1.184000000000000000e+03 1.025019030096267492e-01
1.189333399999999983e+03 1.219530447547681751e-01
1.194666600000000017e+03 1.632426317480341615e-01
1.200000000000000000e+03 2.179505629237270259e-01
1.205333399999999983e+03 2.732848314828060232e-01
1.210666600000000017e+03 3.198157037003411252e-01
1.216000000000000000e+03 3.658520056981489632e-01
1.221333399999999983e+03 4.314005817362137618e-01
1.226666600000000017e+03 5.199975589767849016e-01
1.232000000000000000e+03 6.186563210406430535e-01
1.237333399999999983e+03 7.038001696391686934e-01
1.242666600000000017e+03 7.509646100032814076e-01
1.248000000000000000e+03 7.520953479615856141e-01
1.253333399999999983e+03 7.240094587203483867e-01
1.258666600000000017e+03 6.877705559680044045e-01
1.264000000000000000e+03 6.601418923709581055e-01
1.269333399999999983e+03 6.455734622498977560e-01
1.274666600000000017e+03 6.383618737686254097e-01
1.280000000000000000e+03 6.248391612443859877e-01
1.285333399999999983e+03 6.005131386920649073e-01
1.290666600000000017e+03 5.773579363361860395e-01
1.296000000000000000e+03 5.649292769546968573e-01
1.301333399999999983e+03 5.720334513323193093e-01
1.306666600000000017e+03 5.993815876757210281e-01
1.312000000000000000e+03 6.340935534943896723e-01
1.317333399999999983e+03 6.587034600405066165e-01
1.322666600000000017e+03 6.686790554975295953e-01
1.328000000000000000e+03 6.610681095462614953e-01
1.333333399999999983e+03 6.429135353607042802e-01
1.338666600000000017e+03 6.164499515213570646e-01
1.344000000000000000e+03 5.783760454136055440e-01
1.349333399999999983e+03 5.235729060018357028e-01
1.354666600000000017e+03 4.585814533245859415e-01
1.360000000000000000e+03 3.906554537070165423e-01
1.365333399999999983e+03 3.336500056177512108e-01
1.370666600000000017e+03 2.928969801113025517e-01
1.376000000000000000e+03 2.693122836285681831e-01
1.381333399999999983e+03 2.627602473351047241e-01
1.386666600000000017e+03 2.755583231614605610e-01
1.392000000000000000e+03 3.038983338724485783e-01
1.397333399999999983e+03 3.402865397003028147e-01
1.402666600000000017e+03 3.749788023401278703e-01
1.408000000000000000e+03 4.014228277709886994e-01
1.413333399999999983e+03 4.194292522030418913e-01
1.418666600000000017e+03 4.364588917163395032e-01
1.424000000000000000e+03 4.687477113601271617e-01
1.429333399999999983e+03 5.334394206671939642e-01
1.434666600000000017e+03 6.411333634892523170e-01
1.440000000000000000e+03 7.794847189811550114e-01
1.445333399999999983e+03 9.145119526875897797e-01
1.450666600000000017e+03 9.980645971830663932e-01
1.456000000000000000e+03 1.000000000000000000e+00
1.461333399999999983e+03 9.190355735048008068e-01
1.466666600000000017e+03 7.753838645755943837e-01
1.472000000000000000e+03 5.985674731244312596e-01
1.477333399999999983e+03 4.238005468373835516e-01
1.482666600000000017e+03 2.724027276259503028e-01
1.488000000000000000e+03 1.584199474353977510e-01
1.493333399999999983e+03 8.399884792858156035e-02
1.498666600000000017e+03 4.034823666604032272e-02
1.504000000000000000e+03 1.526353326420988414e-02
1.509333399999999983e+03 4.683240380799127446e-03
1.514666600000000017e+03 4.185625435687829674e-03
1.520000000000000000e+03 1.023503159088378495e-02
1.525333399999999983e+03 2.108952216151296216e-02
1.530666600000000017e+03 3.878893680549191925e-02
1.536000000000000000e+03 6.291942683491440202e-02
1.541333399999999983e+03 8.998171702325219456e-02
1.546666600000000017e+03 1.169354180585681358e-01
1.552000000000000000e+03 1.391713398143485103e-01
1.557333399999999983e+03 1.546543164136998660e-01
1.562666600000000017e+03 1.685077823648620798e-01
1.568000000000000000e+03 1.834538345822815664e-01
1.573333399999999983e+03 1.960397145912649297e-01
1.578666600000000017e+03 2.059791506167983621e-01
1.584000000000000000e+03 2.179461401233213913e-01
1.589333399999999983e+03 2.320713780477758892e-01
1.594666600000000017e+03 2.600768327180623118e-01
1.600000000000000000e+03 3.004246582669984900e-01
1.605333399999999983e+03 3.423259401593055640e-01
1.610666600000000017e+03 3.741793085903649674e-01
1.616000000000000000e+03 3.930653302062884769e-01
1.621333399999999983e+03 3.967948806320495958e-01
1.626666600000000017e+03 4.051317404686630708e-01
1.632000000000000000e+03 4.281108897335461627e-01
1.637333399999999983e+03 4.741561123730693716e-01
1.642666600000000017e+03 5.468949975746409953e-01
1.648000000000000000e+03 6.406895008843281891e-01
1.653333399999999983e+03 7.440833849956475232e-01
1.658666600000000017e+03 8.420147550113543655e-01
1.664000000000000000e+03 9.141253074257914557e-01
1.669333399999999983e+03 9.410748515351928800e-01
1.674666600000000017e+03 9.088485901926756094e-01
1.680000000000000000e+03 8.163661588614069542e-01
1.685333399999999983e+03 6.813296715072051368e-01
1.690666600000000017e+03 5.260607125473399925e-01
1.696000000000000000e+03 3.786056459600525281e-01
1.701333399999999983e+03 2.543569587598165094e-01
1.706666600000000017e+03 1.549566741650961199e-01
1.712000000000000000e+03 8.116635789974460669e-02
1.717333399999999983e+03 3.359327534932840531e-02
1.722666600000000017e+03 9.876969740337276926e-03
1.728000000000000000e+03 7.677726403923222295e-03
1.733333399999999983e+03 1.779652657378744465e-02
1.738666600000000017e+03 2.652057301405827405e-02
1.744000000000000000e+03 2.674568693213424941e-02
1.749333399999999983e+03 1.903671503501822709e-02
1.754666600000000017e+03 8.833703553147359555e-03
1.760000000000000000e+03 4.484317260842879231e-03
1.765333399999999983e+03 1.000702053424149321e-02
1.770666600000000017e+03 2.163226208285178032e-02
1.776000000000000000e+03 3.400561510826143052e-02
1.781333399999999983e+03 4.057100334815231385e-02
1.786666600000000017e+03 3.837373020670790946e-02
1.792000000000000000e+03 3.094203851433697389e-02
1.797333399999999983e+03 2.395618697529706270e-02
1.802666600000000017e+03 2.161249057750593006e-02
