6.080000000000000000e+02 4.099740732848387859e-02
6.133333099999999831e+02 5.650999628907525663e-02
6.186666900000000169e+02 5.253882637340236139e-02
6.240000000000000000e+02 3.759707417980637928e-02
6.293333099999999831e+02 2.248621609821511991e-02
6.346666900000000169e+02 1.419831353438444355e-02
6.400000000000000000e+02 9.813815428249524422e-03
6.453333099999999831e+02 8.347186292123075224e-03
6.506666900000000169e+02 5.582004488718811733e-03
6.560000000000000000e+02 1.155395084943393498e-03
6.613333099999999831e+02 0.000000000000000000e+00
6.666666900000000169e+02 5.080391066406371794e-03
6.720000000000000000e+02 1.029960552539920665e-02
6.773333099999999831e+02 2.285772560905893758e-02
6.826666900000000169e+02 4.048178282028447317e-02
6.880000000000000000e+02 6.553906368882581046e-02
6.933333099999999831e+02 1.012533952506705776e-01
6.986666900000000169e+02 1.443261363500077388e-01
7.040000000000000000e+02 1.825468311848157665e-01
7.093333099999999831e+02 2.092811828309351918e-01
7.146666900000000169e+02 2.131020988173361330e-01
7.200000000000000000e+02 1.944794563021513267e-01
7.253333099999999831e+02 1.643222820700015185e-01
7.306666900000000169e+02 1.346531620327739154e-01
7.360000000000000000e+02 1.107997852988266696e-01
7.413333099999999831e+02 9.424643924680792262e-02
7.466666900000000169e+02 8.315046316480935451e-02
7.520000000000000000e+02 7.826839083773970418e-02
7.573333099999999831e+02 8.078504288898810670e-02
7.626666900000000169e+02 9.049850440914021521e-02
7.680000000000000000e+02 1.052266876110298094e-01
7.733333099999999831e+02 1.225457604525263672e-01
7.786666900000000169e+02 1.447040614685709270e-01
7.840000000000000000e+02 1.855879314282601611e-01
7.893333099999999831e+02 2.587812528515507360e-01
7.946666900000000169e+02 3.630466372164494748e-01
8.000000000000000000e+02 4.785995820856902006e-01
8.053333099999999831e+02 5.634372474666355934e-01
8.106666900000000169e+02 5.836551146421125047e-01
8.160000000000000000e+02 5.410480557439514282e-01
8.213333099999999831e+02 4.636065804592044426e-01
8.266666900000000169e+02 3.882819613636585010e-01
8.320000000000000000e+02 3.456607317794335721e-01
8.373333099999999831e+02 3.409989236635314058e-01
8.426666900000000169e+02 3.612207372443368980e-01
8.480000000000000000e+02 3.889946694652416936e-01
8.533333099999999831e+02 4.044939815171735287e-01
8.586666900000000169e+02 3.998391030267671176e-01
8.640000000000000000e+02 3.852933034342860830e-01
8.693333099999999831e+02 3.717391849219164324e-01
8.746666900000000169e+02 3.619116235541349758e-01
8.800000000000000000e+02 3.554542954590089177e-01
8.853333099999999831e+02 3.450438103728322714e-01
8.906666900000000169e+02 3.268527038459420608e-01
8.960000000000000000e+02 3.106416851180497374e-01
9.013333099999999831e+02 3.043662241776587951e-01
9.066666900000000169e+02 3.141145847685868353e-01
9.120000000000000000e+02 3.449645588579665079e-01
9.173333099999999831e+02 3.854676409792738845e-01
9.226666900000000169e+02 4.169459013737722430e-01
9.280000000000000000e+02 4.271398997955163090e-01
9.333333099999999831e+02 4.140822868424546832e-01
9.386666900000000169e+02 3.885708208849064649e-01
9.440000000000000000e+02 3.650064110952059293e-01
9.493333099999999831e+02 3.481619794818551772e-01
9.546666900000000169e+02 3.379795725830610498e-01
9.600000000000000000e+02 3.295461389990610446e-01
9.653333099999999831e+02 3.211261408333597189e-01
9.706666900000000169e+02 3.108166442283166186e-01
9.760000000000000000e+02 2.948420749688882569e-01
9.813333099999999831e+02 2.853698930208150575e-01
9.866666900000000169e+02 3.007157963709935489e-01
9.920000000000000000e+02 3.463881714886746788e-01
9.973333099999999831e+02 4.073492174536156307e-01
1.002666699999999992e+03 4.483481814835471591e-01
1.008000000000000000e+03 4.395086919834089167e-01
1.013333300000000008e+03 3.965141961470969867e-01
1.018666699999999992e+03 3.557405055656551185e-01
1.024000000000000000e+03 3.463588466314203029e-01
1.029333399999999983e+03 3.635675438391562930e-01
1.034666600000000017e+03 3.775161761748853650e-01
1.040000000000000000e+03 3.644282798685931635e-01
1.045333399999999983e+03 3.268354325699142082e-01
1.050666600000000017e+03 2.845881256710992568e-01
1.056000000000000000e+03 2.515510419345496351e-01
1.061333399999999983e+03 2.355628546106897647e-01
1.066666600000000017e+03 2.419454169517227249e-01
1.072000000000000000e+03 2.668432205212282748e-01
1.077333399999999983e+03 2.984059446050864595e-01
1.082666600000000017e+03 3.274973556771669791e-01
1.088000000000000000e+03 3.285564108037953290e-01
1.093333399999999983e+03 3.041594101793257399e-01
1.098666600000000017e+03 2.632801182871991053e-01
1.104000000000000000e+03 2.158380430811419337e-01
1.109333399999999983e+03 1.731108849062177046e-01
1.114666600000000017e+03 1.432887408949239660e-01
1.120000000000000000e+03 1.175530932008238272e-01
1.125333399999999983e+03 9.702322659522784332e-02
1.130666600000000017e+03 6.792521990632272022e-02
1.136000000000000000e+03 3.486645014875156684e-02
1.141333399999999983e+03 1.022548281353504764e-02
1.146666600000000017e+03 3.690190055212091286e-03
1.152000000000000000e+03 1.829907123271067027e-02
1.157333399999999983e+03 4.833815515842659893e-02
1.162666600000000017e+03 7.521099738900939580e-02
1.168000000000000000e+03 9.594888368187219629e-02
1.173333399999999983e+03 1.055093559038633860e-01
1.178666600000000017e+03 1.100516538858320043e-01
1.184000000000000000e+03 1.231545646328485177e-01
1.189333399999999983e+03 1.504364268835552965e-01
1.194666600000000017e+03 1.894834314194339675e-01
1.200000000000000000e+03 2.362172499520093227e-01
1.205333399999999983e+03 2.750861190902486042e-01
1.210666600000000017e+03 3.104012837153398152e-01
1.216000000000000000e+03 3.572205419232761248e-01
1.221333399999999983e+03 4.289183537880075781e-01
1.226666600000000017e+03 5.242771299405395435e-01
1.232000000000000000e+03 6.300343750400914100e-01
1.237333399999999983e+03 7.180818030850503186e-01
1.242666600000000017e+03 7.683141102535151479e-01
1.248000000000000000e+03 7.768933026243280970e-01
1.253333399999999983e+03 7.585477481279403467e-01
1.258666600000000017e+03 7.279586076943557194e-01
1.264000000000000000e+03 7.007554736661157913e-01
1.269333399999999983e+03 6.804546954414855131e-01
1.274666600000000017e+03 6.616570800586156764e-01
1.280000000000000000e+03 6.403389261895924278e-01
1.285333399999999983e+03 6.166054864002625813e-01
1.290666600000000017e+03 5.919843879671589093e-01
1.296000000000000000e+03 5.758672583476381890e-01
1.301333399999999983e+03 5.719014861736986255e-01
1.306666600000000017e+03 5.809004134071252823e-01
1.312000000000000000e+03 6.009759130156500095e-01
1.317333399999999983e+03 6.215475325972025233e-01
1.322666600000000017e+03 6.404993783672041641e-01
1.328000000000000000e+03 6.519829869043507475e-01
1.333333399999999983e+03 6.467036510630026491e-01
1.338666600000000017e+03 6.243366650461961154e-01
1.344000000000000000e+03 5.805522570983613351e-01
1.349333399999999983e+03 5.105688334223883462e-01
1.354666600000000017e+03 4.338999751053141396e-01
1.360000000000000000e+03 3.615019906297920471e-01
1.365333399999999983e+03 3.053264022782306020e-01
1.370666600000000017e+03 2.805374114611595693e-01
1.376000000000000000e+03 2.798559937532568154e-01
1.381333399999999983e+03 2.920737476401938926e-01
1.386666600000000017e+03 3.121713942631152428e-01
1.392000000000000000e+03 3.334713113960562358e-01
1.397333399999999983e+03 3.557763621992660052e-01
1.402666600000000017e+03 3.831847574757866193e-01
1.408000000000000000e+03 4.144324298796285277e-01
1.413333399999999983e+03 4.460122388119857617e-01
1.418666600000000017e+03 4.773693248352355312e-01
1.424000000000000000e+03 5.168507902733106008e-01
1.429333399999999983e+03 5.804005880014315721e-01
1.434666600000000017e+03 6.782804778973809956e-01
1.440000000000000000e+03 8.032840248849549836e-01
1.445333399999999983e+03 9.239006147055695006e-01
1.450666600000000017e+03 9.996770388188747081e-01
1.456000000000000000e+03 1.000000000000000000e+00
1.461333399999999983e+03 9.236033921350133014e-01
1.466666600000000017e+03 7.872140901133594104e-01
1.472000000000000000e+03 6.187083483190893851e-01
1.477333399999999983e+03 4.498214457448896919e-01
1.482666600000000017e+03 3.000853754568338916e-01
1.488000000000000000e+03 1.817367866637183416e-01
1.493333399999999983e+03 1.003954771345700742e-01
1.498666600000000017e+03 4.931020871376542991e-02
1.504000000000000000e+03 2.028290085317952657e-02
1.509333399999999983e+03 8.347102551084036384e-03
1.514666600000000017e+03 5.496481715253489359e-03
1.520000000000000000e+03 8.080343838725643005e-03
1.525333399999999983e+03 1.553918752974336841e-02
1.530666600000000017e+03 2.920757600865260539e-02
1.536000000000000000e+03 5.125842426162052767e-02
1.541333399999999983e+03 8.046149552575176944e-02
1.546666600000000017e+03 1.089561716958337007e-01
1.552000000000000000e+03 1.299189115454240928e-01
1.557333399999999983e+03 1.404134773466951813e-01
1.562666600000000017e+03 1.459506733665927314e-01
1.568000000000000000e+03 1.542788946187420851e-01
1.573333399999999983e+03 1.692861902116646611e-01
1.578666600000000017e+03 1.845720173322915325e-01
1.584000000000000000e+03 2.023910311057062206e-01
1.589333399999999983e+03 2.199908891894817864e-01
1.594666600000000017e+03 2.422810839595720966e-01
1.600000000000000000e+03 2.727272648235873342e-01
1.605333399999999983e+03 3.082953217185296912e-01
1.610666600000000017e+03 3.364790985001472334e-01
1.616000000000000000e+03 3.600888205680399246e-01
1.621333399999999983e+03 3.808752962842579803e-01
1.626666600000000017e+03 4.105729355366396494e-01
1.632000000000000000e+03 4.577636057143580350e-01
1.637333399999999983e+03 5.274148187668161736e-01
1.642666600000000017e+03 6.104436363727545611e-01
1.648000000000000000e+03 6.987312498243951620e-01
1.653333399999999983e+03 7.891939289438312244e-01
1.658666600000000017e+03 8.749917805632151380e-01
1.664000000000000000e+03 9.415477559508685923e-01
1.669333399999999983e+03 9.719276386103358201e-01
1.674666600000000017e+03 9.446318322421999314e-01
1.680000000000000000e+03 8.540322078848362475e-01
1.685333399999999983e+03 7.167720665528235502e-01
1.690666600000000017e+03 5.582832173328760028e-01
1.696000000000000000e+03 4.049090636531162968e-01
1.701333399999999983e+03 2.726543598813656599e-01
1.706666600000000017e+03 1.697468672804063050e-01
1.712000000000000000e+03 9.931928696874325890e-02
1.717333399999999983e+03 5.689001775366943348e-02
1.722666600000000017e+03 3.656906765047639174e-02
1.728000000000000000e+03 2.863150504934862395e-02
1.733333399999999983e+03 2.279338902660521526e-02
1.738666600000000017e+03 1.622250070027644875e-02
1.744000000000000000e+03 8.153456206121262317e-03
1.749333399999999983e+03 2.173473275988597846e-03
1.754666600000000017e+03 3.508685299742669156e-03
1.760000000000000000e+03 1.040117143558206940e-02
1.765333399999999983e+03 1.965015251150718095e-02
1.770666600000000017e+03 2.719963878215631362e-02
1.776000000000000000e+03 2.845093560263690924e-02
1.781333399999999983e+03 2.494281546480086806e-02
1.786666600000000017e+03 2.052409492395556798e-02
1.792000000000000000e+03 1.719346686349158826e-02
1.797333399999999983e+03 1.813124001401826557e-02
1.802666600000000017e+03 2.616244519553729414e-02
