6.080000000000000000e+02 2.100201574576592359e-02
6.133333099999999831e+02 6.430248505147455329e-02
6.186666900000000169e+02 7.007161770170432236e-02
6.240000000000000000e+02 5.236572107011619459e-02
6.293333099999999831e+02 2.726402693262481441e-02
6.346666900000000169e+02 8.136616214023555116e-03
6.400000000000000000e+02 3.140589834349098112e-03
6.453333099999999831e+02 4.812557522051508219e-03
6.506666900000000169e+02 5.160551834041654518e-03
6.560000000000000000e+02 2.464223266945462891e-03
6.613333099999999831e+02 2.265007164993958905e-03
6.666666900000000169e+02 1.301630127825426780e-02
6.720000000000000000e+02 3.887770153219590602e-02
6.773333099999999831e+02 6.634900876169871897e-02
6.826666900000000169e+02 8.636970566922365367e-02
6.880000000000000000e+02 9.903782947470954334e-02
6.933333099999999831e+02 1.081202838636856761e-01
6.986666900000000169e+02 1.161711214884142418e-01
7.040000000000000000e+02 1.245062250946732951e-01
7.093333099999999831e+02 1.293399355025490749e-01
7.146666900000000169e+02 1.307321929049936049e-01
7.200000000000000000e+02 1.323593730937026314e-01
7.253333099999999831e+02 1.376486936579320308e-01
7.306666900000000169e+02 1.393234337859274030e-01
7.360000000000000000e+02 1.350059669488141989e-01
7.413333099999999831e+02 1.264603287964453648e-01
7.466666900000000169e+02 1.196269158220844286e-01
7.520000000000000000e+02 1.187835410651673501e-01
7.573333099999999831e+02 1.234941482728165035e-01
7.626666900000000169e+02 1.291831968467540004e-01
7.680000000000000000e+02 1.355057842613558994e-01
7.733333099999999831e+02 1.411898686888344301e-01
7.786666900000000169e+02 1.433189724202735271e-01
7.840000000000000000e+02 1.387441763847463705e-01
7.893333099999999831e+02 1.274806330013757705e-01
7.946666900000000169e+02 1.219073365332432463e-01
8.000000000000000000e+02 1.356304518390880620e-01
8.053333099999999831e+02 1.716114664812086743e-01
8.106666900000000169e+02 2.179592411098849047e-01
8.160000000000000000e+02 2.653167726581627250e-01
8.213333099999999831e+02 2.986897961322799167e-01
8.266666900000000169e+02 3.149684004557681827e-01
8.320000000000000000e+02 3.227405161702899816e-01
8.373333099999999831e+02 3.315644844964117932e-01
8.426666900000000169e+02 3.442356494548861057e-01
8.480000000000000000e+02 3.677311898918024236e-01
8.533333099999999831e+02 3.891361570030727468e-01
8.586666900000000169e+02 3.999722595336365760e-01
8.640000000000000000e+02 4.014417006783030928e-01
8.693333099999999831e+02 3.987192792816063314e-01
8.746666900000000169e+02 3.940488489892075563e-01
8.800000000000000000e+02 3.888321276570427809e-01
8.853333099999999831e+02 3.773789607840419280e-01
8.906666900000000169e+02 3.573934780081576834e-01
8.960000000000000000e+02 3.341899768417140870e-01
9.013333099999999831e+02 3.232977912269658360e-01
9.066666900000000169e+02 3.337647796283909618e-01
9.120000000000000000e+02 3.595075769405912114e-01
9.173333099999999831e+02 3.931731096881286303e-01
9.226666900000000169e+02 4.197349716967869737e-01
9.280000000000000000e+02 4.263905778499110788e-01
9.333333099999999831e+02 4.157885389767143614e-01
9.386666900000000169e+02 3.981722958843459392e-01
9.440000000000000000e+02 3.755923009103239174e-01
9.493333099999999831e+02 3.579188804452074213e-01
9.546666900000000169e+02 3.476582950503131486e-01
9.600000000000000000e+02 3.398329657634490131e-01
9.653333099999999831e+02 3.294663454941046954e-01
9.706666900000000169e+02 3.191953803786560240e-01
9.760000000000000000e+02 3.016876175019310713e-01
9.813333099999999831e+02 2.919965863369365366e-01
9.866666900000000169e+02 3.086615100492550723e-01
9.920000000000000000e+02 3.569836313519936799e-01
9.973333099999999831e+02 4.180809613719959072e-01
1.002666699999999992e+03 4.585962296741633581e-01
1.008000000000000000e+03 4.416710693367959517e-01
1.013333300000000008e+03 3.872297738516096710e-01
1.018666699999999992e+03 3.341077087894873121e-01
1.024000000000000000e+03 3.142331580601993024e-01
1.029333399999999983e+03 3.306531154352154722e-01
1.034666600000000017e+03 3.503443191657983347e-01
1.040000000000000000e+03 3.416500546293930185e-01
1.045333399999999983e+03 3.124776483669380323e-01
1.050666600000000017e+03 2.751507277817343833e-01
1.056000000000000000e+03 2.436297689809573674e-01
1.061333399999999983e+03 2.315550497223812787e-01
1.066666600000000017e+03 2.314535939496883410e-01
1.072000000000000000e+03 2.387872724485483600e-01
1.077333399999999983e+03 2.564269273319313980e-01
1.082666600000000017e+03 2.757959176429420900e-01
1.088000000000000000e+03 2.842713499571675739e-01
1.093333399999999983e+03 2.792929253071791962e-01
1.098666600000000017e+03 2.573656896334797772e-01
1.104000000000000000e+03 2.227239992512481670e-01
1.109333399999999983e+03 1.901390462785417235e-01
1.114666600000000017e+03 1.676033078266766785e-01
1.120000000000000000e+03 1.518309324672382499e-01
1.125333399999999983e+03 1.355589126386375076e-01
1.130666600000000017e+03 1.081035555867524284e-01
1.136000000000000000e+03 6.701354179099949793e-02
1.141333399999999983e+03 2.744244099546166993e-02
1.146666600000000017e+03 5.112159461700797186e-03
1.152000000000000000e+03 7.571697457091874396e-03
1.157333399999999983e+03 3.249689814624708017e-02
1.162666600000000017e+03 6.854474808974278521e-02
1.168000000000000000e+03 1.001652627374737675e-01
1.173333399999999983e+03 1.230445457173598295e-01
1.178666600000000017e+03 1.347122762472593438e-01
1.184000000000000000e+03 1.398714704320734858e-01
1.189333399999999983e+03 1.465168682322887106e-01
1.194666600000000017e+03 1.646761739923158496e-01
1.200000000000000000e+03 1.920000853470771318e-01
1.205333399999999983e+03 2.286632323661756949e-01
1.210666600000000017e+03 2.725031045625146420e-01
1.216000000000000000e+03 3.295548407337511865e-01
1.221333399999999983e+03 4.031262084840545046e-01
1.226666600000000017e+03 4.912799532271666658e-01
1.232000000000000000e+03 5.812127184736772811e-01
1.237333399999999983e+03 6.552337303448797501e-01
1.242666600000000017e+03 7.017220188074572151e-01
1.248000000000000000e+03 7.172824469680533221e-01
1.253333399999999983e+03 7.050498124415878198e-01
1.258666600000000017e+03 6.718892548746679960e-01
1.264000000000000000e+03 6.354676647944961232e-01
1.269333399999999983e+03 6.059500244177397077e-01
1.274666600000000017e+03 5.926861386302539891e-01
1.280000000000000000e+03 5.870191595435859666e-01
1.285333399999999983e+03 5.770618462062508947e-01
1.290666600000000017e+03 5.544807782534825202e-01
1.296000000000000000e+03 5.334735093085060109e-01
1.301333399999999983e+03 5.298316348586298297e-01
1.306666600000000017e+03 5.525561144758984744e-01
1.312000000000000000e+03 5.890937891433475349e-01
1.317333399999999983e+03 6.199382201844398921e-01
1.322666600000000017e+03 6.345618983587598683e-01
1.328000000000000000e+03 6.333074076606287628e-01
1.333333399999999983e+03 6.246482070705514644e-01
1.338666600000000017e+03 6.046920727102383930e-01
1.344000000000000000e+03 5.630625107333959711e-01
1.349333399999999983e+03 4.991058193968986312e-01
1.354666600000000017e+03 4.257989779193676605e-01
1.360000000000000000e+03 3.532224523859334164e-01
1.365333399999999983e+03 3.046466716073161773e-01
1.370666600000000017e+03 2.831037522314400201e-01
1.376000000000000000e+03 2.805150527464588817e-01
1.381333399999999983e+03 2.951940950548606057e-01
1.386666600000000017e+03 3.213233618371271749e-01
1.392000000000000000e+03 3.456345252297183257e-01
1.397333399999999983e+03 3.703223944715334226e-01
1.402666600000000017e+03 3.937232393683287590e-01
1.408000000000000000e+03 4.134340890651780343e-01
1.413333399999999983e+03 4.317301609150674957e-01
1.418666600000000017e+03 4.508400238832466767e-01
1.424000000000000000e+03 4.782984776768444135e-01
1.429333399999999983e+03 5.330972153532091973e-01
1.434666600000000017e+03 6.312178486494950391e-01
1.440000000000000000e+03 7.681320314034830732e-01
1.445333399999999983e+03 9.051482046141086091e-01
1.450666600000000017e+03 9.926037963991680702e-01
1.456000000000000000e+03 9.999999999999998890e-01
1.461333399999999983e+03 9.256553136662982739e-01
1.466666600000000017e+03 7.942734632320425092e-01
1.472000000000000000e+03 6.356206730283622264e-01
1.477333399999999983e+03 4.693262506517211774e-01
1.482666600000000017e+03 3.112018187001717173e-01
1.488000000000000000e+03 1.784379638421161041e-01
1.493333399999999983e+03 8.175994792775541364e-02
1.498666600000000017e+03 2.456485808792465211e-02
1.504000000000000000e+03 1.994283496582850701e-03
1.509333399999999983e+03 3.559507462972243391e-03
1.514666600000000017e+03 1.372935177068332346e-02
1.520000000000000000e+03 2.429886541409878586e-02
1.525333399999999983e+03 3.055608089891521592e-02
1.530666600000000017e+03 3.483917520932548750e-02
1.536000000000000000e+03 4.765728623706969730e-02
1.541333399999999983e+03 7.141643104169077827e-02
1.546666600000000017e+03 9.882515165901076259e-02
1.552000000000000000e+03 1.251995787460834508e-01
1.557333399999999983e+03 1.400589221886028024e-01
1.562666600000000017e+03 1.466307109891566152e-01
1.568000000000000000e+03 1.529606166071167395e-01
1.573333399999999983e+03 1.630401024983620939e-01
1.578666600000000017e+03 1.810330439887465337e-01
1.584000000000000000e+03 2.127862629045800813e-01
1.589333399999999983e+03 2.462834519141905709e-01
1.594666600000000017e+03 2.802465207343963760e-01
1.600000000000000000e+03 3.108479343663205774e-01
1.605333399999999983e+03 3.329043164509503105e-01
1.610666600000000017e+03 3.460179893530379025e-01
1.616000000000000000e+03 3.628581846742522377e-01
1.621333399999999983e+03 3.825271543224019744e-01
1.626666600000000017e+03 4.105990872948758197e-01
1.632000000000000000e+03 4.544202752689502356e-01
1.637333399999999983e+03 5.107010983429507434e-01
1.642666600000000017e+03 5.773872946908223946e-01
1.648000000000000000e+03 6.588225054437092387e-01
1.653333399999999983e+03 7.486193825884603914e-01
1.658666600000000017e+03 8.366587291581960573e-01
1.664000000000000000e+03 9.079413751992969628e-01
1.669333399999999983e+03 9.396961957876533988e-01
1.674666600000000017e+03 9.159495810589656228e-01
1.680000000000000000e+03 8.345068295043335249e-01
1.685333399999999983e+03 7.091220663874633345e-01
1.690666600000000017e+03 5.615538525027088390e-01
1.696000000000000000e+03 4.148947206848641600e-01
1.701333399999999983e+03 2.892227278433208149e-01
1.706666600000000017e+03 1.944798016201627622e-01
1.712000000000000000e+03 1.311430631269454861e-01
1.717333399999999983e+03 9.167032544174055775e-02
1.722666600000000017e+03 6.402339193770335835e-02
1.728000000000000000e+03 4.115681487867395988e-02
1.733333399999999983e+03 2.274761398919706093e-02
1.738666600000000017e+03 1.374491184531789409e-02
1.744000000000000000e+03 1.807636530301515512e-02
1.749333399999999983e+03 3.228171890580210091e-02
1.754666600000000017e+03 5.091477640968578716e-02
1.760000000000000000e+03 6.660644808126370275e-02
1.765333399999999983e+03 7.261778636581096846e-02
1.770666600000000017e+03 7.183375969962407792e-02
1.776000000000000000e+03 6.807881805782076134e-02
1.781333399999999983e+03 6.633696734073220302e-02
1.786666600000000017e+03 6.816422266954554054e-02
1.792000000000000000e+03 6.562107173822406825e-02
1.797333399999999983e+03 4.620045300189819931e-02
1.802666600000000017e+03 0.000000000000000000e+00
