6.080000000000000000e+02 1.535383416885256758e-02
6.133333099999999831e+02 3.562736522791417476e-02
6.186666900000000169e+02 4.326717822985061412e-02
6.240000000000000000e+02 4.183717253645954232e-02
6.293333099999999831e+02 3.457252784131163714e-02
6.346666900000000169e+02 2.664195237179581635e-02
6.400000000000000000e+02 2.108315108950865532e-02
6.453333099999999831e+02 1.700617819380593684e-02
6.506666900000000169e+02 1.562926183539554287e-02
6.560000000000000000e+02 1.537702130117626215e-02
6.613333099999999831e+02 1.271566322007863792e-02
6.666666900000000169e+02 7.998220959148746867e-03
6.720000000000000000e+02 5.771698723179004981e-03
6.773333099999999831e+02 9.371341098368114048e-03
6.826666900000000169e+02 2.207796380576204642e-02
6.880000000000000000e+02 4.089310841801050561e-02
6.933333099999999831e+02 5.867541068717198327e-02
6.986666900000000169e+02 7.017791728300358522e-02
7.040000000000000000e+02 7.575207235885948742e-02
7.093333099999999831e+02 7.999176621380625629e-02
7.146666900000000169e+02 8.814525386759815284e-02
7.200000000000000000e+02 9.539519616972134963e-02
7.253333099999999831e+02 9.778339760345088061e-02
7.306666900000000169e+02 9.309699093477162568e-02
7.360000000000000000e+02 8.380668405392921461e-02
7.413333099999999831e+02 7.829800755684503122e-02
7.466666900000000169e+02 8.368319232771158356e-02
7.520000000000000000e+02 9.362318274678090024e-02
7.573333099999999831e+02 9.962119836787035332e-02
7.626666900000000169e+02 9.602325345358604658e-02
7.680000000000000000e+02 8.279283483831582913e-02
7.733333099999999831e+02 6.911999257152250109e-02
7.786666900000000169e+02 6.331752489941416817e-02
7.840000000000000000e+02 6.396232748192341722e-02
7.893333099999999831e+02 6.579752774488109579e-02
7.946666900000000169e+02 6.719961920955852541e-02
8.000000000000000000e+02 7.041385248277377829e-02
8.053333099999999831e+02 8.638190080556333583e-02
8.106666900000000169e+02 1.194484920783245724e-01
8.160000000000000000e+02 1.627206299077701424e-01
8.213333099999999831e+02 2.013120475374929885e-01
8.266666900000000169e+02 2.239145990083204196e-01
8.320000000000000000e+02 2.336318319777208052e-01
8.373333099999999831e+02 2.442251955793315887e-01
8.426666900000000169e+02 2.636657100784779439e-01
8.480000000000000000e+02 2.894147118686252185e-01
8.533333099999999831e+02 3.087266485051811671e-01
8.586666900000000169e+02 3.104488235900677573e-01
8.640000000000000000e+02 2.999098729475386804e-01
8.693333099999999831e+02 2.880265540871779217e-01
8.746666900000000169e+02 2.819684809009064264e-01
8.800000000000000000e+02 2.819751969329969965e-01
8.853333099999999831e+02 2.837260333281103608e-01
8.906666900000000169e+02 2.801750888167794939e-01
8.960000000000000000e+02 2.717633885044725139e-01
9.013333099999999831e+02 2.646507328571441886e-01
9.066666900000000169e+02 2.644815488872593323e-01
9.120000000000000000e+02 2.734133891433260244e-01
9.173333099999999831e+02 2.933949283328069479e-01
9.226666900000000169e+02 3.138982397043020289e-01
9.280000000000000000e+02 3.264513195942850277e-01
9.333333099999999831e+02 3.308065023700434981e-01
9.386666900000000169e+02 3.285877475890603416e-01
9.440000000000000000e+02 3.241675021301516080e-01
9.493333099999999831e+02 3.246486548499933900e-01
9.546666900000000169e+02 3.240672493433507384e-01
9.600000000000000000e+02 3.197539514897732027e-01
9.653333099999999831e+02 3.133500247041626774e-01
9.706666900000000169e+02 3.018355124139736612e-01
9.760000000000000000e+02 2.854461584103514804e-01
9.813333099999999831e+02 2.824312223810316880e-01
9.866666900000000169e+02 3.109984762141301817e-01
9.920000000000000000e+02 3.746390952249815109e-01
9.973333099999999831e+02 4.553830951936030935e-01
1.002666699999999992e+03 5.108096309780386646e-01
1.008000000000000000e+03 5.053860521122504057e-01
1.013333300000000008e+03 4.545251815422989838e-01
1.018666699999999992e+03 3.990746162278323572e-01
1.024000000000000000e+03 3.664297981510320490e-01
1.029333399999999983e+03 3.606855785343613952e-01
1.034666600000000017e+03 3.627907842958321138e-01
1.040000000000000000e+03 3.489797869188842050e-01
1.045333399999999983e+03 3.235201440701625519e-01
1.050666600000000017e+03 2.980574748899463833e-01
1.056000000000000000e+03 2.785367927599332050e-01
1.061333399999999983e+03 2.668477844719041592e-01
1.066666600000000017e+03 2.631081442434894946e-01
1.072000000000000000e+03 2.599737697333375230e-01
1.077333399999999983e+03 2.600241324101160711e-01
1.082666600000000017e+03 2.600331640619303331e-01
1.088000000000000000e+03 2.581716336879718021e-01
1.093333399999999983e+03 2.514998725005656022e-01
1.098666600000000017e+03 2.366665400478664694e-01
1.104000000000000000e+03 2.133273638319664600e-01
1.109333399999999983e+03 1.883547960308024627e-01
1.114666600000000017e+03 1.649643064250518876e-01
1.120000000000000000e+03 1.454699980307856688e-01
1.125333399999999983e+03 1.219893407942897606e-01
1.130666600000000017e+03 8.610662429010441932e-02
1.136000000000000000e+03 4.464441321245123107e-02
1.141333399999999983e+03 1.153411975687542064e-02
1.146666600000000017e+03 0.000000000000000000e+00
1.152000000000000000e+03 1.499489428142983423e-02
1.157333399999999983e+03 4.661434384439043510e-02
1.162666600000000017e+03 7.820326264685707740e-02
1.168000000000000000e+03 9.721317511076846274e-02
1.173333399999999983e+03 1.012825868327228984e-01
1.178666600000000017e+03 9.638854530812758503e-02
1.184000000000000000e+03 9.792820600463751635e-02
1.189333399999999983e+03 1.178865864364058574e-01
1.194666600000000017e+03 1.577422841779201890e-01
1.200000000000000000e+03 2.088292929103582607e-01
1.205333399999999983e+03 2.616211641224451823e-01
1.210666600000000017e+03 3.123078879661873586e-01
1.216000000000000000e+03 3.677346065326293489e-01
1.221333399999999983e+03 4.363646589565512435e-01
1.226666600000000017e+03 5.194093181605331511e-01
1.232000000000000000e+03 6.028325173181947605e-01
1.237333399999999983e+03 6.732607187158906603e-01
1.242666600000000017e+03 7.156278942354783457e-01
1.248000000000000000e+03 7.261414925126449260e-01
1.253333399999999983e+03 7.092032047058928201e-01
1.258666600000000017e+03 6.771930695380508070e-01
1.264000000000000000e+03 6.396256868403332740e-01
1.269333399999999983e+03 6.100170078426309095e-01
1.274666600000000017e+03 5.870472448511253605e-01
1.280000000000000000e+03 5.716382653553235826e-01
1.285333399999999983e+03 5.583810296167264209e-01
1.290666600000000017e+03 5.499653169127790564e-01
1.296000000000000000e+03 5.549701481899634858e-01
1.301333399999999983e+03 5.752975611796660171e-01
1.306666600000000017e+03 6.042005663960741124e-01
1.312000000000000000e+03 6.335206583893769894e-01
1.317333399999999983e+03 6.510585445175108843e-01
1.322666600000000017e+03 6.601018700124519079e-01
1.328000000000000000e+03 6.661697565498431173e-01
1.333333399999999983e+03 6.664449333799455921e-01
1.338666600000000017e+03 6.532167892109074225e-01
1.344000000000000000e+03 6.161692666250560002e-01
1.349333399999999983e+03 5.524408640972126028e-01
1.354666600000000017e+03 4.766991936687801079e-01
1.360000000000000000e+03 4.015861716081277621e-01
1.365333399999999983e+03 3.433408813595404396e-01
1.370666600000000017e+03 3.077331882404388819e-01
1.376000000000000000e+03 2.917875731640046100e-01
1.381333399999999983e+03 2.917170653630077881e-01
1.386666600000000017e+03 3.063405878747761379e-01
1.392000000000000000e+03 3.294373061180983497e-01
1.397333399999999983e+03 3.567240041221442781e-01
1.402666600000000017e+03 3.830419607566835638e-01
1.408000000000000000e+03 4.026621371471279520e-01
1.413333399999999983e+03 4.157942855887117872e-01
1.418666600000000017e+03 4.290265927124046197e-01
1.424000000000000000e+03 4.545184897525375023e-01
1.429333399999999983e+03 5.137514745623983359e-01
1.434666600000000017e+03 6.151717044713196358e-01
1.440000000000000000e+03 7.486779079845929941e-01
1.445333399999999983e+03 8.853296834726632758e-01
1.450666600000000017e+03 9.763259404202462299e-01
1.456000000000000000e+03 9.848709605764870423e-01
1.461333399999999983e+03 9.137115351932076912e-01
1.466666600000000017e+03 7.756169686559281073e-01
1.472000000000000000e+03 6.032908773559767512e-01
1.477333399999999983e+03 4.347789746453598059e-01
1.482666600000000017e+03 2.877721801091858156e-01
1.488000000000000000e+03 1.703485120530987829e-01
1.493333399999999983e+03 8.920104418926598500e-02
1.498666600000000017e+03 3.782008682308749675e-02
1.504000000000000000e+03 1.051664231404375940e-02
1.509333399999999983e+03 3.732766238832866887e-03
1.514666600000000017e+03 9.467327943503977411e-03
1.520000000000000000e+03 1.871106490458031291e-02
1.525333399999999983e+03 2.775798145740221087e-02
1.530666600000000017e+03 3.886245690278229692e-02
1.536000000000000000e+03 5.277641801690566986e-02
1.541333399999999983e+03 7.380491245426132330e-02
1.546666600000000017e+03 1.018699284495857837e-01
1.552000000000000000e+03 1.316947667186983695e-01
1.557333399999999983e+03 1.587744893086661668e-01
1.562666600000000017e+03 1.821581659605087666e-01
1.568000000000000000e+03 1.970608058835086884e-01
1.573333399999999983e+03 2.098377044613763120e-01
1.578666600000000017e+03 2.199139134070827728e-01
1.584000000000000000e+03 2.322408118207884842e-01
1.589333399999999983e+03 2.527171744318684188e-01
1.594666600000000017e+03 2.861394951100828532e-01
1.600000000000000000e+03 3.266774301018103843e-01
1.605333399999999983e+03 3.680986062112078794e-01
1.610666600000000017e+03 3.946796949324754000e-01
1.616000000000000000e+03 4.048828251552478164e-01
1.621333399999999983e+03 4.057575469339331220e-01
1.626666600000000017e+03 4.116685616112750190e-01
1.632000000000000000e+03 4.348477506350034161e-01
1.637333399999999983e+03 4.811133141100679689e-01
1.642666600000000017e+03 5.507850984624306223e-01
1.648000000000000000e+03 6.419859611953235845e-01
1.653333399999999983e+03 7.502128429807016774e-01
1.658666600000000017e+03 8.630215662616571581e-01
1.664000000000000000e+03 9.561320180385007861e-01
1.669333399999999983e+03 9.999999999999998890e-01
1.674666600000000017e+03 9.742172895186601567e-01
1.680000000000000000e+03 8.769389270312162310e-01
1.685333399999999983e+03 7.312867569644468935e-01
1.690666600000000017e+03 5.676228710063894178e-01
1.696000000000000000e+03 4.104880936472258823e-01
1.701333399999999983e+03 2.741359638248575537e-01
1.706666600000000017e+03 1.653443684644906597e-01
1.712000000000000000e+03 8.867073408011209856e-02
1.717333399999999983e+03 4.506746443826825654e-02
1.722666600000000017e+03 2.724499201630171258e-02
1.728000000000000000e+03 2.390403111984694060e-02
1.733333399999999983e+03 2.423801976260490584e-02
1.738666600000000017e+03 2.192900731731389774e-02
1.744000000000000000e+03 1.742744381591251196e-02
1.749333399999999983e+03 1.384904880655439194e-02
1.754666600000000017e+03 1.078696249225048753e-02
1.760000000000000000e+03 1.122205987992208262e-02
1.765333399999999983e+03 1.656669649540387992e-02
1.770666600000000017e+03 2.471584880475717963e-02
1.776000000000000000e+03 3.321436524056382150e-02
1.781333399999999983e+03 3.979203480119586356e-02
1.786666600000000017e+03 4.030365206232618819e-02
1.792000000000000000e+03 3.535778648936790947e-02
1.797333399999999983e+03 2.486118130570256352e-02
1.802666600000000017e+03 8.502892998687890808e-03
