6.080000000000000000e+02 3.900141201114947637e-02
6.133333099999999831e+02 3.136873253295438535e-02
6.186666900000000169e+02 2.815273381413347861e-02
6.240000000000000000e+02 2.715868623388240435e-02
6.293333099999999831e+02 2.520619018080767076e-02
6.346666900000000169e+02 2.262594284574296136e-02
6.400000000000000000e+02 1.719313336502303544e-02
6.453333099999999831e+02 1.284038078998245291e-02
6.506666900000000169e+02 1.070628778850260532e-02
6.560000000000000000e+02 7.181982409134208233e-03
6.613333099999999831e+02 1.919383151833892881e-03
6.666666900000000169e+02 0.000000000000000000e+00
6.720000000000000000e+02 1.161242611327693158e-03
6.773333099999999831e+02 9.904254402016251374e-03
6.826666900000000169e+02 2.889073749975646158e-02
6.880000000000000000e+02 4.811272282521923682e-02
6.933333099999999831e+02 6.314082715904122123e-02
6.986666900000000169e+02 7.729624458020688260e-02
7.040000000000000000e+02 9.002542872687512021e-02
7.093333099999999831e+02 9.672006281573203301e-02
7.146666900000000169e+02 9.647740038425257902e-02
7.200000000000000000e+02 8.254169994446991510e-02
7.253333099999999831e+02 6.391072190935195851e-02
7.306666900000000169e+02 5.365653923063502806e-02
7.360000000000000000e+02 5.533576615789274900e-02
7.413333099999999831e+02 6.565979107887121025e-02
7.466666900000000169e+02 8.051669426861035594e-02
7.520000000000000000e+02 9.074584312908688666e-02
7.573333099999999831e+02 9.638050799800051971e-02
7.626666900000000169e+02 9.856754793479541310e-02
7.680000000000000000e+02 9.639944739355456316e-02
7.733333099999999831e+02 9.165371027712537755e-02
7.786666900000000169e+02 8.455517685570622388e-02
7.840000000000000000e+02 7.278034830079892215e-02
7.893333099999999831e+02 6.334255822638167055e-02
7.946666900000000169e+02 6.742940729328716909e-02
8.000000000000000000e+02 9.288309153415996722e-02
8.053333099999999831e+02 1.391608552851855418e-01
8.106666900000000169e+02 1.916998817988071757e-01
8.160000000000000000e+02 2.302415278113398578e-01
8.213333099999999831e+02 2.491175307187088461e-01
8.266666900000000169e+02 2.509559532094647327e-01
8.320000000000000000e+02 2.522195970301309154e-01
8.373333099999999831e+02 2.685515774380027865e-01
8.426666900000000169e+02 3.013269536453453967e-01
8.480000000000000000e+02 3.386188243188172353e-01
8.533333099999999831e+02 3.646304793169647396e-01
8.586666900000000169e+02 3.644531077295477539e-01
8.640000000000000000e+02 3.479151269505074140e-01
8.693333099999999831e+02 3.323823160558266876e-01
8.746666900000000169e+02 3.287455508224312317e-01
8.800000000000000000e+02 3.330456883130992751e-01
8.853333099999999831e+02 3.304744758545854477e-01
8.906666900000000169e+02 3.128525241941005897e-01
8.960000000000000000e+02 2.885150321412223717e-01
9.013333099999999831e+02 2.738379588513226159e-01
9.066666900000000169e+02 2.812251934941582543e-01
9.120000000000000000e+02 3.051045132355024170e-01
9.173333099999999831e+02 3.308279123038795344e-01
9.226666900000000169e+02 3.511154662736695187e-01
9.280000000000000000e+02 3.585597151747103584e-01
9.333333099999999831e+02 3.555816369300650592e-01
9.386666900000000169e+02 3.495159115524656968e-01
9.440000000000000000e+02 3.391718256395209186e-01
9.493333099999999831e+02 3.256071122392947825e-01
9.546666900000000169e+02 3.154898846510476584e-01
9.600000000000000000e+02 3.053992373842161490e-01
9.653333099999999831e+02 2.963115850777253701e-01
9.706666900000000169e+02 2.899735092146984994e-01
9.760000000000000000e+02 2.795596607389109756e-01
9.813333099999999831e+02 2.748698560434810201e-01
9.866666900000000169e+02 2.962089345282302166e-01
9.920000000000000000e+02 3.433220375966515303e-01
9.973333099999999831e+02 3.997090179318901204e-01
1.002666699999999992e+03 4.372294798695193774e-01
1.008000000000000000e+03 4.264175678000955982e-01
1.013333300000000008e+03 3.804785403975077251e-01
1.018666699999999992e+03 3.392574794226201340e-01
1.024000000000000000e+03 3.237002656304555082e-01
1.029333399999999983e+03 3.297636352725549780e-01
1.034666600000000017e+03 3.359513633201897109e-01
1.040000000000000000e+03 3.213104467671533127e-01
1.045333399999999983e+03 2.889780585162154414e-01
1.050666600000000017e+03 2.569551885772460298e-01
1.056000000000000000e+03 2.388685215266074247e-01
1.061333399999999983e+03 2.339145239357642292e-01
1.066666600000000017e+03 2.333029438924327514e-01
1.072000000000000000e+03 2.323937027479008044e-01
1.077333399999999983e+03 2.287143591269826526e-01
1.082666600000000017e+03 2.265291035600530967e-01
1.088000000000000000e+03 2.299996906560892174e-01
1.093333399999999983e+03 2.303426558906895572e-01
1.098666600000000017e+03 2.214665149450429915e-01
1.104000000000000000e+03 2.026460742788077640e-01
1.109333399999999983e+03 1.798874168192953205e-01
1.114666600000000017e+03 1.594245917798078616e-01
1.120000000000000000e+03 1.389431174918324685e-01
1.125333399999999983e+03 1.063926004862292551e-01
1.130666600000000017e+03 6.440596408174247001e-02
1.136000000000000000e+03 2.402677552101670222e-02
1.141333399999999983e+03 4.901804143571126399e-03
1.146666600000000017e+03 1.352531396645090603e-02
1.152000000000000000e+03 4.212851456802763767e-02
1.157333399999999983e+03 7.031913870797551480e-02
1.162666600000000017e+03 8.965244160370883231e-02
1.168000000000000000e+03 1.004425151074191808e-01
1.173333399999999983e+03 1.056143561092518918e-01
1.178666600000000017e+03 1.124490356447701150e-01
1.184000000000000000e+03 1.261819436904667857e-01
1.189333399999999983e+03 1.485699739942057396e-01
1.194666600000000017e+03 1.826937251851807609e-01
1.200000000000000000e+03 2.287923706578620375e-01
1.205333399999999983e+03 2.786282373206080409e-01
1.210666600000000017e+03 3.330967586414235737e-01
1.216000000000000000e+03 3.939513351152092446e-01
1.221333399999999983e+03 4.680360015204032553e-01
1.226666600000000017e+03 5.563139895814761537e-01
1.232000000000000000e+03 6.488111552454519648e-01
1.237333399999999983e+03 7.263128447768396612e-01
1.242666600000000017e+03 7.718490472734832464e-01
1.248000000000000000e+03 7.799101339644305408e-01
1.253333399999999983e+03 7.611920611861232588e-01
1.258666600000000017e+03 7.364095440193639819e-01
1.264000000000000000e+03 7.188768160809990704e-01
1.269333399999999983e+03 7.089320493069812823e-01
1.274666600000000017e+03 6.972272390201369463e-01
1.280000000000000000e+03 6.743731919822155696e-01
1.285333399999999983e+03 6.359065753698841528e-01
1.290666600000000017e+03 5.981810378679315310e-01
1.296000000000000000e+03 5.759367732772419091e-01
1.301333399999999983e+03 5.764715753991679348e-01
1.306666600000000017e+03 6.022694837037159132e-01
1.312000000000000000e+03 6.409910330204744433e-01
1.317333399999999983e+03 6.751196327920641060e-01
1.322666600000000017e+03 6.999803113387621512e-01
1.328000000000000000e+03 7.058967129543469721e-01
1.333333399999999983e+03 6.904971592434758776e-01
1.338666600000000017e+03 6.607343098147748783e-01
1.344000000000000000e+03 6.130699657753291287e-01
1.349333399999999983e+03 5.512386016611581230e-01
1.354666600000000017e+03 4.857748431947934153e-01
1.360000000000000000e+03 4.183889293789841424e-01
1.365333399999999983e+03 3.624894480343091030e-01
1.370666600000000017e+03 3.306941471093625129e-01
1.376000000000000000e+03 3.192332608010265971e-01
1.381333399999999983e+03 3.281258534432882068e-01
1.386666600000000017e+03 3.520263517839105072e-01
1.392000000000000000e+03 3.785447599177751421e-01
1.397333399999999983e+03 4.058505692937536269e-01
1.402666600000000017e+03 4.311194585795970480e-01
1.408000000000000000e+03 4.471910279240904340e-01
1.413333399999999983e+03 4.539524787678553275e-01
1.418666600000000017e+03 4.607214343494418496e-01
1.424000000000000000e+03 4.832097682740707500e-01
1.429333399999999983e+03 5.443641463992766605e-01
1.434666600000000017e+03 6.520025568534079108e-01
1.440000000000000000e+03 7.882419643808420417e-01
1.445333399999999983e+03 9.126127590386253763e-01
1.450666600000000017e+03 9.852974006037295007e-01
1.456000000000000000e+03 9.773451592207768046e-01
1.461333399999999983e+03 8.914733499602837119e-01
1.466666600000000017e+03 7.460307665565861779e-01
1.472000000000000000e+03 5.690739269793805288e-01
1.477333399999999983e+03 3.906843797038615507e-01
1.482666600000000017e+03 2.397235389556511276e-01
1.488000000000000000e+03 1.294158199644031004e-01
1.493333399999999983e+03 6.387088150906382322e-02
1.498666600000000017e+03 3.130527871963612735e-02
1.504000000000000000e+03 1.564222158926488124e-02
1.509333399999999983e+03 6.693944690343263740e-03
1.514666600000000017e+03 5.363615705979016962e-03
1.520000000000000000e+03 9.950735404720318505e-03
1.525333399999999983e+03 2.015145817908209000e-02
1.530666600000000017e+03 3.770213858245190230e-02
1.536000000000000000e+03 6.178053746477932262e-02
1.541333399999999983e+03 9.248245399181760640e-02
1.546666600000000017e+03 1.307157889335258671e-01
1.552000000000000000e+03 1.668456683345170832e-01
1.557333399999999983e+03 1.943758007929276554e-01
1.562666600000000017e+03 2.156416659687051540e-01
1.568000000000000000e+03 2.292129794538785847e-01
1.573333399999999983e+03 2.404448205435908148e-01
1.578666600000000017e+03 2.552284530513624361e-01
1.584000000000000000e+03 2.729167350851151586e-01
1.589333399999999983e+03 2.989990608726955656e-01
1.594666600000000017e+03 3.362274040238224515e-01
1.600000000000000000e+03 3.783681700593073405e-01
1.605333399999999983e+03 4.182050148323512295e-01
1.610666600000000017e+03 4.456491187961698075e-01
1.616000000000000000e+03 4.595141746444448838e-01
1.621333399999999983e+03 4.704100942195854063e-01
1.626666600000000017e+03 4.866500583503678423e-01
1.632000000000000000e+03 5.182960717703526399e-01
1.637333399999999983e+03 5.668822683845254895e-01
1.642666600000000017e+03 6.267505671081199381e-01
1.648000000000000000e+03 7.018776415159247994e-01
1.653333399999999983e+03 7.937906082580733491e-01
1.658666600000000017e+03 8.889475016735457480e-01
1.664000000000000000e+03 9.660806647485820076e-01
1.669333399999999983e+03 9.999999999999998890e-01
1.674666600000000017e+03 9.670501638279430656e-01
1.680000000000000000e+03 8.676428718491137060e-01
1.685333399999999983e+03 7.229739670860949596e-01
1.690666600000000017e+03 5.583589470162175772e-01
1.696000000000000000e+03 3.983885699355969590e-01
1.701333399999999983e+03 2.656828219893334619e-01
1.706666600000000017e+03 1.659005671098443546e-01
1.712000000000000000e+03 9.756687587383366944e-02
1.717333399999999983e+03 5.768878354061508090e-02
1.722666600000000017e+03 3.700469198939895094e-02
1.728000000000000000e+03 2.609693492664192510e-02
1.733333399999999983e+03 2.003503865984150936e-02
1.738666600000000017e+03 1.475612931874417492e-02
1.744000000000000000e+03 9.737302050921750954e-03
1.749333399999999983e+03 6.508880392850226182e-03
1.754666600000000017e+03 4.678471632788302678e-03
1.760000000000000000e+03 4.265104431174955579e-03
1.765333399999999983e+03 4.547350281072360181e-03
1.770666600000000017e+03 4.967799041970182711e-03
1.776000000000000000e+03 6.425946659531630786e-03
1.781333399999999983e+03 6.503695176991989083e-03
1.786666600000000017e+03 4.276884417414170830e-03
1.792000000000000000e+03 4.100588956518052761e-03
1.797333399999999983e+03 1.186786238701096827e-02
1.802666600000000017e+03 3.260271056551308777e-02
