6.080000000000000000e+02 4.323507900003421833e-02
6.133333099999999831e+02 5.346651560144127791e-02
6.186666900000000169e+02 5.631367631513477245e-02
6.240000000000000000e+02 5.310052341681541221e-02
6.293333099999999831e+02 4.520859682181643108e-02
6.346666900000000169e+02 3.300147614293635900e-02
6.400000000000000000e+02 1.919839183030879262e-02
6.453333099999999831e+02 7.165208142323480425e-03
6.506666900000000169e+02 0.000000000000000000e+00
6.560000000000000000e+02 9.747123747420628759e-04
6.613333099999999831e+02 1.029143515587688934e-02
6.666666900000000169e+02 2.179279941763224981e-02
6.720000000000000000e+02 3.271389888206148455e-02
6.773333099999999831e+02 4.133733957342925619e-02
6.826666900000000169e+02 4.683103591516343117e-02
6.880000000000000000e+02 5.726330488371240285e-02
6.933333099999999831e+02 7.201809391588151477e-02
6.986666900000000169e+02 8.603851699521403162e-02
7.040000000000000000e+02 9.669832839523523349e-02
7.093333099999999831e+02 1.015751185338652773e-01
7.146666900000000169e+02 1.004313141567992895e-01
7.200000000000000000e+02 1.002820946861955331e-01
7.253333099999999831e+02 9.751952929813972881e-02
7.306666900000000169e+02 9.322255680170743464e-02
7.360000000000000000e+02 9.136592507599194946e-02
7.413333099999999831e+02 9.211139705746854145e-02
7.466666900000000169e+02 9.572412188092194185e-02
7.520000000000000000e+02 1.017207447851185831e-01
7.573333099999999831e+02 1.030508090054833847e-01
7.626666900000000169e+02 1.025300714421840675e-01
7.680000000000000000e+02 1.032392794462046737e-01
7.733333099999999831e+02 1.018032177224755808e-01
7.786666900000000169e+02 9.383885711595901791e-02
7.840000000000000000e+02 8.212135807782239283e-02
7.893333099999999831e+02 7.412727995605900011e-02
7.946666900000000169e+02 8.250184131006943478e-02
8.000000000000000000e+02 1.100690986107779878e-01
8.053333099999999831e+02 1.510123025687960252e-01
8.106666900000000169e+02 1.908439002774977855e-01
8.160000000000000000e+02 2.217219561641843584e-01
8.213333099999999831e+02 2.401311670297905376e-01
8.266666900000000169e+02 2.461033811459953091e-01
8.320000000000000000e+02 2.491048904528977981e-01
8.373333099999999831e+02 2.616843235762969511e-01
8.426666900000000169e+02 2.887046435454277971e-01
8.480000000000000000e+02 3.239326422811151795e-01
8.533333099999999831e+02 3.509068281299504988e-01
8.586666900000000169e+02 3.538995209954847176e-01
8.640000000000000000e+02 3.439630982048643704e-01
8.693333099999999831e+02 3.354246562262473419e-01
8.746666900000000169e+02 3.350643229053685279e-01
8.800000000000000000e+02 3.392569739604280876e-01
8.853333099999999831e+02 3.369985967422450823e-01
8.906666900000000169e+02 3.199461859975327727e-01
8.960000000000000000e+02 3.012827497359898410e-01
9.013333099999999831e+02 2.937774481775176083e-01
9.066666900000000169e+02 3.001909043257459664e-01
9.120000000000000000e+02 3.211930739115002598e-01
9.173333099999999831e+02 3.511009969934538177e-01
9.226666900000000169e+02 3.761419799668365149e-01
9.280000000000000000e+02 3.902116232203470814e-01
9.333333099999999831e+02 3.929981277261070938e-01
9.386666900000000169e+02 3.850929455611012964e-01
9.440000000000000000e+02 3.735626271381470298e-01
9.493333099999999831e+02 3.645468717664398506e-01
9.546666900000000169e+02 3.560948556639389473e-01
9.600000000000000000e+02 3.480795528128819982e-01
9.653333099999999831e+02 3.414608674889167417e-01
9.706666900000000169e+02 3.346887537296661108e-01
9.760000000000000000e+02 3.211205918311887952e-01
9.813333099999999831e+02 3.088627453372221887e-01
9.866666900000000169e+02 3.150157541865921673e-01
9.920000000000000000e+02 3.503565692397700992e-01
9.973333099999999831e+02 4.069965333736746960e-01
1.002666699999999992e+03 4.568854367724228815e-01
1.008000000000000000e+03 4.610814730854766452e-01
1.013333300000000008e+03 4.230683093178534415e-01
1.018666699999999992e+03 3.760629003090975031e-01
1.024000000000000000e+03 3.499791681465114213e-01
1.029333399999999983e+03 3.511630304394358637e-01
1.034666600000000017e+03 3.629694381034258566e-01
1.040000000000000000e+03 3.605050631458333044e-01
1.045333399999999983e+03 3.386027393817718778e-01
1.050666600000000017e+03 3.071831300354332939e-01
1.056000000000000000e+03 2.802524276801507952e-01
1.061333399999999983e+03 2.614733257757712592e-01
1.066666600000000017e+03 2.504487341583766513e-01
1.072000000000000000e+03 2.466590855867162035e-01
1.077333399999999983e+03 2.446663293635713277e-01
1.082666600000000017e+03 2.440715649305660040e-01
1.088000000000000000e+03 2.477905303675380921e-01
1.093333399999999983e+03 2.516204705895564997e-01
1.098666600000000017e+03 2.472819458476670229e-01
1.104000000000000000e+03 2.323480008129996666e-01
1.109333399999999983e+03 2.048990804294035240e-01
1.114666600000000017e+03 1.699358675463329138e-01
1.120000000000000000e+03 1.344375878905393340e-01
1.125333399999999983e+03 1.010660420581969421e-01
1.130666600000000017e+03 6.514144295089493997e-02
1.136000000000000000e+03 3.265624410927953081e-02
1.141333399999999983e+03 1.107189223935115853e-02
1.146666600000000017e+03 6.379699864059435940e-03
1.152000000000000000e+03 2.040110004963792065e-02
1.157333399999999983e+03 4.562035363539909683e-02
1.162666600000000017e+03 7.300201745225859407e-02
1.168000000000000000e+03 9.545203892011361324e-02
1.173333399999999983e+03 1.091052081863340684e-01
1.178666600000000017e+03 1.148258666874270861e-01
1.184000000000000000e+03 1.190768889838290379e-01
1.189333399999999983e+03 1.293420930673769287e-01
1.194666600000000017e+03 1.569198351789948820e-01
1.200000000000000000e+03 1.985211655191398417e-01
1.205333399999999983e+03 2.476444613773432779e-01
1.210666600000000017e+03 2.973473111087339138e-01
1.216000000000000000e+03 3.491203760448201021e-01
1.221333399999999983e+03 4.129216344938885785e-01
1.226666600000000017e+03 4.949077316161486495e-01
1.232000000000000000e+03 5.855020258414098677e-01
1.237333399999999983e+03 6.704183152568129467e-01
1.242666600000000017e+03 7.276267200888902886e-01
1.248000000000000000e+03 7.473478527519793468e-01
1.253333399999999983e+03 7.354148461063080289e-01
1.258666600000000017e+03 7.044926359428694829e-01
1.264000000000000000e+03 6.663096362090696889e-01
1.269333399999999983e+03 6.355213124004964742e-01
1.274666600000000017e+03 6.095138221883392715e-01
1.280000000000000000e+03 5.864514734967710696e-01
1.285333399999999983e+03 5.662499871743055246e-01
1.290666600000000017e+03 5.497050385713246889e-01
1.296000000000000000e+03 5.387093012805139747e-01
1.301333399999999983e+03 5.403985428633321098e-01
1.306666600000000017e+03 5.537797869098701753e-01
1.312000000000000000e+03 5.770412277726125749e-01
1.317333399999999983e+03 6.028094072695399097e-01
1.322666600000000017e+03 6.211902382481375717e-01
1.328000000000000000e+03 6.266234703812957330e-01
1.333333399999999983e+03 6.161920981134539899e-01
1.338666600000000017e+03 5.911540581653630388e-01
1.344000000000000000e+03 5.514301802109125017e-01
1.349333399999999983e+03 4.961077849222813030e-01
1.354666600000000017e+03 4.310424524541566771e-01
1.360000000000000000e+03 3.687762163669254800e-01
1.365333399999999983e+03 3.205547949341358560e-01
1.370666600000000017e+03 2.933368384601003909e-01
1.376000000000000000e+03 2.853507751684061788e-01
1.381333399999999983e+03 2.924345920331287707e-01
1.386666600000000017e+03 3.115664073677149037e-01
1.392000000000000000e+03 3.389353208778063120e-01
1.397333399999999983e+03 3.697094516317427915e-01
1.402666600000000017e+03 3.986055975392082673e-01
1.408000000000000000e+03 4.174501709385476378e-01
1.413333399999999983e+03 4.253835857625640759e-01
1.418666600000000017e+03 4.331840603474520490e-01
1.424000000000000000e+03 4.589885495308023144e-01
1.429333399999999983e+03 5.215653088655143321e-01
1.434666600000000017e+03 6.331151894035933481e-01
1.440000000000000000e+03 7.731389679494230505e-01
1.445333399999999983e+03 9.052259642171769372e-01
1.450666600000000017e+03 9.901812070537987509e-01
1.456000000000000000e+03 1.000000000000000000e+00
1.461333399999999983e+03 9.276809598573652060e-01
1.466666600000000017e+03 7.934470669807084375e-01
1.472000000000000000e+03 6.213550261631360927e-01
1.477333399999999983e+03 4.443347518076456448e-01
1.482666600000000017e+03 2.872658117113894849e-01
1.488000000000000000e+03 1.674274123647986334e-01
1.493333399999999983e+03 8.620006775641980701e-02
1.498666600000000017e+03 3.892515040880411420e-02
1.504000000000000000e+03 1.528398115360547760e-02
1.509333399999999983e+03 6.733255802513695744e-03
1.514666600000000017e+03 5.700751330155393037e-03
1.520000000000000000e+03 1.204418929997482304e-02
1.525333399999999983e+03 2.256455699720184838e-02
1.530666600000000017e+03 3.637636686222584653e-02
1.536000000000000000e+03 5.530044563235736454e-02
1.541333399999999983e+03 7.722357797501458454e-02
1.546666600000000017e+03 1.002548253899399888e-01
1.552000000000000000e+03 1.220413125621288841e-01
1.557333399999999983e+03 1.408536984892825583e-01
1.562666600000000017e+03 1.549610106384232688e-01
1.568000000000000000e+03 1.651711386342513965e-01
1.573333399999999983e+03 1.723922568765037799e-01
1.578666600000000017e+03 1.743530306057892165e-01
1.584000000000000000e+03 1.774509942325571688e-01
1.589333399999999983e+03 1.913634660214960370e-01
1.594666600000000017e+03 2.213042291161771979e-01
1.600000000000000000e+03 2.633509020457144856e-01
1.605333399999999983e+03 3.075055370041980818e-01
1.610666600000000017e+03 3.348748768890799643e-01
1.616000000000000000e+03 3.502099629306008044e-01
1.621333399999999983e+03 3.620701554939405598e-01
1.626666600000000017e+03 3.855443778097459306e-01
1.632000000000000000e+03 4.239140027675680211e-01
1.637333399999999983e+03 4.777524303964554298e-01
1.642666600000000017e+03 5.406975453461334569e-01
1.648000000000000000e+03 6.183600774099112796e-01
1.653333399999999983e+03 7.127454925456678803e-01
1.658666600000000017e+03 8.173149184284519420e-01
1.664000000000000000e+03 9.054794918564385009e-01
1.669333399999999983e+03 9.518905756208524416e-01
1.674666600000000017e+03 9.327924141646735112e-01
1.680000000000000000e+03 8.454030499736165938e-01
1.685333399999999983e+03 7.106197255567425763e-01
1.690666600000000017e+03 5.559457423407154764e-01
1.696000000000000000e+03 4.063401010258559376e-01
1.701333399999999983e+03 2.802577001400577417e-01
1.706666600000000017e+03 1.827939376003193395e-01
1.712000000000000000e+03 1.121225700729050201e-01
1.717333399999999983e+03 6.366655609344734623e-02
1.722666600000000017e+03 3.270808523995479000e-02
1.728000000000000000e+03 1.579904378028985229e-02
1.733333399999999983e+03 8.998926318778362188e-03
1.738666600000000017e+03 9.353914784564317658e-03
1.744000000000000000e+03 1.135694034206159546e-02
1.749333399999999983e+03 1.173191692627156835e-02
1.754666600000000017e+03 1.113000891247222651e-02
1.760000000000000000e+03 1.080095493853727023e-02
1.765333399999999983e+03 1.222189357760494755e-02
1.770666600000000017e+03 1.520874701103116025e-02
1.776000000000000000e+03 1.525421213305934269e-02
1.781333399999999983e+03 1.281962780929906884e-02
1.786666600000000017e+03 9.513108956268934852e-03
1.792000000000000000e+03 6.341870465351020190e-03
1.797333399999999983e+03 5.940371717781485136e-03
1.802666600000000017e+03 1.039806557481343791e-02
