6.080000000000000000e+02 1.339768023294149457e-01
6.133333099999999831e+02 1.474174766630609590e-01
6.186666900000000169e+02 1.357393054986258119e-01
6.240000000000000000e+02 1.110737076765196674e-01
6.293333099999999831e+02 9.007719407526583455e-02
6.346666900000000169e+02 8.031957811453782625e-02
6.400000000000000000e+02 7.499318866407589379e-02
6.453333099999999831e+02 5.993563558656365975e-02
6.506666900000000169e+02 3.824408484701369987e-02
6.560000000000000000e+02 1.347702032701962246e-02
6.613333099999999831e+02 0.000000000000000000e+00
6.666666900000000169e+02 1.150946825786879242e-02
6.720000000000000000e+02 4.218595549471264305e-02
6.773333099999999831e+02 7.569191621299929673e-02
6.826666900000000169e+02 1.092267940926118092e-01
6.880000000000000000e+02 1.255918975661182713e-01
6.933333099999999831e+02 1.279762556967262155e-01
6.986666900000000169e+02 1.348442146345804615e-01
7.040000000000000000e+02 1.441085492305820004e-01
7.093333099999999831e+02 1.514597508168718520e-01
7.146666900000000169e+02 1.592307796341131121e-01
7.200000000000000000e+02 1.566249025941034434e-01
7.253333099999999831e+02 1.445458845523237001e-01
7.306666900000000169e+02 1.280679978137402308e-01
7.360000000000000000e+02 1.102307982499858147e-01
7.413333099999999831e+02 9.362105999388802002e-02
7.466666900000000169e+02 8.549423719326582072e-02
7.520000000000000000e+02 8.750759654680678734e-02
7.573333099999999831e+02 9.456319568140510168e-02
7.626666900000000169e+02 9.930536618013463546e-02
7.680000000000000000e+02 1.002732529458139205e-01
7.733333099999999831e+02 1.038306984925605192e-01
7.786666900000000169e+02 1.094018690134253846e-01
7.840000000000000000e+02 1.144157100065023025e-01
7.893333099999999831e+02 1.206048765429057062e-01
7.946666900000000169e+02 1.342145938839363895e-01
8.000000000000000000e+02 1.571700289668553907e-01
8.053333099999999831e+02 1.958822899354873415e-01
8.106666900000000169e+02 2.358454792704360314e-01
8.160000000000000000e+02 2.633247827535755703e-01
8.213333099999999831e+02 2.826889311734160914e-01
8.266666900000000169e+02 2.981282017541213580e-01
8.320000000000000000e+02 3.116469741970142593e-01
8.373333099999999831e+02 3.285943193216955827e-01
8.426666900000000169e+02 3.455016399066760946e-01
8.480000000000000000e+02 3.581635458929020022e-01
8.533333099999999831e+02 3.697840537124454929e-01
8.586666900000000169e+02 3.753541925823891678e-01
8.640000000000000000e+02 3.816165519192832312e-01
8.693333099999999831e+02 3.939960138166894166e-01
8.746666900000000169e+02 4.041501304496208369e-01
8.800000000000000000e+02 3.990882038475180860e-01
8.853333099999999831e+02 3.701164607709440668e-01
8.906666900000000169e+02 3.206044962295639400e-01
8.960000000000000000e+02 2.783578516781229362e-01
9.013333099999999831e+02 2.687847029803969168e-01
9.066666900000000169e+02 2.905600721440026457e-01
9.120000000000000000e+02 3.321679904238146186e-01
9.173333099999999831e+02 3.733200399650066781e-01
9.226666900000000169e+02 3.966209623004213203e-01
9.280000000000000000e+02 4.030460986840933013e-01
9.333333099999999831e+02 3.968896775184932446e-01
9.386666900000000169e+02 3.787512866730097794e-01
9.440000000000000000e+02 3.559492736088415432e-01
9.493333099999999831e+02 3.346355761969533327e-01
9.546666900000000169e+02 3.133517146208346094e-01
9.600000000000000000e+02 2.991789523839740172e-01
9.653333099999999831e+02 2.910474656672926708e-01
9.706666900000000169e+02 2.805302804748743273e-01
9.760000000000000000e+02 2.670324654585427560e-01
9.813333099999999831e+02 2.604663263759611769e-01
9.866666900000000169e+02 2.703670616455157716e-01
9.920000000000000000e+02 3.015876254282968127e-01
9.973333099999999831e+02 3.465926051329399904e-01
1.002666699999999992e+03 3.788113677814015090e-01
1.008000000000000000e+03 3.789924005485867387e-01
1.013333300000000008e+03 3.539634955807147154e-01
1.018666699999999992e+03 3.257549713158491289e-01
1.024000000000000000e+03 3.087881805455764961e-01
1.029333399999999983e+03 3.060554545322947684e-01
1.034666600000000017e+03 3.043324615322050009e-01
1.040000000000000000e+03 2.877823875527992792e-01
1.045333399999999983e+03 2.600661289054551073e-01
1.050666600000000017e+03 2.347998433488396597e-01
1.056000000000000000e+03 2.183665826981555091e-01
1.061333399999999983e+03 2.084065226287916128e-01
1.066666600000000017e+03 2.024863334787156688e-01
1.072000000000000000e+03 1.944246044467989321e-01
1.077333399999999983e+03 1.914231496930271781e-01
1.082666600000000017e+03 1.964727588634839206e-01
1.088000000000000000e+03 2.065962410171683084e-01
1.093333399999999983e+03 2.138227945040878653e-01
1.098666600000000017e+03 2.139315119461195347e-01
1.104000000000000000e+03 1.966569945236624761e-01
1.109333399999999983e+03 1.676924502608939105e-01
1.114666600000000017e+03 1.275966155761749654e-01
1.120000000000000000e+03 8.613845823797748602e-02
1.125333399999999983e+03 4.940828329044122391e-02
1.130666600000000017e+03 2.709636812113122573e-02
1.136000000000000000e+03 1.426117105038008682e-02
1.141333399999999983e+03 1.357138545705901221e-02
1.146666600000000017e+03 2.026075056605591146e-02
1.152000000000000000e+03 3.408872090121684018e-02
1.157333399999999983e+03 4.620628659020666051e-02
1.162666600000000017e+03 5.774833040921853455e-02
1.168000000000000000e+03 6.950273417071872739e-02
1.173333399999999983e+03 7.841627470729775617e-02
1.178666600000000017e+03 8.577173760944940828e-02
1.184000000000000000e+03 9.374222993775824242e-02
1.189333399999999983e+03 1.029700050383754451e-01
1.194666600000000017e+03 1.260547127211827101e-01
1.200000000000000000e+03 1.721215669940414639e-01
1.205333399999999983e+03 2.264772731940849215e-01
1.210666600000000017e+03 2.806052871711766650e-01
1.216000000000000000e+03 3.265059123989560996e-01
1.221333399999999983e+03 3.726475467134307551e-01
1.226666600000000017e+03 4.377964221039919446e-01
1.232000000000000000e+03 5.217760401759397038e-01
1.237333399999999983e+03 6.063044948636421294e-01
1.242666600000000017e+03 6.701097195754828206e-01
1.248000000000000000e+03 6.901877349239402548e-01
1.253333399999999983e+03 6.735493567745592935e-01
1.258666600000000017e+03 6.419866481523062163e-01
1.264000000000000000e+03 6.004337802649245548e-01
1.269333399999999983e+03 5.622040729104004209e-01
1.274666600000000017e+03 5.317998926457695452e-01
1.280000000000000000e+03 5.027420210190219896e-01
1.285333399999999983e+03 4.794921919957327305e-01
1.290666600000000017e+03 4.694726944486278808e-01
1.296000000000000000e+03 4.673829997058394081e-01
1.301333399999999983e+03 4.793271130771391553e-01
1.306666600000000017e+03 4.992171095568751493e-01
1.312000000000000000e+03 5.191821637338037698e-01
1.317333399999999983e+03 5.321989080360141067e-01
1.322666600000000017e+03 5.339335784183901756e-01
1.328000000000000000e+03 5.302371173638508184e-01
1.333333399999999983e+03 5.214235254244076190e-01
1.338666600000000017e+03 4.960242752866655391e-01
1.344000000000000000e+03 4.564823386560104002e-01
1.349333399999999983e+03 3.975661156248457284e-01
1.354666600000000017e+03 3.180312092905985821e-01
1.360000000000000000e+03 2.443741674262654706e-01
1.365333399999999983e+03 1.884509882137947734e-01
1.370666600000000017e+03 1.535579921004677773e-01
1.376000000000000000e+03 1.540150293706037954e-01
1.381333399999999983e+03 1.791176949495804083e-01
1.386666600000000017e+03 2.099432334698701219e-01
1.392000000000000000e+03 2.454966709167176464e-01
1.397333399999999983e+03 2.796651100256298261e-01
1.402666600000000017e+03 3.054023165438983223e-01
1.408000000000000000e+03 3.276694994723565180e-01
1.413333399999999983e+03 3.443792466978487510e-01
1.418666600000000017e+03 3.629583713442198212e-01
1.424000000000000000e+03 4.006003320846308613e-01
1.429333399999999983e+03 4.849890883454591739e-01
1.434666600000000017e+03 6.166362175964915648e-01
1.440000000000000000e+03 7.722828275163453604e-01
1.445333399999999983e+03 9.084957418114567584e-01
1.450666600000000017e+03 9.887140987549963844e-01
1.456000000000000000e+03 9.849627595640884081e-01
1.461333399999999983e+03 9.124026019150410782e-01
1.466666600000000017e+03 7.879675199093327809e-01
1.472000000000000000e+03 6.315954943456579818e-01
1.477333399999999983e+03 4.609361704746942623e-01
1.482666600000000017e+03 2.985976978477753452e-01
1.488000000000000000e+03 1.612377336144745210e-01
1.493333399999999983e+03 6.849424570946351098e-02
1.498666600000000017e+03 2.254633884678400660e-02
1.504000000000000000e+03 1.113199772752786025e-02
1.509333399999999983e+03 1.310913648760990077e-02
1.514666600000000017e+03 1.520152340434100663e-02
1.520000000000000000e+03 1.718001141522584874e-02
1.525333399999999983e+03 2.439838920835572106e-02
1.530666600000000017e+03 4.155156307013867234e-02
1.536000000000000000e+03 7.070054724000539303e-02
1.541333399999999983e+03 1.110365130804545492e-01
1.546666600000000017e+03 1.517065568871821257e-01
1.552000000000000000e+03 1.888024719455442813e-01
1.557333399999999983e+03 2.135231878230014202e-01
1.562666600000000017e+03 2.229119652139358310e-01
1.568000000000000000e+03 2.236265697562573318e-01
1.573333399999999983e+03 2.252180545598759520e-01
1.578666600000000017e+03 2.269244061731464368e-01
1.584000000000000000e+03 2.384207404962315202e-01
1.589333399999999983e+03 2.558432521967051732e-01
1.594666600000000017e+03 2.815036244474901084e-01
1.600000000000000000e+03 3.144046381303725046e-01
1.605333399999999983e+03 3.508958641306352266e-01
1.610666600000000017e+03 3.862050029068921919e-01
1.616000000000000000e+03 4.200626667401171632e-01
1.621333399999999983e+03 4.449859252448818969e-01
1.626666600000000017e+03 4.701960089365087581e-01
1.632000000000000000e+03 5.003742410650274808e-01
1.637333399999999983e+03 5.487850670706777567e-01
1.642666600000000017e+03 6.252697307427753648e-01
1.648000000000000000e+03 7.244303216458022332e-01
1.653333399999999983e+03 8.285650201162106931e-01
1.658666600000000017e+03 9.238412834515680183e-01
1.664000000000000000e+03 9.866479357950139750e-01
1.669333399999999983e+03 1.000000000000000000e+00
1.674666600000000017e+03 9.550567718212586987e-01
1.680000000000000000e+03 8.549310758327397508e-01
1.685333399999999983e+03 7.148034251224557600e-01
1.690666600000000017e+03 5.590678126569189610e-01
1.696000000000000000e+03 4.104864762285246327e-01
1.701333399999999983e+03 2.827191991470860977e-01
1.706666600000000017e+03 1.822929022646805342e-01
1.712000000000000000e+03 1.103472590603052639e-01
1.717333399999999983e+03 5.937451368438115273e-02
1.722666600000000017e+03 2.490125678922002622e-02
1.728000000000000000e+03 9.125094333346964875e-03
1.733333399999999983e+03 9.425914620586842846e-03
1.738666600000000017e+03 2.017743780571731871e-02
1.744000000000000000e+03 3.002568086061237207e-02
1.749333399999999983e+03 2.680526173801797349e-02
1.754666600000000017e+03 1.742917179080489057e-02
1.760000000000000000e+03 1.452733023287629786e-02
1.765333399999999983e+03 2.214147910909693845e-02
1.770666600000000017e+03 3.840716682571532203e-02
1.776000000000000000e+03 4.945723489913447790e-02
1.781333399999999983e+03 4.692762068745423565e-02
1.786666600000000017e+03 3.622142179046494020e-02
1.792000000000000000e+03 2.567448862969792106e-02
1.797333399999999983e+03 2.592672864735992566e-02
1.802666600000000017e+03 4.600983747665099433e-02
