6.080000000000000000e+02 6.209804893970020251e-02
6.133333099999999831e+02 6.448887499966951542e-02
6.186666900000000169e+02 6.367141974961147699e-02
6.240000000000000000e+02 6.043581677722678624e-02
6.293333099999999831e+02 5.494147959304980511e-02
6.346666900000000169e+02 5.143351073902597409e-02
6.400000000000000000e+02 4.560142384311399039e-02
6.453333099999999831e+02 2.880806019880367830e-02
6.506666900000000169e+02 9.521985707160106685e-03
6.560000000000000000e+02 0.000000000000000000e+00
6.613333099999999831e+02 1.803363238585724629e-03
6.666666900000000169e+02 1.777510335502860070e-02
6.720000000000000000e+02 3.926021845735943455e-02
6.773333099999999831e+02 4.804700641274024797e-02
6.826666900000000169e+02 5.433418287973457855e-02
6.880000000000000000e+02 5.834869115572089565e-02
6.933333099999999831e+02 6.529195539752041810e-02
6.986666900000000169e+02 7.919009971512390444e-02
7.040000000000000000e+02 9.603180341547853938e-02
7.093333099999999831e+02 1.052730919775182183e-01
7.146666900000000169e+02 1.192343468469284212e-01
7.200000000000000000e+02 1.265462984040132965e-01
7.253333099999999831e+02 1.257710562888918471e-01
7.306666900000000169e+02 1.238163660530583604e-01
7.360000000000000000e+02 1.221399018739464798e-01
7.413333099999999831e+02 1.204280704849687161e-01
7.466666900000000169e+02 1.258581859518482227e-01
7.520000000000000000e+02 1.326077570761597657e-01
7.573333099999999831e+02 1.338049613753492240e-01
7.626666900000000169e+02 1.341824860302641698e-01
7.680000000000000000e+02 1.294647916174991309e-01
7.733333099999999831e+02 1.222608408608271413e-01
7.786666900000000169e+02 1.137531815233610299e-01
7.840000000000000000e+02 1.065319205162617300e-01
7.893333099999999831e+02 1.053912730601615777e-01
7.946666900000000169e+02 1.219257279305820812e-01
8.000000000000000000e+02 1.527270798179159450e-01
8.053333099999999831e+02 1.993439783479482585e-01
8.106666900000000169e+02 2.465158247531998303e-01
8.160000000000000000e+02 2.810924163069862813e-01
8.213333099999999831e+02 3.020642135916933868e-01
8.266666900000000169e+02 3.134781129717814641e-01
8.320000000000000000e+02 3.236247153606019999e-01
8.373333099999999831e+02 3.447249069979023139e-01
8.426666900000000169e+02 3.715702872062674467e-01
8.480000000000000000e+02 3.948536156457105317e-01
8.533333099999999831e+02 4.197886351803601923e-01
8.586666900000000169e+02 4.596851455879809589e-01
8.640000000000000000e+02 5.184013049620664892e-01
8.693333099999999831e+02 5.845075364841680887e-01
8.746666900000000169e+02 6.231601530754714569e-01
8.800000000000000000e+02 5.988543464397337868e-01
8.853333099999999831e+02 5.197093759162708659e-01
8.906666900000000169e+02 4.339035561197353008e-01
8.960000000000000000e+02 3.722222653296243799e-01
9.013333099999999831e+02 3.526157228478803418e-01
9.066666900000000169e+02 3.673587399222952299e-01
9.120000000000000000e+02 3.902438999110881546e-01
9.173333099999999831e+02 4.102649376018966954e-01
9.226666900000000169e+02 4.239561643287317882e-01
9.280000000000000000e+02 4.267101172896288208e-01
9.333333099999999831e+02 4.220796867658877516e-01
9.386666900000000169e+02 4.147267853457488052e-01
9.440000000000000000e+02 4.030396058873415011e-01
9.493333099999999831e+02 3.913208187786512693e-01
9.546666900000000169e+02 3.719501854664775675e-01
9.600000000000000000e+02 3.526988011344688867e-01
9.653333099999999831e+02 3.393911422578068660e-01
9.706666900000000169e+02 3.316788685647786283e-01
9.760000000000000000e+02 3.197446673596558431e-01
9.813333099999999831e+02 3.107796629687333834e-01
9.866666900000000169e+02 3.146681324730122298e-01
9.920000000000000000e+02 3.434154140294824464e-01
9.973333099999999831e+02 3.909239384860875854e-01
1.002666699999999992e+03 4.319142975946890228e-01
1.008000000000000000e+03 4.335053252278716074e-01
1.013333300000000008e+03 4.033476670071879377e-01
1.018666699999999992e+03 3.733235738141064131e-01
1.024000000000000000e+03 3.653838422195212488e-01
1.029333399999999983e+03 3.789488259721228713e-01
1.034666600000000017e+03 3.941806053607743721e-01
1.040000000000000000e+03 3.906894315495352266e-01
1.045333399999999983e+03 3.689082346129638479e-01
1.050666600000000017e+03 3.444912319895727104e-01
1.056000000000000000e+03 3.203918805536524195e-01
1.061333399999999983e+03 2.942306306013091066e-01
1.066666600000000017e+03 2.659621784093464947e-01
1.072000000000000000e+03 2.469457814578281951e-01
1.077333399999999983e+03 2.425029080764632416e-01
1.082666600000000017e+03 2.560337202514635369e-01
1.088000000000000000e+03 2.711236852448550838e-01
1.093333399999999983e+03 2.740877334825019829e-01
1.098666600000000017e+03 2.600894960805110179e-01
1.104000000000000000e+03 2.349006838806390329e-01
1.109333399999999983e+03 2.080134642505275244e-01
1.114666600000000017e+03 1.835030796048218726e-01
1.120000000000000000e+03 1.547698945790655922e-01
1.125333399999999983e+03 1.224566409287594637e-01
1.130666600000000017e+03 8.577968831758368828e-02
1.136000000000000000e+03 4.543993144317395871e-02
1.141333399999999983e+03 1.625251684029953639e-02
1.146666600000000017e+03 5.869099141469161056e-03
1.152000000000000000e+03 1.693264635536343918e-02
1.157333399999999983e+03 4.690275938716367138e-02
1.162666600000000017e+03 8.010324844179304848e-02
1.168000000000000000e+03 1.003217585562861530e-01
1.173333399999999983e+03 1.110091801515433046e-01
1.178666600000000017e+03 1.196126568626501574e-01
1.184000000000000000e+03 1.347615873548050625e-01
1.189333399999999983e+03 1.599220762962117737e-01
1.194666600000000017e+03 1.934045965341220918e-01
1.200000000000000000e+03 2.260699261194257514e-01
1.205333399999999983e+03 2.568098169651319984e-01
1.210666600000000017e+03 2.854630045580465181e-01
1.216000000000000000e+03 3.178253880701354950e-01
1.221333399999999983e+03 3.683311241137819381e-01
1.226666600000000017e+03 4.539705309382917053e-01
1.232000000000000000e+03 5.673982813820575011e-01
1.237333399999999983e+03 6.793258270047045633e-01
1.242666600000000017e+03 7.562930368699852801e-01
1.248000000000000000e+03 7.800992949472457250e-01
1.253333399999999983e+03 7.599167444543830641e-01
1.258666600000000017e+03 7.299761851786288336e-01
1.264000000000000000e+03 7.080246560596853422e-01
1.269333399999999983e+03 6.879325198611077052e-01
1.274666600000000017e+03 6.632707915657732878e-01
1.280000000000000000e+03 6.303019686865467541e-01
1.285333399999999983e+03 5.941243805234933673e-01
1.290666600000000017e+03 5.731527311534746483e-01
1.296000000000000000e+03 5.725918482852440095e-01
1.301333399999999983e+03 5.842362263649437670e-01
1.306666600000000017e+03 6.031526558204719501e-01
1.312000000000000000e+03 6.237623524198816494e-01
1.317333399999999983e+03 6.383491185379674970e-01
1.322666600000000017e+03 6.443145886872282402e-01
1.328000000000000000e+03 6.434085621110648967e-01
1.333333399999999983e+03 6.331571965748243880e-01
1.338666600000000017e+03 6.095204774773016476e-01
1.344000000000000000e+03 5.693753861782064885e-01
1.349333399999999983e+03 5.101850435605360667e-01
1.354666600000000017e+03 4.343603689340348462e-01
1.360000000000000000e+03 3.600405667794006614e-01
1.365333399999999983e+03 3.030507987545477677e-01
1.370666600000000017e+03 2.700724299252212357e-01
1.376000000000000000e+03 2.633005373010144368e-01
1.381333399999999983e+03 2.778440617500471110e-01
1.386666600000000017e+03 3.025352879918180582e-01
1.392000000000000000e+03 3.318369215116609428e-01
1.397333399999999983e+03 3.606040808192361169e-01
1.402666600000000017e+03 3.857538038903793876e-01
1.408000000000000000e+03 4.055140087731359810e-01
1.413333399999999983e+03 4.211290393581618718e-01
1.418666600000000017e+03 4.346652594518388701e-01
1.424000000000000000e+03 4.577104717509287712e-01
1.429333399999999983e+03 5.051453943242940614e-01
1.434666600000000017e+03 5.922817691181582189e-01
1.440000000000000000e+03 7.119248355278753326e-01
1.445333399999999983e+03 8.476521349027729135e-01
1.450666600000000017e+03 9.564167134710188645e-01
1.456000000000000000e+03 9.999999999999998890e-01
1.461333399999999983e+03 9.582857780452223029e-01
1.466666600000000017e+03 8.368690632919493222e-01
1.472000000000000000e+03 6.582162560919481153e-01
1.477333399999999983e+03 4.709953346738695590e-01
1.482666600000000017e+03 3.023185572159915457e-01
1.488000000000000000e+03 1.706103170507865807e-01
1.493333399999999983e+03 8.271056999331964643e-02
1.498666600000000017e+03 3.202956451074508853e-02
1.504000000000000000e+03 8.849310967320337534e-03
1.509333399999999983e+03 7.059044889632012584e-03
1.514666600000000017e+03 1.419041867245707592e-02
1.520000000000000000e+03 2.149516680264047797e-02
1.525333399999999983e+03 2.586989792547714911e-02
1.530666600000000017e+03 3.320042461591852373e-02
1.536000000000000000e+03 5.304446160983881942e-02
1.541333399999999983e+03 8.243972837503758810e-02
1.546666600000000017e+03 1.128730087123149262e-01
1.552000000000000000e+03 1.373643394195270540e-01
1.557333399999999983e+03 1.471184565916302256e-01
1.562666600000000017e+03 1.492591789879739173e-01
1.568000000000000000e+03 1.588859517123538956e-01
1.573333399999999983e+03 1.733692945216967485e-01
1.578666600000000017e+03 1.891608947705826493e-01
1.584000000000000000e+03 2.090364539121723209e-01
1.589333399999999983e+03 2.275887694049410215e-01
1.594666600000000017e+03 2.483439475027077459e-01
1.600000000000000000e+03 2.721969559627859248e-01
1.605333399999999983e+03 2.919366491724379453e-01
1.610666600000000017e+03 3.125396947768491751e-01
1.616000000000000000e+03 3.393131269569436004e-01
1.621333399999999983e+03 3.788698375506284743e-01
1.626666600000000017e+03 4.328281465402021855e-01
1.632000000000000000e+03 4.877088397208147463e-01
1.637333399999999983e+03 5.378999689429591058e-01
1.642666600000000017e+03 5.898208040641238492e-01
1.648000000000000000e+03 6.489651849791483462e-01
1.653333399999999983e+03 7.318161266323092162e-01
1.658666600000000017e+03 8.353718277192845321e-01
1.664000000000000000e+03 9.332830429295757568e-01
1.669333399999999983e+03 9.927800070165984092e-01
1.674666600000000017e+03 9.845849238274356763e-01
1.680000000000000000e+03 9.031348745383438459e-01
1.685333399999999983e+03 7.698071551131356882e-01
1.690666600000000017e+03 6.110846154872450198e-01
1.696000000000000000e+03 4.515195453328393893e-01
1.701333399999999983e+03 3.082582623484183548e-01
1.706666600000000017e+03 1.927589473608238291e-01
1.712000000000000000e+03 1.128794899841146088e-01
1.717333399999999983e+03 6.470712988878890570e-02
1.722666600000000017e+03 3.709776918626363218e-02
1.728000000000000000e+03 2.008728687119492456e-02
1.733333399999999983e+03 1.105278957874111616e-02
1.738666600000000017e+03 1.190393209943062941e-02
1.744000000000000000e+03 2.092487562258603384e-02
1.749333399999999983e+03 3.329257673829370823e-02
1.754666600000000017e+03 3.782516150650382797e-02
1.760000000000000000e+03 3.070929272499569457e-02
1.765333399999999983e+03 1.711250061015059248e-02
1.770666600000000017e+03 7.282530691910327376e-03
1.776000000000000000e+03 7.186745174100628471e-03
1.781333399999999983e+03 2.118548295817989507e-02
1.786666600000000017e+03 4.125329167296039323e-02
1.792000000000000000e+03 5.634608268745462667e-02
1.797333399999999983e+03 5.493014801820680221e-02
1.802666600000000017e+03 2.641089703468759570e-02
