6.080000000000000000e+02 2.395620569458652149e-02
6.133333099999999831e+02 2.963137423052248851e-02
6.186666900000000169e+02 3.352636027148155062e-02
6.240000000000000000e+02 3.680102954096130252e-02
6.293333099999999831e+02 4.361638666272812936e-02
6.346666900000000169e+02 4.703999147092247091e-02
6.400000000000000000e+02 4.612193762253273543e-02
6.453333099999999831e+02 3.540105508797634914e-02
6.506666900000000169e+02 1.793516173293661919e-02
6.560000000000000000e+02 4.855057451193578455e-03
6.613333099999999831e+02 2.505444571331008445e-03
6.666666900000000169e+02 4.072613211343878263e-03
6.720000000000000000e+02 1.134325967293652905e-02
6.773333099999999831e+02 2.088382980875978789e-02
6.826666900000000169e+02 3.260029332795491563e-02
6.880000000000000000e+02 5.026997059210103203e-02
6.933333099999999831e+02 7.034069199515144422e-02
6.986666900000000169e+02 8.703245750485889831e-02
7.040000000000000000e+02 9.845047484070436339e-02
7.093333099999999831e+02 1.058123460815271338e-01
7.146666900000000169e+02 1.093127852677363149e-01
7.200000000000000000e+02 1.156432840301771375e-01
7.253333099999999831e+02 1.213250095812744705e-01
7.306666900000000169e+02 1.279793797778898956e-01
7.360000000000000000e+02 1.331336465879481290e-01
7.413333099999999831e+02 1.356659752046917022e-01
7.466666900000000169e+02 1.361474062630759763e-01
7.520000000000000000e+02 1.386393659794619426e-01
7.573333099999999831e+02 1.368597112264620108e-01
7.626666900000000169e+02 1.333094693267638242e-01
7.680000000000000000e+02 1.289773406175001857e-01
7.733333099999999831e+02 1.241264133392071811e-01
7.786666900000000169e+02 1.190986257448174712e-01
7.840000000000000000e+02 1.174601114051602724e-01
7.893333099999999831e+02 1.172759714662656716e-01
7.946666900000000169e+02 1.227599600591741946e-01
8.000000000000000000e+02 1.414149165111552031e-01
8.053333099999999831e+02 1.709189658048478333e-01
8.106666900000000169e+02 2.067668781418653123e-01
8.160000000000000000e+02 2.460944901597424683e-01
8.213333099999999831e+02 2.776639381704101850e-01
8.266666900000000169e+02 2.976236865138986443e-01
8.320000000000000000e+02 3.099991529115790345e-01
8.373333099999999831e+02 3.187927524799265555e-01
8.426666900000000169e+02 3.350798401281976369e-01
8.480000000000000000e+02 3.611515771014944809e-01
8.533333099999999831e+02 3.841244261069189370e-01
8.586666900000000169e+02 3.955162344578819211e-01
8.640000000000000000e+02 3.931901956690739830e-01
8.693333099999999831e+02 3.850280248078364886e-01
8.746666900000000169e+02 3.807023020731930552e-01
8.800000000000000000e+02 3.803778909332850011e-01
8.853333099999999831e+02 3.730356535592683209e-01
8.906666900000000169e+02 3.556796418030989115e-01
8.960000000000000000e+02 3.354985894847750116e-01
9.013333099999999831e+02 3.268601907590221178e-01
9.066666900000000169e+02 3.333116461717512413e-01
9.120000000000000000e+02 3.562805665435845315e-01
9.173333099999999831e+02 3.813781733084731784e-01
9.226666900000000169e+02 4.013863091219476154e-01
9.280000000000000000e+02 4.117571949537435771e-01
9.333333099999999831e+02 4.135907245269856980e-01
9.386666900000000169e+02 4.063350725538623642e-01
9.440000000000000000e+02 3.964864244953831274e-01
9.493333099999999831e+02 3.794207820504320594e-01
9.546666900000000169e+02 3.618670545510387360e-01
9.600000000000000000e+02 3.451042235218537702e-01
9.653333099999999831e+02 3.308475111492738541e-01
9.706666900000000169e+02 3.169141595056798044e-01
9.760000000000000000e+02 3.062318466383310289e-01
9.813333099999999831e+02 3.097262468602247631e-01
9.866666900000000169e+02 3.459714691099389783e-01
9.920000000000000000e+02 4.126432525025157116e-01
9.973333099999999831e+02 4.815351046760561471e-01
1.002666699999999992e+03 5.142236097073212830e-01
1.008000000000000000e+03 4.928331291698942462e-01
1.013333300000000008e+03 4.403075110957569427e-01
1.018666699999999992e+03 3.977470258695503524e-01
1.024000000000000000e+03 3.854422328510623830e-01
1.029333399999999983e+03 3.933155873630798660e-01
1.034666600000000017e+03 3.968767915341316899e-01
1.040000000000000000e+03 3.785957231332243156e-01
1.045333399999999983e+03 3.415086791103716379e-01
1.050666600000000017e+03 3.041632496979588263e-01
1.056000000000000000e+03 2.788472345003342179e-01
1.061333399999999983e+03 2.695844389874229030e-01
1.066666600000000017e+03 2.721204158051236388e-01
1.072000000000000000e+03 2.795904772689839501e-01
1.077333399999999983e+03 2.842104250023926304e-01
1.082666600000000017e+03 2.867825866483749708e-01
1.088000000000000000e+03 2.875654875980814817e-01
1.093333399999999983e+03 2.798692755276351307e-01
1.098666600000000017e+03 2.627441478669823582e-01
1.104000000000000000e+03 2.377736816749693172e-01
1.109333399999999983e+03 2.086357893383807838e-01
1.114666600000000017e+03 1.840824903521522393e-01
1.120000000000000000e+03 1.641833711755820990e-01
1.125333399999999983e+03 1.329750184718738737e-01
1.130666600000000017e+03 9.097143041318721257e-02
1.136000000000000000e+03 4.539931197361853077e-02
1.141333399999999983e+03 1.054429653509202612e-02
1.146666600000000017e+03 5.524065738487134170e-04
1.152000000000000000e+03 1.689897602367485679e-02
1.157333399999999983e+03 4.512951725046142337e-02
1.162666600000000017e+03 7.445564950486263656e-02
1.168000000000000000e+03 1.014337644596187415e-01
1.173333399999999983e+03 1.226861963145714218e-01
1.178666600000000017e+03 1.338903736287636037e-01
1.184000000000000000e+03 1.437583805722512376e-01
1.189333399999999983e+03 1.612210255423948135e-01
1.194666600000000017e+03 1.913685146277950833e-01
1.200000000000000000e+03 2.393468182683949341e-01
1.205333399999999983e+03 2.953451341549222509e-01
1.210666600000000017e+03 3.449275078233894898e-01
1.216000000000000000e+03 3.948058716522108713e-01
1.221333399999999983e+03 4.576471940443508912e-01
1.226666600000000017e+03 5.384033037739444083e-01
1.232000000000000000e+03 6.319638773827283007e-01
1.237333399999999983e+03 7.165890453026573237e-01
1.242666600000000017e+03 7.648189848819020309e-01
1.248000000000000000e+03 7.700622365708886807e-01
1.253333399999999983e+03 7.430822927173311720e-01
1.258666600000000017e+03 7.023672214049776485e-01
1.264000000000000000e+03 6.637613470618021205e-01
1.269333399999999983e+03 6.353122247987994520e-01
1.274666600000000017e+03 6.128752475281925571e-01
1.280000000000000000e+03 5.948980561409011880e-01
1.285333399999999983e+03 5.823015252709606848e-01
1.290666600000000017e+03 5.797459084780157701e-01
1.296000000000000000e+03 5.876691169949396221e-01
1.301333399999999983e+03 6.089739111625832590e-01
1.306666600000000017e+03 6.390787664139180313e-01
1.312000000000000000e+03 6.683418221627362987e-01
1.317333399999999983e+03 6.874387337001357512e-01
1.322666600000000017e+03 6.959866464923741836e-01
1.328000000000000000e+03 6.958731573222698419e-01
1.333333399999999983e+03 6.886873855938453470e-01
1.338666600000000017e+03 6.683432216706953755e-01
1.344000000000000000e+03 6.234570426013869016e-01
1.349333399999999983e+03 5.497218308640050566e-01
1.354666600000000017e+03 4.602122757391179930e-01
1.360000000000000000e+03 3.807440555549042593e-01
1.365333399999999983e+03 3.283080768456588805e-01
1.370666600000000017e+03 3.076674694318510817e-01
1.376000000000000000e+03 3.107867913462407095e-01
1.381333399999999983e+03 3.229148136472330677e-01
1.386666600000000017e+03 3.320723844088722676e-01
1.392000000000000000e+03 3.413491368926588332e-01
1.397333399999999983e+03 3.532219208337102345e-01
1.402666600000000017e+03 3.720040289172589776e-01
1.408000000000000000e+03 3.973722043418801420e-01
1.413333399999999983e+03 4.270602224648001322e-01
1.418666600000000017e+03 4.550829869444871223e-01
1.424000000000000000e+03 4.954700631861368998e-01
1.429333399999999983e+03 5.602849905775172390e-01
1.434666600000000017e+03 6.609310506983153699e-01
1.440000000000000000e+03 7.854762171886541244e-01
1.445333399999999983e+03 9.122188726942206394e-01
1.450666600000000017e+03 9.923432523018060891e-01
1.456000000000000000e+03 1.000000000000000000e+00
1.461333399999999983e+03 9.222902530457144366e-01
1.466666600000000017e+03 7.787043887015606680e-01
1.472000000000000000e+03 5.989927276176708615e-01
1.477333399999999983e+03 4.256886957494196988e-01
1.482666600000000017e+03 2.742967955290205317e-01
1.488000000000000000e+03 1.611910882863378802e-01
1.493333399999999983e+03 8.444056530484997380e-02
1.498666600000000017e+03 3.940954136293355059e-02
1.504000000000000000e+03 1.693198700530933187e-02
1.509333399999999983e+03 7.743075718193191855e-03
1.514666600000000017e+03 1.237894422246830183e-03
1.520000000000000000e+03 0.000000000000000000e+00
1.525333399999999983e+03 7.068667079023715355e-03
1.530666600000000017e+03 2.618212170389945179e-02
1.536000000000000000e+03 5.534032489214790740e-02
1.541333399999999983e+03 8.668245469577173790e-02
1.546666600000000017e+03 1.146812263071728538e-01
1.552000000000000000e+03 1.373373649596431045e-01
1.557333399999999983e+03 1.576522798595899055e-01
1.562666600000000017e+03 1.776302851404225613e-01
1.568000000000000000e+03 1.899858173298928088e-01
1.573333399999999983e+03 1.974082845657700869e-01
1.578666600000000017e+03 1.997653976272965037e-01
1.584000000000000000e+03 2.051805802052180105e-01
1.589333399999999983e+03 2.280180831022557419e-01
1.594666600000000017e+03 2.719367412123773753e-01
1.600000000000000000e+03 3.208914351882981020e-01
1.605333399999999983e+03 3.630832380964223449e-01
1.610666600000000017e+03 3.820705306246207633e-01
1.616000000000000000e+03 3.853984391082017624e-01
1.621333399999999983e+03 3.898990782160426383e-01
1.626666600000000017e+03 4.113831814423355993e-01
1.632000000000000000e+03 4.528722459370488895e-01
1.637333399999999983e+03 5.111620235168851112e-01
1.642666600000000017e+03 5.797063713434423837e-01
1.648000000000000000e+03 6.621572008455264280e-01
1.653333399999999983e+03 7.595734119062880207e-01
1.658666600000000017e+03 8.651934937190117747e-01
1.664000000000000000e+03 9.531896032774362926e-01
1.669333399999999983e+03 9.895475922989773743e-01
1.674666600000000017e+03 9.504807001076569506e-01
1.680000000000000000e+03 8.406149932489466181e-01
1.685333399999999983e+03 6.898934081073400115e-01
1.690666600000000017e+03 5.333619869712006301e-01
1.696000000000000000e+03 3.916057825461184971e-01
1.701333399999999983e+03 2.695931352907539047e-01
1.706666600000000017e+03 1.651820159733441984e-01
1.712000000000000000e+03 8.431393192976763262e-02
1.717333399999999983e+03 3.363571235952340921e-02
1.722666600000000017e+03 1.138111908924932525e-02
1.728000000000000000e+03 8.048947619733456266e-03
1.733333399999999983e+03 9.196869766085774556e-03
1.738666600000000017e+03 6.254113507181916637e-03
1.744000000000000000e+03 1.481284331219166056e-03
1.749333399999999983e+03 2.599581538745426856e-04
1.754666600000000017e+03 3.922683073646267629e-03
1.760000000000000000e+03 1.082291664150348415e-02
1.765333399999999983e+03 1.488164127299279604e-02
1.770666600000000017e+03 1.544024006026800677e-02
1.776000000000000000e+03 1.287525444448802195e-02
1.781333399999999983e+03 1.206149849658607817e-02
1.786666600000000017e+03 1.537030469618223816e-02
1.792000000000000000e+03 2.124696155312052331e-02
1.797333399999999983e+03 2.626502925114726494e-02
1.802666600000000017e+03 2.807582780640133224e-02
