6.080000000000000000e+02 4.466328736616375500e-02
6.133333099999999831e+02 6.207110371584328296e-02
6.186666900000000169e+02 6.224357608247467477e-02
6.240000000000000000e+02 5.065260324634496270e-02
6.293333099999999831e+02 3.318342273612449878e-02
6.346666900000000169e+02 1.345100743311854544e-02
6.400000000000000000e+02 2.349995116656043020e-03
6.453333099999999831e+02 0.000000000000000000e+00
6.506666900000000169e+02 4.578810607817611344e-03
6.560000000000000000e+02 8.943287953374776111e-03
6.613333099999999831e+02 8.069711334844771947e-03
6.666666900000000169e+02 1.400223605790553057e-03
6.720000000000000000e+02 1.861503561101232780e-03
6.773333099999999831e+02 8.148909533737983685e-03
6.826666900000000169e+02 2.737939583665573856e-02
6.880000000000000000e+02 5.272043680042763636e-02
6.933333099999999831e+02 7.367868649414717475e-02
6.986666900000000169e+02 8.537287153701358933e-02
7.040000000000000000e+02 8.901102521975855220e-02
7.093333099999999831e+02 8.485104385728116372e-02
7.146666900000000169e+02 8.347950893312501564e-02
7.200000000000000000e+02 8.731804746219731794e-02
7.253333099999999831e+02 9.240349326445895795e-02
7.306666900000000169e+02 9.355337951747068337e-02
7.360000000000000000e+02 8.976560136971026282e-02
7.413333099999999831e+02 8.542064416654678027e-02
7.466666900000000169e+02 8.562572249779942801e-02
7.520000000000000000e+02 9.110569487879673078e-02
7.573333099999999831e+02 1.020513070422050111e-01
7.626666900000000169e+02 1.120241109860250772e-01
7.680000000000000000e+02 1.138933429025337229e-01
7.733333099999999831e+02 1.056355708524481518e-01
7.786666900000000169e+02 9.010706290621725567e-02
7.840000000000000000e+02 7.131577670562605498e-02
7.893333099999999831e+02 6.289831105903546937e-02
7.946666900000000169e+02 7.485940324132507595e-02
8.000000000000000000e+02 1.006920710831876037e-01
8.053333099999999831e+02 1.342907879446996466e-01
8.106666900000000169e+02 1.728834397056071281e-01
8.160000000000000000e+02 2.049129070039387990e-01
8.213333099999999831e+02 2.276767811596879798e-01
8.266666900000000169e+02 2.434698513320935620e-01
8.320000000000000000e+02 2.538762558484990994e-01
8.373333099999999831e+02 2.717796204520318004e-01
8.426666900000000169e+02 3.080713971039427679e-01
8.480000000000000000e+02 3.486587653769420703e-01
8.533333099999999831e+02 3.768371497275404547e-01
8.586666900000000169e+02 3.802481019695212461e-01
8.640000000000000000e+02 3.634147277636054496e-01
8.693333099999999831e+02 3.442677371263427322e-01
8.746666900000000169e+02 3.325869629314606168e-01
8.800000000000000000e+02 3.244398887126783704e-01
8.853333099999999831e+02 3.145226715167272480e-01
8.906666900000000169e+02 2.988819182018477294e-01
8.960000000000000000e+02 2.851717212379129562e-01
9.013333099999999831e+02 2.824081767420822398e-01
9.066666900000000169e+02 2.888725908414341292e-01
9.120000000000000000e+02 3.068164558062683178e-01
9.173333099999999831e+02 3.343811076208770827e-01
9.226666900000000169e+02 3.653239003999091405e-01
9.280000000000000000e+02 3.910255148411947435e-01
9.333333099999999831e+02 4.025171564841768523e-01
9.386666900000000169e+02 3.938785421626747607e-01
9.440000000000000000e+02 3.729274226090070754e-01
9.493333099999999831e+02 3.481789402015597612e-01
9.546666900000000169e+02 3.328177834432060056e-01
9.600000000000000000e+02 3.263252716883762727e-01
9.653333099999999831e+02 3.202085152312582617e-01
9.706666900000000169e+02 3.100900414359106239e-01
9.760000000000000000e+02 2.897162331911302680e-01
9.813333099999999831e+02 2.669059351090944388e-01
9.866666900000000169e+02 2.668242662387472208e-01
9.920000000000000000e+02 2.973527725586929682e-01
9.973333099999999831e+02 3.458977698295364056e-01
1.002666699999999992e+03 3.885548398627367561e-01
1.008000000000000000e+03 3.916678925169252978e-01
1.013333300000000008e+03 3.596836391318054549e-01
1.018666699999999992e+03 3.245827112529535707e-01
1.024000000000000000e+03 3.114392510656388002e-01
1.029333399999999983e+03 3.242289768050931609e-01
1.034666600000000017e+03 3.430647375771736507e-01
1.040000000000000000e+03 3.390769880307596407e-01
1.045333399999999983e+03 3.134817031756819694e-01
1.050666600000000017e+03 2.790584435972687238e-01
1.056000000000000000e+03 2.533421617942209769e-01
1.061333399999999983e+03 2.439386573863006891e-01
1.066666600000000017e+03 2.467456679655694596e-01
1.072000000000000000e+03 2.506080510218270940e-01
1.077333399999999983e+03 2.539714162472420655e-01
1.082666600000000017e+03 2.508459574928167402e-01
1.088000000000000000e+03 2.467901117634015151e-01
1.093333399999999983e+03 2.440482038220421201e-01
1.098666600000000017e+03 2.371978609421799278e-01
1.104000000000000000e+03 2.202708334339355811e-01
1.109333399999999983e+03 1.961739064042170855e-01
1.114666600000000017e+03 1.659095733994054300e-01
1.120000000000000000e+03 1.397981363609761829e-01
1.125333399999999983e+03 1.190213034961422056e-01
1.130666600000000017e+03 9.034733415164078463e-02
1.136000000000000000e+03 5.098898134138618587e-02
1.141333399999999983e+03 1.657286697107513557e-02
1.146666600000000017e+03 2.526407620835532768e-03
1.152000000000000000e+03 1.798843107463200808e-02
1.157333399999999983e+03 5.250674819399436810e-02
1.162666600000000017e+03 8.501369198352162759e-02
1.168000000000000000e+03 1.048851929510967590e-01
1.173333399999999983e+03 1.118400870492697596e-01
1.178666600000000017e+03 1.157895670981231445e-01
1.184000000000000000e+03 1.244910252256091060e-01
1.189333399999999983e+03 1.382500813036112164e-01
1.194666600000000017e+03 1.612573243230859266e-01
1.200000000000000000e+03 1.972802193043204366e-01
1.205333399999999983e+03 2.372525271962838134e-01
1.210666600000000017e+03 2.826887712500606442e-01
1.216000000000000000e+03 3.346924880564943749e-01
1.221333399999999983e+03 3.960694166514854286e-01
1.226666600000000017e+03 4.714352648141287294e-01
1.232000000000000000e+03 5.580920252175747276e-01
1.237333399999999983e+03 6.394172422140655954e-01
1.242666600000000017e+03 6.975632476981173946e-01
1.248000000000000000e+03 7.247511161060203877e-01
1.253333399999999983e+03 7.225575131172676802e-01
1.258666600000000017e+03 7.052980595710288680e-01
1.264000000000000000e+03 6.815558481059825757e-01
1.269333399999999983e+03 6.582943687350558681e-01
1.274666600000000017e+03 6.316679106280014278e-01
1.280000000000000000e+03 6.039743975800164755e-01
1.285333399999999983e+03 5.793168291789432267e-01
1.290666600000000017e+03 5.653186065659014936e-01
1.296000000000000000e+03 5.601879383192521766e-01
1.301333399999999983e+03 5.686896689011439188e-01
1.306666600000000017e+03 5.875763543720492477e-01
1.312000000000000000e+03 6.100752397507087643e-01
1.317333399999999983e+03 6.303094868444072407e-01
1.322666600000000017e+03 6.431850528036199277e-01
1.328000000000000000e+03 6.472111912395476230e-01
1.333333399999999983e+03 6.452362777497522295e-01
1.338666600000000017e+03 6.333053778163104663e-01
1.344000000000000000e+03 6.006597939049639345e-01
1.349333399999999983e+03 5.377173805800257167e-01
1.354666600000000017e+03 4.512962315487030751e-01
1.360000000000000000e+03 3.655022042725455389e-01
1.365333399999999983e+03 3.010914323450001873e-01
1.370666600000000017e+03 2.697018322073951313e-01
1.376000000000000000e+03 2.703551553173009214e-01
1.381333399999999983e+03 2.853811626117152001e-01
1.386666600000000017e+03 3.054355421323389219e-01
1.392000000000000000e+03 3.313428663533169449e-01
1.397333399999999983e+03 3.589881300310883150e-01
1.402666600000000017e+03 3.836301400722603727e-01
1.408000000000000000e+03 4.057091452880123295e-01
1.413333399999999983e+03 4.178259369436515547e-01
1.418666600000000017e+03 4.246690116593935804e-01
1.424000000000000000e+03 4.407900586274789423e-01
1.429333399999999983e+03 4.869493653744532691e-01
1.434666600000000017e+03 5.774393067115868305e-01
1.440000000000000000e+03 7.165493087553117535e-01
1.445333399999999983e+03 8.653414273417796565e-01
1.450666600000000017e+03 9.750886750082434773e-01
1.456000000000000000e+03 9.999999999999997780e-01
1.461333399999999983e+03 9.334557915968690889e-01
1.466666600000000017e+03 7.971938951670071161e-01
1.472000000000000000e+03 6.325271646800362246e-01
1.477333399999999983e+03 4.622116842188179753e-01
1.482666600000000017e+03 3.078466518034768118e-01
1.488000000000000000e+03 1.786659705539071219e-01
1.493333399999999983e+03 8.469031779849481301e-02
1.498666600000000017e+03 2.879509661511551327e-02
1.504000000000000000e+03 6.229708417890699942e-03
1.509333399999999983e+03 3.655173942489772267e-03
1.514666600000000017e+03 9.969428446353113121e-03
1.520000000000000000e+03 1.916405736829358483e-02
1.525333399999999983e+03 2.948919975107246877e-02
1.530666600000000017e+03 4.420359678436774215e-02
1.536000000000000000e+03 6.842466172903895194e-02
1.541333399999999983e+03 1.003005544967512791e-01
1.546666600000000017e+03 1.326558259957219266e-01
1.552000000000000000e+03 1.594145066737823746e-01
1.557333399999999983e+03 1.720656912075436418e-01
1.562666600000000017e+03 1.741766985437529780e-01
1.568000000000000000e+03 1.713194380283344920e-01
1.573333399999999983e+03 1.669797927114885228e-01
1.578666600000000017e+03 1.701572581107059501e-01
1.584000000000000000e+03 1.858550459183628545e-01
1.589333399999999983e+03 2.122088468555735352e-01
1.594666600000000017e+03 2.526734482757463929e-01
1.600000000000000000e+03 2.972857476792473697e-01
1.605333399999999983e+03 3.386330581534016670e-01
1.610666600000000017e+03 3.738190119594066996e-01
1.616000000000000000e+03 3.979502734211144976e-01
1.621333399999999983e+03 4.138705332605116527e-01
1.626666600000000017e+03 4.291394492560617335e-01
1.632000000000000000e+03 4.520550048542676391e-01
1.637333399999999983e+03 4.946975660382608164e-01
1.642666600000000017e+03 5.605294365861128725e-01
1.648000000000000000e+03 6.476262083569923611e-01
1.653333399999999983e+03 7.497966759225239697e-01
1.658666600000000017e+03 8.498305172501562366e-01
1.664000000000000000e+03 9.298722038645137467e-01
1.669333399999999983e+03 9.686977653218153961e-01
1.674666600000000017e+03 9.467275714862825042e-01
1.680000000000000000e+03 8.644858296909511131e-01
1.685333399999999983e+03 7.351655503567076089e-01
1.690666600000000017e+03 5.805298775257046184e-01
1.696000000000000000e+03 4.262055909996566583e-01
1.701333399999999983e+03 2.870379349531589352e-01
1.706666600000000017e+03 1.720876661967521426e-01
1.712000000000000000e+03 8.962408253959880389e-02
1.717333399999999983e+03 3.824906454839929054e-02
1.722666600000000017e+03 1.300237647515025546e-02
1.728000000000000000e+03 6.294027485311047207e-03
1.733333399999999983e+03 6.448425024086984828e-03
1.738666600000000017e+03 7.481973835000819625e-03
1.744000000000000000e+03 9.498415987681797096e-03
1.749333399999999983e+03 1.231594220030848147e-02
1.754666600000000017e+03 1.323138665834376441e-02
1.760000000000000000e+03 1.266921301317258663e-02
1.765333399999999983e+03 1.021837289221938852e-02
1.770666600000000017e+03 6.966488874620089741e-03
1.776000000000000000e+03 7.385767731862307416e-03
1.781333399999999983e+03 1.084977281624390638e-02
1.786666600000000017e+03 1.291792499612043690e-02
1.792000000000000000e+03 1.415825079948133600e-02
1.797333399999999983e+03 1.360927177657507425e-02
1.802666600000000017e+03 1.051172205562166291e-02
