6.080000000000000000e+02 1.882364769189376341e-02
6.133333099999999831e+02 5.241628916025550811e-02
6.186666900000000169e+02 5.317442813450033723e-02
6.240000000000000000e+02 3.576163550949384984e-02
6.293333099999999831e+02 1.836490540508117428e-02
6.346666900000000169e+02 1.455852003720688528e-02
6.400000000000000000e+02 1.934058711153154725e-02
6.453333099999999831e+02 1.917223705455037980e-02
6.506666900000000169e+02 1.482686773461506721e-02
6.560000000000000000e+02 8.380473055399859442e-03
6.613333099999999831e+02 3.902681874365032492e-03
6.666666900000000169e+02 5.421500122080057105e-03
6.720000000000000000e+02 8.494331724440196130e-03
6.773333099999999831e+02 7.111222133696568949e-03
6.826666900000000169e+02 9.885586323676918627e-03
6.880000000000000000e+02 1.771846198744793030e-02
6.933333099999999831e+02 3.045961178863135221e-02
6.986666900000000169e+02 4.840652651613468194e-02
7.040000000000000000e+02 6.759718441686092538e-02
7.093333099999999831e+02 8.210371423686679826e-02
7.146666900000000169e+02 9.368655186708539639e-02
7.200000000000000000e+02 9.591888095760742194e-02
7.253333099999999831e+02 8.858472863035109224e-02
7.306666900000000169e+02 7.741305589800942522e-02
7.360000000000000000e+02 6.926063445718662337e-02
7.413333099999999831e+02 6.621998599976475219e-02
7.466666900000000169e+02 7.067907081637125888e-02
7.520000000000000000e+02 7.839168579515412572e-02
7.573333099999999831e+02 8.492671709830822147e-02
7.626666900000000169e+02 8.531520003550377429e-02
7.680000000000000000e+02 8.129820908682491853e-02
7.733333099999999831e+02 7.077596877532037201e-02
7.786666900000000169e+02 5.942578319189953384e-02
7.840000000000000000e+02 5.221223965997399963e-02
7.893333099999999831e+02 5.300699104747383372e-02
7.946666900000000169e+02 6.544229146153876520e-02
8.000000000000000000e+02 8.978997811271854923e-02
8.053333099999999831e+02 1.196086597941991708e-01
8.106666900000000169e+02 1.508894689094306962e-01
8.160000000000000000e+02 1.754522231649904562e-01
8.213333099999999831e+02 1.911027233925403357e-01
8.266666900000000169e+02 2.007649570187054477e-01
8.320000000000000000e+02 2.111011152332870899e-01
8.373333099999999831e+02 2.297919407455825402e-01
8.426666900000000169e+02 2.581905851681421948e-01
8.480000000000000000e+02 2.852508739438095464e-01
8.533333099999999831e+02 3.023608273619918796e-01
8.586666900000000169e+02 3.021780843326497545e-01
8.640000000000000000e+02 2.925808749695147370e-01
8.693333099999999831e+02 2.853005492392381437e-01
8.746666900000000169e+02 2.870521806444770174e-01
8.800000000000000000e+02 2.933199218945840570e-01
8.853333099999999831e+02 2.976684563929111738e-01
8.906666900000000169e+02 2.937822924854132656e-01
8.960000000000000000e+02 2.862250846936099102e-01
9.013333099999999831e+02 2.818350643276982814e-01
9.066666900000000169e+02 2.896163602605151821e-01
9.120000000000000000e+02 3.095655543177077140e-01
9.173333099999999831e+02 3.396068779201311671e-01
9.226666900000000169e+02 3.708575610505397968e-01
9.280000000000000000e+02 3.933349327699359188e-01
9.333333099999999831e+02 3.993227141935793978e-01
9.386666900000000169e+02 3.897882528045073514e-01
9.440000000000000000e+02 3.698531059963214296e-01
9.493333099999999831e+02 3.535590478720986862e-01
9.546666900000000169e+02 3.466073820491585300e-01
9.600000000000000000e+02 3.477939147745190418e-01
9.653333099999999831e+02 3.493774841462173320e-01
9.706666900000000169e+02 3.406833743371857626e-01
9.760000000000000000e+02 3.185646907952460749e-01
9.813333099999999831e+02 3.030134863562011227e-01
9.866666900000000169e+02 3.129626552201651424e-01
9.920000000000000000e+02 3.576816807831831313e-01
9.973333099999999831e+02 4.236679883460670037e-01
1.002666699999999992e+03 4.710025707755608471e-01
1.008000000000000000e+03 4.657103188581437347e-01
1.013333300000000008e+03 4.211182802714716900e-01
1.018666699999999992e+03 3.692964086834626958e-01
1.024000000000000000e+03 3.435209072234596817e-01
1.029333399999999983e+03 3.532962188113472624e-01
1.034666600000000017e+03 3.740141765969148269e-01
1.040000000000000000e+03 3.747477395161643576e-01
1.045333399999999983e+03 3.506480926597459469e-01
1.050666600000000017e+03 3.110810445211638631e-01
1.056000000000000000e+03 2.713481739282634364e-01
1.061333399999999983e+03 2.454240601532377830e-01
1.066666600000000017e+03 2.365329700752590025e-01
1.072000000000000000e+03 2.390384575955523949e-01
1.077333399999999983e+03 2.485992607284434885e-01
1.082666600000000017e+03 2.614161304463695767e-01
1.088000000000000000e+03 2.694626715738231981e-01
1.093333399999999983e+03 2.684416484095715205e-01
1.098666600000000017e+03 2.560297907100382853e-01
1.104000000000000000e+03 2.334244396458637905e-01
1.109333399999999983e+03 2.083495670232864694e-01
1.114666600000000017e+03 1.873707932766610906e-01
1.120000000000000000e+03 1.665057106428299294e-01
1.125333399999999983e+03 1.367100677233742678e-01
1.130666600000000017e+03 9.443465260632236125e-02
1.136000000000000000e+03 4.799984852376053962e-02
1.141333399999999983e+03 1.267891688710187127e-02
1.146666600000000017e+03 2.070447921517299533e-03
1.152000000000000000e+03 1.710866524419486084e-02
1.157333399999999983e+03 4.858514681213847719e-02
1.162666600000000017e+03 8.276430102429978286e-02
1.168000000000000000e+03 1.086098457531675110e-01
1.173333399999999983e+03 1.179292947110131412e-01
1.178666600000000017e+03 1.106423036916215769e-01
1.184000000000000000e+03 9.992710924527545280e-02
1.189333399999999983e+03 1.057430289143818508e-01
1.194666600000000017e+03 1.386924625626216878e-01
1.200000000000000000e+03 1.946595157196806536e-01
1.205333399999999983e+03 2.560770799568011236e-01
1.210666600000000017e+03 3.065321492284376892e-01
1.216000000000000000e+03 3.516771971191214874e-01
1.221333399999999983e+03 4.118671326098369834e-01
1.226666600000000017e+03 4.967666413420565030e-01
1.232000000000000000e+03 5.954070859067216448e-01
1.237333399999999983e+03 6.830262778590496797e-01
1.242666600000000017e+03 7.342923291636641592e-01
1.248000000000000000e+03 7.445318210697594585e-01
1.253333399999999983e+03 7.281304902747716135e-01
1.258666600000000017e+03 7.006295265641538927e-01
1.264000000000000000e+03 6.697211283765291956e-01
1.269333399999999983e+03 6.413739731180104764e-01
1.274666600000000017e+03 6.138841004596722328e-01
1.280000000000000000e+03 5.865343273962216886e-01
1.285333399999999983e+03 5.635432683057933767e-01
1.290666600000000017e+03 5.492279862886574326e-01
1.296000000000000000e+03 5.475907411059383056e-01
1.301333399999999983e+03 5.650402659464757171e-01
1.306666600000000017e+03 5.973320198240034129e-01
1.312000000000000000e+03 6.334847403641953312e-01
1.317333399999999983e+03 6.621780387311616556e-01
1.322666600000000017e+03 6.755300993309737434e-01
1.328000000000000000e+03 6.752517577688602612e-01
1.333333399999999983e+03 6.655250720959859922e-01
1.338666600000000017e+03 6.405764228144693595e-01
1.344000000000000000e+03 5.932175921811148056e-01
1.349333399999999983e+03 5.235360695570128176e-01
1.354666600000000017e+03 4.415315397259759744e-01
1.360000000000000000e+03 3.688139162896958423e-01
1.365333399999999983e+03 3.217575497753506486e-01
1.370666600000000017e+03 2.994775835918346840e-01
1.376000000000000000e+03 2.930710509248124485e-01
1.381333399999999983e+03 2.961257763919351582e-01
1.386666600000000017e+03 3.054561730656767948e-01
1.392000000000000000e+03 3.232918894895587814e-01
1.397333399999999983e+03 3.510619006160461963e-01
1.402666600000000017e+03 3.823989742163880767e-01
1.408000000000000000e+03 4.103162741195856555e-01
1.413333399999999983e+03 4.292800965801710777e-01
1.418666600000000017e+03 4.434692877083983853e-01
1.424000000000000000e+03 4.686415724645242586e-01
1.429333399999999983e+03 5.276135081571197150e-01
1.434666600000000017e+03 6.326973281593465392e-01
1.440000000000000000e+03 7.722870931432640473e-01
1.445333399999999983e+03 9.068201242940079343e-01
1.450666600000000017e+03 9.932789218381848917e-01
1.456000000000000000e+03 1.000000000000000000e+00
1.461333399999999983e+03 9.228937562569139441e-01
1.466666600000000017e+03 7.870485616750043656e-01
1.472000000000000000e+03 6.188058638654385657e-01
1.477333399999999983e+03 4.458232926783077255e-01
1.482666600000000017e+03 2.929568036985789603e-01
1.488000000000000000e+03 1.720861432177377137e-01
1.493333399999999983e+03 8.484570565883606252e-02
1.498666600000000017e+03 3.468432431378346698e-02
1.504000000000000000e+03 9.358264828285089640e-03
1.509333399999999983e+03 0.000000000000000000e+00
1.514666600000000017e+03 1.737796066250263741e-03
1.520000000000000000e+03 9.128857335075185250e-03
1.525333399999999983e+03 1.624029538404415940e-02
1.530666600000000017e+03 2.748652239594704533e-02
1.536000000000000000e+03 4.646207278571113514e-02
1.541333399999999983e+03 7.411362000747899470e-02
1.546666600000000017e+03 1.080160522572538723e-01
1.552000000000000000e+03 1.401112251601523973e-01
1.557333399999999983e+03 1.619834705481001946e-01
1.562666600000000017e+03 1.688272365668052610e-01
1.568000000000000000e+03 1.711571984967798221e-01
1.573333399999999983e+03 1.753691979489669928e-01
1.578666600000000017e+03 1.834437262200204755e-01
1.584000000000000000e+03 2.003291303710045823e-01
1.589333399999999983e+03 2.251299855478853806e-01
1.594666600000000017e+03 2.527087643516298110e-01
1.600000000000000000e+03 2.896776577094123950e-01
1.605333399999999983e+03 3.306087460481005325e-01
1.610666600000000017e+03 3.651094326063771822e-01
1.616000000000000000e+03 3.925305384069118775e-01
1.621333399999999983e+03 4.098627125229318824e-01
1.626666600000000017e+03 4.249828996292072669e-01
1.632000000000000000e+03 4.481331187424858475e-01
1.637333399999999983e+03 4.911818021213824603e-01
1.642666600000000017e+03 5.541045570707529011e-01
1.648000000000000000e+03 6.359972884838955842e-01
1.653333399999999983e+03 7.352508081666810913e-01
1.658666600000000017e+03 8.415038411652780992e-01
1.664000000000000000e+03 9.277173089530442729e-01
1.669333399999999983e+03 9.741037927913743788e-01
1.674666600000000017e+03 9.564265969838489090e-01
1.680000000000000000e+03 8.671279856393266927e-01
1.685333399999999983e+03 7.274810103245603621e-01
1.690666600000000017e+03 5.652147944040019079e-01
1.696000000000000000e+03 4.048221323569820562e-01
1.701333399999999983e+03 2.678489160504467503e-01
1.706666600000000017e+03 1.619373642009108161e-01
1.712000000000000000e+03 8.675927649516136653e-02
1.717333399999999983e+03 4.229659558029823241e-02
1.722666600000000017e+03 2.365937839731092202e-02
1.728000000000000000e+03 1.969517647440238023e-02
1.733333399999999983e+03 1.947000820135229293e-02
1.738666600000000017e+03 1.599138562690253021e-02
1.744000000000000000e+03 8.810971080902469527e-03
1.749333399999999983e+03 4.126158012830200873e-03
1.754666600000000017e+03 4.437937836157778738e-03
1.760000000000000000e+03 6.892340158997605284e-03
1.765333399999999983e+03 9.759015002465738775e-03
1.770666600000000017e+03 1.260236521910608996e-02
1.776000000000000000e+03 1.695499068002562573e-02
1.781333399999999983e+03 2.693010957999820987e-02
1.786666600000000017e+03 4.007943607565237626e-02
1.792000000000000000e+03 4.826249810205466423e-02
1.797333399999999983e+03 4.296997427214532123e-02
1.802666600000000017e+03 1.659136644457742324e-02
