6.080000000000000000e+02 2.415150586473498867e-02
6.133333099999999831e+02 5.204081475514722721e-02
6.186666900000000169e+02 6.100814536112422054e-02
6.240000000000000000e+02 5.770211115961463438e-02
6.293333099999999831e+02 4.959789336735328374e-02
6.346666900000000169e+02 4.418903802368841227e-02
6.400000000000000000e+02 4.358571688872026756e-02
6.453333099999999831e+02 4.196898476298394770e-02
6.506666900000000169e+02 3.423784878982775309e-02
6.560000000000000000e+02 2.011286260746575350e-02
6.613333099999999831e+02 5.682848314620831016e-03
6.666666900000000169e+02 0.000000000000000000e+00
6.720000000000000000e+02 6.193849042633136140e-03
6.773333099999999831e+02 1.837432091779882953e-02
6.826666900000000169e+02 3.142295312284323905e-02
6.880000000000000000e+02 4.304336440495564603e-02
6.933333099999999831e+02 5.380189870531210811e-02
6.986666900000000169e+02 6.374490132738576398e-02
7.040000000000000000e+02 7.147909176007870291e-02
7.093333099999999831e+02 7.629012187397339606e-02
7.146666900000000169e+02 8.068030004303601566e-02
7.200000000000000000e+02 8.468338899256584729e-02
7.253333099999999831e+02 8.768407571560138392e-02
7.306666900000000169e+02 8.665558203277443083e-02
7.360000000000000000e+02 8.235376569758603993e-02
7.413333099999999831e+02 8.056018744829210321e-02
7.466666900000000169e+02 8.436269060574973222e-02
7.520000000000000000e+02 8.977111360857246980e-02
7.573333099999999831e+02 9.361622754067773500e-02
7.626666900000000169e+02 9.051889496195120177e-02
7.680000000000000000e+02 8.372908626857075709e-02
7.733333099999999831e+02 7.595114849755249531e-02
7.786666900000000169e+02 6.620188554796686831e-02
7.840000000000000000e+02 5.434711661120219389e-02
7.893333099999999831e+02 4.357401458925086457e-02
7.946666900000000169e+02 3.964795515406024234e-02
8.000000000000000000e+02 5.294041101590844095e-02
8.053333099999999831e+02 8.210938134631520779e-02
8.106666900000000169e+02 1.203957473642166681e-01
8.160000000000000000e+02 1.613299851073235203e-01
8.213333099999999831e+02 1.959941770202285050e-01
8.266666900000000169e+02 2.187266522425984905e-01
8.320000000000000000e+02 2.354399715430846862e-01
8.373333099999999831e+02 2.510498810342624565e-01
8.426666900000000169e+02 2.695727515873062030e-01
8.480000000000000000e+02 2.910006046633094590e-01
8.533333099999999831e+02 3.067817452634538644e-01
8.586666900000000169e+02 3.045713197920403847e-01
8.640000000000000000e+02 2.907158182831707238e-01
8.693333099999999831e+02 2.763017931190140386e-01
8.746666900000000169e+02 2.697409274776037535e-01
8.800000000000000000e+02 2.698099085470227476e-01
8.853333099999999831e+02 2.687342227803313777e-01
8.906666900000000169e+02 2.586929116483028257e-01
8.960000000000000000e+02 2.459451135203884198e-01
9.013333099999999831e+02 2.407769019509340969e-01
9.066666900000000169e+02 2.515538093826765742e-01
9.120000000000000000e+02 2.745550476894770831e-01
9.173333099999999831e+02 3.019496486522123546e-01
9.226666900000000169e+02 3.227286749416103384e-01
9.280000000000000000e+02 3.308508987244682675e-01
9.333333099999999831e+02 3.276766884038294081e-01
9.386666900000000169e+02 3.196871276678707186e-01
9.440000000000000000e+02 3.095283267819343154e-01
9.493333099999999831e+02 3.008971334924489538e-01
9.546666900000000169e+02 2.930674869991811149e-01
9.600000000000000000e+02 2.852132946971431271e-01
9.653333099999999831e+02 2.770609460473432706e-01
9.706666900000000169e+02 2.676239457309296799e-01
9.760000000000000000e+02 2.508825803443998081e-01
9.813333099999999831e+02 2.441557043612231359e-01
9.866666900000000169e+02 2.704200571196142544e-01
9.920000000000000000e+02 3.376259568051443449e-01
9.973333099999999831e+02 4.252068962195172386e-01
1.002666699999999992e+03 4.896068544847435589e-01
1.008000000000000000e+03 4.860561038050331684e-01
1.013333300000000008e+03 4.302953811270314177e-01
1.018666699999999992e+03 3.667664982026719311e-01
1.024000000000000000e+03 3.341048321726365899e-01
1.029333399999999983e+03 3.387158844108587585e-01
1.034666600000000017e+03 3.512792002518065337e-01
1.040000000000000000e+03 3.449430398177126267e-01
1.045333399999999983e+03 3.186283761079068966e-01
1.050666600000000017e+03 2.820085530101707483e-01
1.056000000000000000e+03 2.496081322656418244e-01
1.061333399999999983e+03 2.300524648221907442e-01
1.066666600000000017e+03 2.156525349356430976e-01
1.072000000000000000e+03 2.128578455479099019e-01
1.077333399999999983e+03 2.183055128963647396e-01
1.082666600000000017e+03 2.246050395719002279e-01
1.088000000000000000e+03 2.276864292477272789e-01
1.093333399999999983e+03 2.227946526708429187e-01
1.098666600000000017e+03 2.025813881869556743e-01
1.104000000000000000e+03 1.754834876762285667e-01
1.109333399999999983e+03 1.502772560849792716e-01
1.114666600000000017e+03 1.317762805693124262e-01
1.120000000000000000e+03 1.202272313981018470e-01
1.125333399999999983e+03 1.058284592782028355e-01
1.130666600000000017e+03 7.847142595975806212e-02
1.136000000000000000e+03 4.245086120198621193e-02
1.141333399999999983e+03 1.333989115312427323e-02
1.146666600000000017e+03 1.673174256634899458e-03
1.152000000000000000e+03 1.009164471614426573e-02
1.157333399999999983e+03 3.340085381600095549e-02
1.162666600000000017e+03 6.146707531557082937e-02
1.168000000000000000e+03 8.496539167393593606e-02
1.173333399999999983e+03 1.009945605578827510e-01
1.178666600000000017e+03 1.068417416325220942e-01
1.184000000000000000e+03 1.104955695455162590e-01
1.189333399999999983e+03 1.250982308178488489e-01
1.194666600000000017e+03 1.579990398698722098e-01
1.200000000000000000e+03 2.035451835224277306e-01
1.205333399999999983e+03 2.541706044396618847e-01
1.210666600000000017e+03 3.002742418830367521e-01
1.216000000000000000e+03 3.499251172962577483e-01
1.221333399999999983e+03 4.155473653162782832e-01
1.226666600000000017e+03 5.002485681035865328e-01
1.232000000000000000e+03 5.929310601599018238e-01
1.237333399999999983e+03 6.752698395926277630e-01
1.242666600000000017e+03 7.235721371220605880e-01
1.248000000000000000e+03 7.344202173244241960e-01
1.253333399999999983e+03 7.160344250382728593e-01
1.258666600000000017e+03 6.823222045651574641e-01
1.264000000000000000e+03 6.488285117002171587e-01
1.269333399999999983e+03 6.250286679279176694e-01
1.274666600000000017e+03 6.032079034833005560e-01
1.280000000000000000e+03 5.800067576065019992e-01
1.285333399999999983e+03 5.531921226739237030e-01
1.290666600000000017e+03 5.267868805652414776e-01
1.296000000000000000e+03 5.144097589529015302e-01
1.301333399999999983e+03 5.272665585750494488e-01
1.306666600000000017e+03 5.593611015536702480e-01
1.312000000000000000e+03 5.972014192796537557e-01
1.317333399999999983e+03 6.273989741364521810e-01
1.322666600000000017e+03 6.400832317687056294e-01
1.328000000000000000e+03 6.401920244892808087e-01
1.333333399999999983e+03 6.360924046642192353e-01
1.338666600000000017e+03 6.231980915728053683e-01
1.344000000000000000e+03 5.908468602792086299e-01
1.349333399999999983e+03 5.361766777366888670e-01
1.354666600000000017e+03 4.605510194059921902e-01
1.360000000000000000e+03 3.810994648545918961e-01
1.365333399999999983e+03 3.183162338977713612e-01
1.370666600000000017e+03 2.786891884889177717e-01
1.376000000000000000e+03 2.625350151271110266e-01
1.381333399999999983e+03 2.656299612608279404e-01
1.386666600000000017e+03 2.815538449198720650e-01
1.392000000000000000e+03 3.054764879691649893e-01
1.397333399999999983e+03 3.349586707064337587e-01
1.402666600000000017e+03 3.650946342700200353e-01
1.408000000000000000e+03 3.909934999109235809e-01
1.413333399999999983e+03 4.080977643699649215e-01
1.418666600000000017e+03 4.223210597182833204e-01
1.424000000000000000e+03 4.482413080128067606e-01
1.429333399999999983e+03 5.106728221071819007e-01
1.434666600000000017e+03 6.208484215990213162e-01
1.440000000000000000e+03 7.638527392304995667e-01
1.445333399999999983e+03 9.018407987293259875e-01
1.450666600000000017e+03 9.874490099271823196e-01
1.456000000000000000e+03 9.897927905943018079e-01
1.461333399999999983e+03 9.140772472170396457e-01
1.466666600000000017e+03 7.794565189025801644e-01
1.472000000000000000e+03 6.122672756974331110e-01
1.477333399999999983e+03 4.442432274244230150e-01
1.482666600000000017e+03 2.933437051326652223e-01
1.488000000000000000e+03 1.724096753867400689e-01
1.493333399999999983e+03 9.121852460326347611e-02
1.498666600000000017e+03 4.394094666992853088e-02
1.504000000000000000e+03 1.710522735280217352e-02
1.509333399999999983e+03 5.642040455268967566e-03
1.514666600000000017e+03 3.819831491873613549e-03
1.520000000000000000e+03 8.889100164898211878e-03
1.525333399999999983e+03 2.111694306223620837e-02
1.530666600000000017e+03 3.931333733691764337e-02
1.536000000000000000e+03 6.245928940243526684e-02
1.541333399999999983e+03 9.312042185323445020e-02
1.546666600000000017e+03 1.280619358849590106e-01
1.552000000000000000e+03 1.589081699938408032e-01
1.557333399999999983e+03 1.791822536746487116e-01
1.562666600000000017e+03 1.869447009137961691e-01
1.568000000000000000e+03 1.895727313307790096e-01
1.573333399999999983e+03 1.951929070034014169e-01
1.578666600000000017e+03 2.054925566050649077e-01
1.584000000000000000e+03 2.187687293815787082e-01
1.589333399999999983e+03 2.386298619138657873e-01
1.594666600000000017e+03 2.672240646660205554e-01
1.600000000000000000e+03 3.096856602588325957e-01
1.605333399999999983e+03 3.568067971931711546e-01
1.610666600000000017e+03 3.945947159460362341e-01
1.616000000000000000e+03 4.107699339127959259e-01
1.621333399999999983e+03 4.112139604958085504e-01
1.626666600000000017e+03 4.091354875398590107e-01
1.632000000000000000e+03 4.238124908559663950e-01
1.637333399999999983e+03 4.619511424957769563e-01
1.642666600000000017e+03 5.251921695009280633e-01
1.648000000000000000e+03 6.108263091103065534e-01
1.653333399999999983e+03 7.197722866919683549e-01
1.658666600000000017e+03 8.397057797869131868e-01
1.664000000000000000e+03 9.446549211105681465e-01
1.669333399999999983e+03 1.000000000000000222e+00
1.674666600000000017e+03 9.777097446482588827e-01
1.680000000000000000e+03 8.783427416879556748e-01
1.685333399999999983e+03 7.309190555941479372e-01
1.690666600000000017e+03 5.671772691526844046e-01
1.696000000000000000e+03 4.123849847174423378e-01
1.701333399999999983e+03 2.807447794969831212e-01
1.706666600000000017e+03 1.750197989624629469e-01
1.712000000000000000e+03 9.914067242300354799e-02
1.717333399999999983e+03 5.495111971620478958e-02
1.722666600000000017e+03 3.546469308078979699e-02
1.728000000000000000e+03 3.149873231750301150e-02
1.733333399999999983e+03 3.408828417193927179e-02
1.738666600000000017e+03 3.510656987137936169e-02
1.744000000000000000e+03 3.033225806190340684e-02
1.749333399999999983e+03 2.028955754759903529e-02
1.754666600000000017e+03 8.372790646204410908e-03
1.760000000000000000e+03 8.408870190377221512e-04
1.765333399999999983e+03 2.319349260554704611e-03
1.770666600000000017e+03 1.199782064310836623e-02
1.776000000000000000e+03 2.381737983019278915e-02
1.781333399999999983e+03 3.190132178482042724e-02
1.786666600000000017e+03 3.334941786169941247e-02
1.792000000000000000e+03 2.961348045322262368e-02
1.797333399999999983e+03 2.570496948680617982e-02
1.802666600000000017e+03 2.490950880606995765e-02
