6.080000000000000000e+02 3.267277709387735041e-02
6.133333099999999831e+02 3.795742274306071473e-02
6.186666900000000169e+02 3.935895313175453297e-02
6.240000000000000000e+02 3.888855623270345147e-02
6.293333099999999831e+02 4.019360017192379064e-02
6.346666900000000169e+02 4.293499742741129638e-02
6.400000000000000000e+02 4.237017236480112442e-02
6.453333099999999831e+02 3.161113681174181067e-02
6.506666900000000169e+02 1.648262378760258218e-02
6.560000000000000000e+02 4.020743013979782843e-03
6.613333099999999831e+02 0.000000000000000000e+00
6.666666900000000169e+02 5.847438395974393840e-03
6.720000000000000000e+02 2.135659654035506477e-02
6.773333099999999831e+02 3.840457679824890030e-02
6.826666900000000169e+02 5.524328585118734591e-02
6.880000000000000000e+02 6.744778178107277422e-02
6.933333099999999831e+02 7.238199500139345932e-02
6.986666900000000169e+02 7.179079420954839752e-02
7.040000000000000000e+02 7.175106010742832163e-02
7.093333099999999831e+02 7.414370418606050506e-02
7.146666900000000169e+02 7.815994433107044392e-02
7.200000000000000000e+02 7.829029705324139221e-02
7.253333099999999831e+02 7.076791101995656696e-02
7.306666900000000169e+02 5.909132836047483600e-02
7.360000000000000000e+02 5.140341276438192830e-02
7.413333099999999831e+02 5.359939551447860662e-02
7.466666900000000169e+02 6.360660676963822424e-02
7.520000000000000000e+02 7.329217088766409871e-02
7.573333099999999831e+02 7.340723943171201249e-02
7.626666900000000169e+02 6.676681009164328606e-02
7.680000000000000000e+02 5.702942349632022373e-02
7.733333099999999831e+02 5.347433862705188584e-02
7.786666900000000169e+02 5.930877992129052201e-02
7.840000000000000000e+02 6.822650811449557096e-02
7.893333099999999831e+02 7.637120605961675301e-02
7.946666900000000169e+02 8.583448478595226416e-02
8.000000000000000000e+02 9.418511721044804663e-02
8.053333099999999831e+02 1.114603869777641143e-01
8.106666900000000169e+02 1.419205904207309077e-01
8.160000000000000000e+02 1.759409800086084164e-01
8.213333099999999831e+02 2.046928468451775784e-01
8.266666900000000169e+02 2.222013968030073783e-01
8.320000000000000000e+02 2.296301241191561759e-01
8.373333099999999831e+02 2.373040615640075179e-01
8.426666900000000169e+02 2.517311044174067036e-01
8.480000000000000000e+02 2.682303230702671737e-01
8.533333099999999831e+02 2.766881796740948696e-01
8.586666900000000169e+02 2.727523579178392499e-01
8.640000000000000000e+02 2.642544964602482338e-01
8.693333099999999831e+02 2.545558556665532546e-01
8.746666900000000169e+02 2.470848133443480643e-01
8.800000000000000000e+02 2.419039035595695886e-01
8.853333099999999831e+02 2.353792332924897757e-01
8.906666900000000169e+02 2.254874422018597890e-01
8.960000000000000000e+02 2.162015110436361076e-01
9.013333099999999831e+02 2.092543433422587307e-01
9.066666900000000169e+02 2.125118679000689292e-01
9.120000000000000000e+02 2.288917358592596485e-01
9.173333099999999831e+02 2.524505413150231470e-01
9.226666900000000169e+02 2.726245014501540442e-01
9.280000000000000000e+02 2.800898496685109706e-01
9.333333099999999831e+02 2.739327092683361831e-01
9.386666900000000169e+02 2.628712806044560812e-01
9.440000000000000000e+02 2.532241219514380637e-01
9.493333099999999831e+02 2.454648920581081195e-01
9.546666900000000169e+02 2.408391890104591426e-01
9.600000000000000000e+02 2.364091409479573413e-01
9.653333099999999831e+02 2.321683874539518522e-01
9.706666900000000169e+02 2.288341642019521283e-01
9.760000000000000000e+02 2.247140637823601961e-01
9.813333099999999831e+02 2.368635786385313580e-01
9.866666900000000169e+02 2.797229182605334707e-01
9.920000000000000000e+02 3.483151530198986268e-01
9.973333099999999831e+02 4.159625165172382011e-01
1.002666699999999992e+03 4.461027743747911778e-01
1.008000000000000000e+03 4.150117142806751258e-01
1.013333300000000008e+03 3.554446210100187242e-01
1.018666699999999992e+03 3.048592276596271411e-01
1.024000000000000000e+03 2.840763606865110980e-01
1.029333399999999983e+03 2.841013494089432156e-01
1.034666600000000017e+03 2.850660312899655491e-01
1.040000000000000000e+03 2.708459217862139168e-01
1.045333399999999983e+03 2.515118650997364980e-01
1.050666600000000017e+03 2.343300788432687298e-01
1.056000000000000000e+03 2.210474379334577688e-01
1.061333399999999983e+03 2.096082147001118168e-01
1.066666600000000017e+03 2.042734794372663143e-01
1.072000000000000000e+03 2.042498540721752742e-01
1.077333399999999983e+03 2.100887800977246367e-01
1.082666600000000017e+03 2.174920151495688403e-01
1.088000000000000000e+03 2.201077705049467870e-01
1.093333399999999983e+03 2.117166501002522017e-01
1.098666600000000017e+03 1.894017534958761795e-01
1.104000000000000000e+03 1.571003507941281518e-01
1.109333399999999983e+03 1.261321658907994525e-01
1.114666600000000017e+03 1.055456394200702530e-01
1.120000000000000000e+03 9.668864190733497677e-02
1.125333399999999983e+03 8.697909913099463597e-02
1.130666600000000017e+03 6.323079088009990467e-02
1.136000000000000000e+03 3.292616215243965305e-02
1.141333399999999983e+03 1.048698441140332067e-02
1.146666600000000017e+03 5.533630417896119938e-03
1.152000000000000000e+03 1.921541922478353301e-02
1.157333399999999983e+03 4.233326786641315731e-02
1.162666600000000017e+03 6.378031688645158237e-02
1.168000000000000000e+03 7.925611450155006787e-02
1.173333399999999983e+03 9.181342939715872453e-02
1.178666600000000017e+03 9.997370063412647223e-02
1.184000000000000000e+03 1.083717587253898301e-01
1.189333399999999983e+03 1.261282349831109040e-01
1.194666600000000017e+03 1.565155783618215612e-01
1.200000000000000000e+03 1.918218859898334627e-01
1.205333399999999983e+03 2.341480910128008186e-01
1.210666600000000017e+03 2.787428984353172989e-01
1.216000000000000000e+03 3.295946279716344685e-01
1.221333399999999983e+03 3.957309462272483591e-01
1.226666600000000017e+03 4.751964368003969152e-01
1.232000000000000000e+03 5.520600079259719850e-01
1.237333399999999983e+03 6.128226938472046692e-01
1.242666600000000017e+03 6.419535649186851600e-01
1.248000000000000000e+03 6.373262150106265844e-01
1.253333399999999983e+03 6.069706941174919379e-01
1.258666600000000017e+03 5.671092188944721890e-01
1.264000000000000000e+03 5.326401650948675570e-01
1.269333399999999983e+03 5.132424842607776760e-01
1.274666600000000017e+03 5.065792399612139008e-01
1.280000000000000000e+03 5.078678324235483821e-01
1.285333399999999983e+03 5.071947214137340065e-01
1.290666600000000017e+03 5.082927829282649634e-01
1.296000000000000000e+03 5.155494129907485235e-01
1.301333399999999983e+03 5.324766143510998306e-01
1.306666600000000017e+03 5.533126533741757891e-01
1.312000000000000000e+03 5.734218839651453736e-01
1.317333399999999983e+03 5.864336220162369440e-01
1.322666600000000017e+03 5.949820909548284575e-01
1.328000000000000000e+03 6.024187121375556009e-01
1.333333399999999983e+03 6.030762665985807125e-01
1.338666600000000017e+03 5.866304321795874355e-01
1.344000000000000000e+03 5.451134267020508739e-01
1.349333399999999983e+03 4.780103848942585110e-01
1.354666600000000017e+03 3.954357300644719131e-01
1.360000000000000000e+03 3.206789729451915427e-01
1.365333399999999983e+03 2.654255903608998546e-01
1.370666600000000017e+03 2.383695047469429618e-01
1.376000000000000000e+03 2.356735272335221398e-01
1.381333399999999983e+03 2.492193760447838913e-01
1.386666600000000017e+03 2.681166192968036932e-01
1.392000000000000000e+03 2.909836755418566678e-01
1.397333399999999983e+03 3.145221214547857524e-01
1.402666600000000017e+03 3.393765656259468688e-01
1.408000000000000000e+03 3.595545366621483163e-01
1.413333399999999983e+03 3.698006431396353988e-01
1.418666600000000017e+03 3.723573986304355987e-01
1.424000000000000000e+03 3.859049826572102382e-01
1.429333399999999983e+03 4.338882459951780013e-01
1.434666600000000017e+03 5.488314000436033124e-01
1.440000000000000000e+03 7.185538103068173088e-01
1.445333399999999983e+03 8.916320345415982285e-01
1.450666600000000017e+03 1.000000000000000000e+00
1.456000000000000000e+03 9.982707242083209698e-01
1.461333399999999983e+03 8.743001621535598789e-01
1.466666600000000017e+03 6.881801652356123178e-01
1.472000000000000000e+03 4.911099599425091666e-01
1.477333399999999983e+03 3.213680743589639177e-01
1.482666600000000017e+03 1.923024478570622420e-01
1.488000000000000000e+03 1.082909121687684328e-01
1.493333399999999983e+03 5.229902385139350435e-02
1.498666600000000017e+03 2.302688058333207666e-02
1.504000000000000000e+03 9.833412590400682912e-03
1.509333399999999983e+03 4.856576642036342095e-03
1.514666600000000017e+03 3.956798782543539603e-03
1.520000000000000000e+03 8.239940107120069177e-03
1.525333399999999983e+03 1.463115201304169936e-02
1.530666600000000017e+03 2.777145607496366020e-02
1.536000000000000000e+03 4.803092845951172779e-02
1.541333399999999983e+03 7.538058603743302832e-02
1.546666600000000017e+03 1.112935657436966291e-01
1.552000000000000000e+03 1.456414440595869553e-01
1.557333399999999983e+03 1.687609449780226312e-01
1.562666600000000017e+03 1.817761631427690094e-01
1.568000000000000000e+03 1.825661044398307897e-01
1.573333399999999983e+03 1.786587656235359978e-01
1.578666600000000017e+03 1.779361042562436768e-01
1.584000000000000000e+03 1.829859683200448228e-01
1.589333399999999983e+03 1.988504862535904749e-01
1.594666600000000017e+03 2.291341489157620037e-01
1.600000000000000000e+03 2.710566559901753103e-01
1.605333399999999983e+03 3.159955633732035030e-01
1.610666600000000017e+03 3.450630927452861263e-01
1.616000000000000000e+03 3.527343378054629275e-01
1.621333399999999983e+03 3.479770737010451920e-01
1.626666600000000017e+03 3.457575199495322993e-01
1.632000000000000000e+03 3.641462802704990565e-01
1.637333399999999983e+03 4.056415794278678266e-01
1.642666600000000017e+03 4.639502079832151238e-01
1.648000000000000000e+03 5.373765900499394288e-01
1.653333399999999983e+03 6.283380920013588167e-01
1.658666600000000017e+03 7.299477352769584426e-01
1.664000000000000000e+03 8.205799614676997367e-01
1.669333399999999983e+03 8.652773024705794347e-01
1.674666600000000017e+03 8.394949502142554643e-01
1.680000000000000000e+03 7.402647466457398240e-01
1.685333399999999983e+03 5.963106546967058552e-01
1.690666600000000017e+03 4.420724411768996442e-01
1.696000000000000000e+03 3.051738319043421632e-01
1.701333399999999983e+03 2.004595786583283634e-01
1.706666600000000017e+03 1.279774002735102056e-01
1.712000000000000000e+03 7.846294956394385400e-02
1.717333399999999983e+03 4.704993002919187484e-02
1.722666600000000017e+03 2.765099473089517937e-02
1.728000000000000000e+03 1.565446013537021702e-02
1.733333399999999983e+03 9.001272661083008914e-03
1.738666600000000017e+03 5.766861907200692902e-03
1.744000000000000000e+03 4.185411752160864834e-03
1.749333399999999983e+03 4.941282248452082658e-03
1.754666600000000017e+03 9.378591609658107342e-03
1.760000000000000000e+03 1.616753257581080711e-02
1.765333399999999983e+03 2.051510339485421511e-02
1.770666600000000017e+03 2.227100754374135294e-02
1.776000000000000000e+03 2.213519152274869006e-02
1.781333399999999983e+03 1.997043916123934781e-02
1.786666600000000017e+03 1.725062493932427721e-02
1.792000000000000000e+03 1.589025746123768831e-02
1.797333399999999983e+03 1.560947275310437150e-02
1.802666600000000017e+03 1.681071838483191513e-02
