6.080000000000000000e+02 2.189502742321951245e-02
6.133333099999999831e+02 4.415207306057087472e-02
6.186666900000000169e+02 4.711018839886652043e-02
6.240000000000000000e+02 3.927311234476101032e-02
6.293333099999999831e+02 3.144179546940465558e-02
6.346666900000000169e+02 3.132312018279407445e-02
6.400000000000000000e+02 3.454290509314542762e-02
6.453333099999999831e+02 3.189301626272156298e-02
6.506666900000000169e+02 2.300790857045816734e-02
6.560000000000000000e+02 1.097417326657715818e-02
6.613333099999999831e+02 1.109360781299551305e-03
6.666666900000000169e+02 1.078979501442922651e-03
6.720000000000000000e+02 1.209556132475966481e-02
6.773333099999999831e+02 2.908279363264625050e-02
6.826666900000000169e+02 5.210243672112991470e-02
6.880000000000000000e+02 7.740267470513423342e-02
6.933333099999999831e+02 9.663539479109527208e-02
6.986666900000000169e+02 1.071458879933946812e-01
7.040000000000000000e+02 1.111864175621107148e-01
7.093333099999999831e+02 1.084050926547210220e-01
7.146666900000000169e+02 1.062558591404697134e-01
7.200000000000000000e+02 1.114428324494425027e-01
7.253333099999999831e+02 1.170113364889389107e-01
7.306666900000000169e+02 1.206348726573115565e-01
7.360000000000000000e+02 1.233121742199004556e-01
7.413333099999999831e+02 1.238960022001480560e-01
7.466666900000000169e+02 1.242839135273377943e-01
7.520000000000000000e+02 1.262796868256479410e-01
7.573333099999999831e+02 1.230286196027136070e-01
7.626666900000000169e+02 1.158197074293332574e-01
7.680000000000000000e+02 1.079542596989859632e-01
7.733333099999999831e+02 1.038813915351992773e-01
7.786666900000000169e+02 1.020310563564311435e-01
7.840000000000000000e+02 1.013966659182858471e-01
7.893333099999999831e+02 1.019871489964503802e-01
7.946666900000000169e+02 1.088577257672671134e-01
8.000000000000000000e+02 1.256812928989662070e-01
8.053333099999999831e+02 1.589863761552990917e-01
8.106666900000000169e+02 2.026215416158026472e-01
8.160000000000000000e+02 2.487223833128874018e-01
8.213333099999999831e+02 2.864298186576919591e-01
8.266666900000000169e+02 3.070935301591588007e-01
8.320000000000000000e+02 3.110154392119318656e-01
8.373333099999999831e+02 3.114418898424719528e-01
8.426666900000000169e+02 3.193838025182962892e-01
8.480000000000000000e+02 3.351083371814704281e-01
8.533333099999999831e+02 3.472151820467430094e-01
8.586666900000000169e+02 3.464652767566319680e-01
8.640000000000000000e+02 3.360488476802094282e-01
8.693333099999999831e+02 3.248610294952311017e-01
8.746666900000000169e+02 3.235016867209535296e-01
8.800000000000000000e+02 3.284018235150966691e-01
8.853333099999999831e+02 3.282054166777655935e-01
8.906666900000000169e+02 3.172304239954215066e-01
8.960000000000000000e+02 3.018658054466155649e-01
9.013333099999999831e+02 2.882022655008725787e-01
9.066666900000000169e+02 2.871956908164297051e-01
9.120000000000000000e+02 3.028583965664802813e-01
9.173333099999999831e+02 3.282286540412239773e-01
9.226666900000000169e+02 3.534369915611565993e-01
9.280000000000000000e+02 3.707721419972203614e-01
9.333333099999999831e+02 3.750043317617243743e-01
9.386666900000000169e+02 3.687297101447175596e-01
9.440000000000000000e+02 3.608919520501672751e-01
9.493333099999999831e+02 3.524466520276543502e-01
9.546666900000000169e+02 3.440056537894949362e-01
9.600000000000000000e+02 3.348907190127449196e-01
9.653333099999999831e+02 3.281736305043009838e-01
9.706666900000000169e+02 3.223516483111185660e-01
9.760000000000000000e+02 3.164056480502386859e-01
9.813333099999999831e+02 3.228906479720426437e-01
9.866666900000000169e+02 3.569236850487688684e-01
9.920000000000000000e+02 4.219809586404902890e-01
9.973333099999999831e+02 5.018981914045176351e-01
1.002666699999999992e+03 5.528447552582907987e-01
1.008000000000000000e+03 5.360020884708042166e-01
1.013333300000000008e+03 4.711520440402113263e-01
1.018666699999999992e+03 4.000810144133340462e-01
1.024000000000000000e+03 3.593826975871702856e-01
1.029333399999999983e+03 3.542596464872824757e-01
1.034666600000000017e+03 3.582395168059581692e-01
1.040000000000000000e+03 3.451044167593522172e-01
1.045333399999999983e+03 3.144038875060466420e-01
1.050666600000000017e+03 2.784204398141447712e-01
1.056000000000000000e+03 2.502308086456552227e-01
1.061333399999999983e+03 2.317329940400413291e-01
1.066666600000000017e+03 2.245273633627747067e-01
1.072000000000000000e+03 2.325309828918904476e-01
1.077333399999999983e+03 2.490189054766790144e-01
1.082666600000000017e+03 2.695936841844626675e-01
1.088000000000000000e+03 2.810673222276661720e-01
1.093333399999999983e+03 2.713166741136998628e-01
1.098666600000000017e+03 2.394870320328197633e-01
1.104000000000000000e+03 2.004342130404342948e-01
1.109333399999999983e+03 1.680169931377329395e-01
1.114666600000000017e+03 1.520214355065821477e-01
1.120000000000000000e+03 1.424776558476161803e-01
1.125333399999999983e+03 1.257993552391286074e-01
1.130666600000000017e+03 8.996495206115717735e-02
1.136000000000000000e+03 4.592109106409059810e-02
1.141333399999999983e+03 1.202389877177898955e-02
1.146666600000000017e+03 1.357599105640339490e-03
1.152000000000000000e+03 1.570728034408766863e-02
1.157333399999999983e+03 4.826550555378943813e-02
1.162666600000000017e+03 8.119463497585087397e-02
1.168000000000000000e+03 1.078048965967962763e-01
1.173333399999999983e+03 1.224582446819785370e-01
1.178666600000000017e+03 1.214917218712808500e-01
1.184000000000000000e+03 1.208151159697057470e-01
1.189333399999999983e+03 1.382486475723055941e-01
1.194666600000000017e+03 1.755148842124905073e-01
1.200000000000000000e+03 2.317040655993806986e-01
1.205333399999999983e+03 2.941146333305438842e-01
1.210666600000000017e+03 3.460449118301940352e-01
1.216000000000000000e+03 3.982199189736802536e-01
1.221333399999999983e+03 4.657350673494691784e-01
1.226666600000000017e+03 5.466946793538222105e-01
1.232000000000000000e+03 6.335578220235146274e-01
1.237333399999999983e+03 7.070397062848462477e-01
1.242666600000000017e+03 7.434755348526440599e-01
1.248000000000000000e+03 7.478861749222497357e-01
1.253333399999999983e+03 7.282409069947726188e-01
1.258666600000000017e+03 6.972994397003627887e-01
1.264000000000000000e+03 6.656717606069485482e-01
1.269333399999999983e+03 6.367183748276727950e-01
1.274666600000000017e+03 6.068527099044302986e-01
1.280000000000000000e+03 5.843284563036968970e-01
1.285333399999999983e+03 5.622531565796408115e-01
1.290666600000000017e+03 5.471696564895394133e-01
1.296000000000000000e+03 5.433882218959239507e-01
1.301333399999999983e+03 5.543336524336701654e-01
1.306666600000000017e+03 5.781012954725729402e-01
1.312000000000000000e+03 6.112211661474712399e-01
1.317333399999999983e+03 6.392067628473296903e-01
1.322666600000000017e+03 6.581316470783548089e-01
1.328000000000000000e+03 6.651625765738887752e-01
1.333333399999999983e+03 6.602186190674075306e-01
1.338666600000000017e+03 6.405473939620098811e-01
1.344000000000000000e+03 6.006243584536966607e-01
1.349333399999999983e+03 5.405699532674101970e-01
1.354666600000000017e+03 4.704260097819176201e-01
1.360000000000000000e+03 4.031609615794273238e-01
1.365333399999999983e+03 3.512910646663363057e-01
1.370666600000000017e+03 3.201287310953786491e-01
1.376000000000000000e+03 3.017647516169865707e-01
1.381333399999999983e+03 2.932923505031529987e-01
1.386666600000000017e+03 2.961327165640593728e-01
1.392000000000000000e+03 3.094514778177758774e-01
1.397333399999999983e+03 3.331777095844459247e-01
1.402666600000000017e+03 3.621772144238432634e-01
1.408000000000000000e+03 3.870699245017229506e-01
1.413333399999999983e+03 4.071730925389637212e-01
1.418666600000000017e+03 4.257113037577052728e-01
1.424000000000000000e+03 4.541862191908319080e-01
1.429333399999999983e+03 5.157191973802519591e-01
1.434666600000000017e+03 6.159194490871356953e-01
1.440000000000000000e+03 7.459566065599985141e-01
1.445333399999999983e+03 8.727386856255263670e-01
1.450666600000000017e+03 9.486907877388685018e-01
1.456000000000000000e+03 9.446146004235167482e-01
1.461333399999999983e+03 8.626647785980429139e-01
1.466666600000000017e+03 7.176656755920489683e-01
1.472000000000000000e+03 5.462843407638087179e-01
1.477333399999999983e+03 3.810513365012945242e-01
1.482666600000000017e+03 2.428105988466311704e-01
1.488000000000000000e+03 1.425392858447930289e-01
1.493333399999999983e+03 7.778015320518458231e-02
1.498666600000000017e+03 3.666787630241747503e-02
1.504000000000000000e+03 1.171808858559256379e-02
1.509333399999999983e+03 2.896944666661797202e-04
1.514666600000000017e+03 1.001233707095396802e-03
1.520000000000000000e+03 1.064173966864674983e-02
1.525333399999999983e+03 2.497687066635240899e-02
1.530666600000000017e+03 4.284414510484210042e-02
1.536000000000000000e+03 6.338186671917112047e-02
1.541333399999999983e+03 9.157498949552714262e-02
1.546666600000000017e+03 1.307693675536539257e-01
1.552000000000000000e+03 1.723781183195078059e-01
1.557333399999999983e+03 2.064816064916059346e-01
1.562666600000000017e+03 2.287026733947394030e-01
1.568000000000000000e+03 2.375085745258668224e-01
1.573333399999999983e+03 2.403766558116591789e-01
1.578666600000000017e+03 2.447531610799753565e-01
1.584000000000000000e+03 2.519090465800571943e-01
1.589333399999999983e+03 2.658924972409525966e-01
1.594666600000000017e+03 2.912929680286593936e-01
1.600000000000000000e+03 3.276839370245125949e-01
1.605333399999999983e+03 3.691020246584613695e-01
1.610666600000000017e+03 4.003100606921454752e-01
1.616000000000000000e+03 4.129940227933123209e-01
1.621333399999999983e+03 4.117051519635456236e-01
1.626666600000000017e+03 4.083688462108733819e-01
1.632000000000000000e+03 4.206023455119247134e-01
1.637333399999999983e+03 4.592032869422667529e-01
1.642666600000000017e+03 5.254151995769723582e-01
1.648000000000000000e+03 6.194885172024092723e-01
1.653333399999999983e+03 7.358605318740968348e-01
1.658666600000000017e+03 8.567943223005546338e-01
1.664000000000000000e+03 9.557875478053809992e-01
1.669333399999999983e+03 9.999999999999998890e-01
1.674666600000000017e+03 9.670932774242283481e-01
1.680000000000000000e+03 8.593936392445085115e-01
1.685333399999999983e+03 7.039960134265298430e-01
1.690666600000000017e+03 5.350104000913338265e-01
1.696000000000000000e+03 3.797413295359366447e-01
1.701333399999999983e+03 2.543511592668142307e-01
1.706666600000000017e+03 1.606912569253835243e-01
1.712000000000000000e+03 9.606861181708729880e-02
1.717333399999999983e+03 5.945892824676005106e-02
1.722666600000000017e+03 4.045911685768193572e-02
1.728000000000000000e+03 2.937146012088806546e-02
1.733333399999999983e+03 2.368705480508892514e-02
1.738666600000000017e+03 1.846452541153479482e-02
1.744000000000000000e+03 1.427962542364181325e-02
1.749333399999999983e+03 1.398532303376686867e-02
1.754666600000000017e+03 1.049533055850453665e-02
1.760000000000000000e+03 4.427864173391503518e-03
1.765333399999999983e+03 6.883648570501828962e-04
1.770666600000000017e+03 0.000000000000000000e+00
1.776000000000000000e+03 5.707550011044526875e-03
1.781333399999999983e+03 1.600337306139242716e-02
1.786666600000000017e+03 2.407586519850674761e-02
1.792000000000000000e+03 2.914304496160035479e-02
1.797333399999999983e+03 3.076129555665007426e-02
1.802666600000000017e+03 2.797017868427364301e-02
