6.080000000000000000e+02 1.121213038588819988e-01
6.133333099999999831e+02 7.580771849686113173e-02
6.186666900000000169e+02 5.283538239172748396e-02
6.240000000000000000e+02 3.972544870671727846e-02
6.293333099999999831e+02 3.325516201963885088e-02
6.346666900000000169e+02 2.767828876277986933e-02
6.400000000000000000e+02 2.249742454084190796e-02
6.453333099999999831e+02 1.447095590867851500e-02
6.506666900000000169e+02 4.518945475829320296e-03
6.560000000000000000e+02 0.000000000000000000e+00
6.613333099999999831e+02 2.985140626359924707e-03
6.666666900000000169e+02 1.633986964332868538e-02
6.720000000000000000e+02 4.209491269340379094e-02
6.773333099999999831e+02 7.191881667973357151e-02
6.826666900000000169e+02 1.008844126895684368e-01
6.880000000000000000e+02 1.263404480581208633e-01
6.933333099999999831e+02 1.447001716186629150e-01
6.986666900000000169e+02 1.533590881948093121e-01
7.040000000000000000e+02 1.497073754864055861e-01
7.093333099999999831e+02 1.340212057170409865e-01
7.146666900000000169e+02 1.128356732414812352e-01
7.200000000000000000e+02 9.447646301867423935e-02
7.253333099999999831e+02 8.761251608984722827e-02
7.306666900000000169e+02 8.982084980247968808e-02
7.360000000000000000e+02 9.732750074989596212e-02
7.413333099999999831e+02 1.030528972332065973e-01
7.466666900000000169e+02 1.018048378483485950e-01
7.520000000000000000e+02 9.176771585769681605e-02
7.573333099999999831e+02 8.032625518292647870e-02
7.626666900000000169e+02 6.934914036572169260e-02
7.680000000000000000e+02 6.655756591536261813e-02
7.733333099999999831e+02 6.919584942482567835e-02
7.786666900000000169e+02 7.416371713532365906e-02
7.840000000000000000e+02 8.038004312780126781e-02
7.893333099999999831e+02 9.266296007750306207e-02
7.946666900000000169e+02 1.155505580792930559e-01
8.000000000000000000e+02 1.538859743935821478e-01
8.053333099999999831e+02 1.983990815395342833e-01
8.106666900000000169e+02 2.384390637415346459e-01
8.160000000000000000e+02 2.593284226197881681e-01
8.213333099999999831e+02 2.617210739647549689e-01
8.266666900000000169e+02 2.624013144531525676e-01
8.320000000000000000e+02 2.747818381586152880e-01
8.373333099999999831e+02 3.008574502765086756e-01
8.426666900000000169e+02 3.316808949357215042e-01
8.480000000000000000e+02 3.424227614948205933e-01
8.533333099999999831e+02 3.279706158646059633e-01
8.586666900000000169e+02 3.046114159993000836e-01
8.640000000000000000e+02 2.836954505340846810e-01
8.693333099999999831e+02 2.761351632157242886e-01
8.746666900000000169e+02 2.805315637359063197e-01
8.800000000000000000e+02 2.811735794286911450e-01
8.853333099999999831e+02 2.718404014855672068e-01
8.906666900000000169e+02 2.595129703410948840e-01
8.960000000000000000e+02 2.480964439994747250e-01
9.013333099999999831e+02 2.500616363665244535e-01
9.066666900000000169e+02 2.685222723770098741e-01
9.120000000000000000e+02 2.929410773071183804e-01
9.173333099999999831e+02 3.144610979971264042e-01
9.226666900000000169e+02 3.269143726374415526e-01
9.280000000000000000e+02 3.283633522277881189e-01
9.333333099999999831e+02 3.196050948106712863e-01
9.386666900000000169e+02 3.071915127206488183e-01
9.440000000000000000e+02 2.941105781797295204e-01
9.493333099999999831e+02 2.853703705585774464e-01
9.546666900000000169e+02 2.772463958191138111e-01
9.600000000000000000e+02 2.696520827868338910e-01
9.653333099999999831e+02 2.528246074250189990e-01
9.706666900000000169e+02 2.434712600959924866e-01
9.760000000000000000e+02 2.680030809521024016e-01
9.813333099999999831e+02 3.345481761291731471e-01
9.866666900000000169e+02 4.198838723747717050e-01
9.920000000000000000e+02 4.836906474173428006e-01
9.973333099999999831e+02 4.836483186533261369e-01
1.002666699999999992e+03 4.276030803410840742e-01
1.008000000000000000e+03 3.584553895195393136e-01
1.013333300000000008e+03 3.124704997498977121e-01
1.018666699999999992e+03 3.032786975734778623e-01
1.024000000000000000e+03 3.128547014506793400e-01
1.029333399999999983e+03 3.180113049716752904e-01
1.034666600000000017e+03 3.105035727374640953e-01
1.040000000000000000e+03 2.940763638511585398e-01
1.045333399999999983e+03 2.743946629537965531e-01
1.050666600000000017e+03 2.614238741109602415e-01
1.056000000000000000e+03 2.488519843956030486e-01
1.061333399999999983e+03 2.399999309134210335e-01
1.066666600000000017e+03 2.372525482692435794e-01
1.072000000000000000e+03 2.397968297693749140e-01
1.077333399999999983e+03 2.446248567517992911e-01
1.082666600000000017e+03 2.539295218403553323e-01
1.088000000000000000e+03 2.522163467128238357e-01
1.093333399999999983e+03 2.372582542426430463e-01
1.098666600000000017e+03 2.124499781507703522e-01
1.104000000000000000e+03 1.813462265045600874e-01
1.109333399999999983e+03 1.466043860684959899e-01
1.114666600000000017e+03 1.144842667154412352e-01
1.120000000000000000e+03 7.787822508695180224e-02
1.125333399999999983e+03 4.188411327151963376e-02
1.130666600000000017e+03 1.770599032462155317e-02
1.136000000000000000e+03 1.130422621995154364e-02
1.141333399999999983e+03 2.003279329721663685e-02
1.146666600000000017e+03 4.118884363493638401e-02
1.152000000000000000e+03 6.267541062522843931e-02
1.157333399999999983e+03 7.998587469477265455e-02
1.162666600000000017e+03 9.045008753555125458e-02
1.168000000000000000e+03 9.536583937012041434e-02
1.173333399999999983e+03 1.007957049217242801e-01
1.178666600000000017e+03 1.208077514630059163e-01
1.184000000000000000e+03 1.568905159223324131e-01
1.189333399999999983e+03 2.055326787115386300e-01
1.194666600000000017e+03 2.518055558484207923e-01
1.200000000000000000e+03 2.893841970480664494e-01
1.205333399999999983e+03 3.242030366345752257e-01
1.210666600000000017e+03 3.734319888514777697e-01
1.216000000000000000e+03 4.403048375647451440e-01
1.221333399999999983e+03 5.218985399357016775e-01
1.226666600000000017e+03 5.990335898393988057e-01
1.232000000000000000e+03 6.526670234826482675e-01
1.237333399999999983e+03 6.706776863207090100e-01
1.242666600000000017e+03 6.564029316552780768e-01
1.248000000000000000e+03 6.246140951521479412e-01
1.253333399999999983e+03 5.898473783376326773e-01
1.258666600000000017e+03 5.652300232195499596e-01
1.264000000000000000e+03 5.500205558562649699e-01
1.269333399999999983e+03 5.359527647530315519e-01
1.274666600000000017e+03 5.211808391359022963e-01
1.280000000000000000e+03 5.141536617807728193e-01
1.285333399999999983e+03 5.133834778342314387e-01
1.290666600000000017e+03 5.276958684398141974e-01
1.296000000000000000e+03 5.520057208060914489e-01
1.301333399999999983e+03 5.795444825428568425e-01
1.306666600000000017e+03 6.059574966216704217e-01
1.312000000000000000e+03 6.316435306479716294e-01
1.317333399999999983e+03 6.480681668084015135e-01
1.322666600000000017e+03 6.543342379375038931e-01
1.328000000000000000e+03 6.434682394077197998e-01
1.333333399999999983e+03 6.128323218931086558e-01
1.338666600000000017e+03 5.625624767764003664e-01
1.344000000000000000e+03 4.985911668342469238e-01
1.349333399999999983e+03 4.269849752448252045e-01
1.354666600000000017e+03 3.619417711080251121e-01
1.360000000000000000e+03 3.135356991471899835e-01
1.365333399999999983e+03 2.897372563831523973e-01
1.370666600000000017e+03 2.909858675727279298e-01
1.376000000000000000e+03 3.078143461646012380e-01
1.381333399999999983e+03 3.322953600296623122e-01
1.386666600000000017e+03 3.602010073067956064e-01
1.392000000000000000e+03 3.883150279982304220e-01
1.397333399999999983e+03 4.139111482655161156e-01
1.402666600000000017e+03 4.333420213701789647e-01
1.408000000000000000e+03 4.475590657149527973e-01
1.413333399999999983e+03 4.669198030882394379e-01
1.418666600000000017e+03 5.102235831800701060e-01
1.424000000000000000e+03 5.953956265249131796e-01
1.429333399999999983e+03 7.174777415051403207e-01
1.434666600000000017e+03 8.504324306090643715e-01
1.440000000000000000e+03 9.578464282595374746e-01
1.445333399999999983e+03 1.000000000000000000e+00
1.450666600000000017e+03 9.589411709865165445e-01
1.456000000000000000e+03 8.432872147093414261e-01
1.461333399999999983e+03 6.790047463206226874e-01
1.466666600000000017e+03 5.005357449090513944e-01
1.472000000000000000e+03 3.380361246466119240e-01
1.477333399999999983e+03 2.084973880294002102e-01
1.482666600000000017e+03 1.138971335531871742e-01
1.488000000000000000e+03 5.043315610786035241e-02
1.493333399999999983e+03 1.830798888760595475e-02
1.498666600000000017e+03 1.218451000290762115e-02
1.504000000000000000e+03 2.256062497539724349e-02
1.509333399999999983e+03 4.166103070881903292e-02
1.514666600000000017e+03 5.653420379573582955e-02
1.520000000000000000e+03 6.324187725070007371e-02
1.525333399999999983e+03 6.913909866718881414e-02
1.530666600000000017e+03 8.105440835929346444e-02
1.536000000000000000e+03 1.067368954578811202e-01
1.541333399999999983e+03 1.442506251551192165e-01
1.546666600000000017e+03 1.818904364504088933e-01
1.552000000000000000e+03 2.112722943914843443e-01
1.557333399999999983e+03 2.266735551554815153e-01
1.562666600000000017e+03 2.284858080513679501e-01
1.568000000000000000e+03 2.267358415279222550e-01
1.573333399999999983e+03 2.290401324873348465e-01
1.578666600000000017e+03 2.394650232027687731e-01
1.584000000000000000e+03 2.646814815230626450e-01
1.589333399999999983e+03 3.038510159535178778e-01
1.594666600000000017e+03 3.523457276172975994e-01
1.600000000000000000e+03 3.948527436636345977e-01
1.605333399999999983e+03 4.260117358201496729e-01
1.610666600000000017e+03 4.404013463803801987e-01
1.616000000000000000e+03 4.462911879669305137e-01
1.621333399999999983e+03 4.577061276743203400e-01
1.626666600000000017e+03 4.891357937916115950e-01
1.632000000000000000e+03 5.351768784083064112e-01
1.637333399999999983e+03 6.035854166228735718e-01
1.642666600000000017e+03 6.869068082175037171e-01
1.648000000000000000e+03 7.771159063581503101e-01
1.653333399999999983e+03 8.634013732618223136e-01
1.658666600000000017e+03 9.249473440850403128e-01
1.664000000000000000e+03 9.312108293596722541e-01
1.669333399999999983e+03 8.749520909701363758e-01
1.674666600000000017e+03 7.598531782261500611e-01
1.680000000000000000e+03 6.097606487970597122e-01
1.685333399999999983e+03 4.579107058397676733e-01
1.690666600000000017e+03 3.269682406855608514e-01
1.696000000000000000e+03 2.226662813836792487e-01
1.701333399999999983e+03 1.465501005831683912e-01
1.706666600000000017e+03 9.460633405064566848e-02
1.712000000000000000e+03 6.141984098209221643e-02
1.717333399999999983e+03 4.451804561339864352e-02
1.722666600000000017e+03 3.986570477935812151e-02
1.728000000000000000e+03 3.925203053297136868e-02
1.733333399999999983e+03 4.150314641013366779e-02
1.738666600000000017e+03 4.842162972517705111e-02
1.744000000000000000e+03 5.582872647835412927e-02
1.749333399999999983e+03 6.026952062883270123e-02
1.754666600000000017e+03 6.085290232283281642e-02
1.760000000000000000e+03 5.557203530624885146e-02
1.765333399999999983e+03 4.768619241626534389e-02
1.770666600000000017e+03 4.501672772862733152e-02
1.776000000000000000e+03 4.621903610023037762e-02
1.781333399999999983e+03 4.568024458452082937e-02
1.786666600000000017e+03 4.050741073336208697e-02
1.792000000000000000e+03 3.034313553068708480e-02
1.797333399999999983e+03 1.924579455073806636e-02
1.802666600000000017e+03 9.736169490850415248e-03
