6.080000000000000000e+02 3.452614620954767150e-02
6.133333099999999831e+02 7.449036866587874228e-02
6.186666900000000169e+02 8.165422809412653526e-02
6.240000000000000000e+02 6.863589077033213637e-02
6.293333099999999831e+02 5.029963237564707978e-02
6.346666900000000169e+02 3.813356955320148373e-02
6.400000000000000000e+02 3.585535894205981594e-02
6.453333099999999831e+02 3.313930612803091952e-02
6.506666900000000169e+02 2.757172614879279532e-02
6.560000000000000000e+02 1.772533834433125469e-02
6.613333099999999831e+02 5.946034436903059953e-03
6.666666900000000169e+02 0.000000000000000000e+00
6.720000000000000000e+02 7.374875238501819343e-03
6.773333099999999831e+02 1.975206254170818951e-02
6.826666900000000169e+02 4.022685601495955277e-02
6.880000000000000000e+02 5.791249062371897627e-02
6.933333099999999831e+02 6.735501399846423320e-02
6.986666900000000169e+02 7.401543461268771107e-02
7.040000000000000000e+02 8.009528922417853691e-02
7.093333099999999831e+02 8.131628403374434322e-02
7.146666900000000169e+02 8.928490748402989619e-02
7.200000000000000000e+02 9.391924814824538503e-02
7.253333099999999831e+02 9.081249553951360742e-02
7.306666900000000169e+02 8.722637678668841710e-02
7.360000000000000000e+02 8.288788476710809427e-02
7.413333099999999831e+02 7.749933554992549656e-02
7.466666900000000169e+02 7.817470970918997952e-02
7.520000000000000000e+02 7.774746338588103822e-02
7.573333099999999831e+02 7.400390183365723740e-02
7.626666900000000169e+02 7.314716318504470294e-02
7.680000000000000000e+02 7.251216302030064065e-02
7.733333099999999831e+02 7.148099547909618490e-02
7.786666900000000169e+02 6.801815366418406672e-02
7.840000000000000000e+02 6.010944665893588890e-02
7.893333099999999831e+02 5.509501066514420342e-02
7.946666900000000169e+02 6.423937208057380055e-02
8.000000000000000000e+02 8.520961981104087368e-02
8.053333099999999831e+02 1.165330502864400375e-01
8.106666900000000169e+02 1.536012142301795835e-01
8.160000000000000000e+02 1.949929910052553839e-01
8.213333099999999831e+02 2.388088846189955206e-01
8.266666900000000169e+02 2.777994409043019752e-01
8.320000000000000000e+02 2.984197286808686900e-01
8.373333099999999831e+02 3.011290312511060163e-01
8.426666900000000169e+02 2.979577230705586777e-01
8.480000000000000000e+02 3.027999205730375065e-01
8.533333099999999831e+02 3.151373127514614514e-01
8.586666900000000169e+02 3.238061170234398656e-01
8.640000000000000000e+02 3.194481450871312078e-01
8.693333099999999831e+02 3.057519494667297888e-01
8.746666900000000169e+02 2.937968818646040092e-01
8.800000000000000000e+02 2.888248435228202848e-01
8.853333099999999831e+02 2.874200772290927963e-01
8.906666900000000169e+02 2.857284545033118572e-01
8.960000000000000000e+02 2.844929289363641867e-01
9.013333099999999831e+02 2.849655262080713625e-01
9.066666900000000169e+02 2.910273909350213906e-01
9.120000000000000000e+02 3.010508430255821044e-01
9.173333099999999831e+02 3.117802494062214547e-01
9.226666900000000169e+02 3.223518379558218405e-01
9.280000000000000000e+02 3.261204201315184847e-01
9.333333099999999831e+02 3.188748893433318021e-01
9.386666900000000169e+02 3.054014175203100812e-01
9.440000000000000000e+02 2.930869902205259225e-01
9.493333099999999831e+02 2.875704733469238161e-01
9.546666900000000169e+02 2.923132532465102518e-01
9.600000000000000000e+02 2.980277474830068107e-01
9.653333099999999831e+02 2.971556458822462998e-01
9.706666900000000169e+02 2.848615604560353343e-01
9.760000000000000000e+02 2.585595479562872723e-01
9.813333099999999831e+02 2.350298362381815220e-01
9.866666900000000169e+02 2.386825238848367947e-01
9.920000000000000000e+02 2.813126143309317428e-01
9.973333099999999831e+02 3.473704933528505290e-01
1.002666699999999992e+03 3.994082918465934329e-01
1.008000000000000000e+03 3.947197830708752408e-01
1.013333300000000008e+03 3.420248812456095355e-01
1.018666699999999992e+03 2.791775837737460186e-01
1.024000000000000000e+03 2.436212155802849888e-01
1.029333399999999983e+03 2.407140480695276752e-01
1.034666600000000017e+03 2.489084347501718253e-01
1.040000000000000000e+03 2.454766677798066454e-01
1.045333399999999983e+03 2.351569203413465536e-01
1.050666600000000017e+03 2.262224254932821976e-01
1.056000000000000000e+03 2.257008809542800365e-01
1.061333399999999983e+03 2.289974399582618003e-01
1.066666600000000017e+03 2.246809499089726103e-01
1.072000000000000000e+03 2.162098586641751086e-01
1.077333399999999983e+03 2.132712908080972580e-01
1.082666600000000017e+03 2.162021229599984384e-01
1.088000000000000000e+03 2.269435022941904689e-01
1.093333399999999983e+03 2.394409724167775588e-01
1.098666600000000017e+03 2.394103624305704836e-01
1.104000000000000000e+03 2.226543399459988692e-01
1.109333399999999983e+03 1.950604589319250848e-01
1.114666600000000017e+03 1.651473555640836366e-01
1.120000000000000000e+03 1.419089563451259306e-01
1.125333399999999983e+03 1.212372248771448890e-01
1.130666600000000017e+03 9.140035272115305809e-02
1.136000000000000000e+03 5.267404285624523869e-02
1.141333399999999983e+03 1.948192131865241622e-02
1.146666600000000017e+03 6.474274069549192274e-03
1.152000000000000000e+03 1.565610000014970235e-02
1.157333399999999983e+03 4.325013435954569441e-02
1.162666600000000017e+03 7.298713834068445983e-02
1.168000000000000000e+03 9.815755318040352007e-02
1.173333399999999983e+03 1.164171359434491987e-01
1.178666600000000017e+03 1.261270531964398811e-01
1.184000000000000000e+03 1.252642065935625215e-01
1.189333399999999983e+03 1.305336321136654210e-01
1.194666600000000017e+03 1.468543735823864271e-01
1.200000000000000000e+03 1.814555493669837150e-01
1.205333399999999983e+03 2.276013906890884675e-01
1.210666600000000017e+03 2.770724322563616338e-01
1.216000000000000000e+03 3.261979003883061501e-01
1.221333399999999983e+03 3.863448253975135804e-01
1.226666600000000017e+03 4.582154721660827712e-01
1.232000000000000000e+03 5.388603100877616958e-01
1.237333399999999983e+03 6.071468118062831598e-01
1.242666600000000017e+03 6.416852316405557977e-01
1.248000000000000000e+03 6.384639526297543055e-01
1.253333399999999983e+03 6.110578831639282837e-01
1.258666600000000017e+03 5.758899889772000069e-01
1.264000000000000000e+03 5.507650956580347756e-01
1.269333399999999983e+03 5.355840456619770373e-01
1.274666600000000017e+03 5.218541183208735834e-01
1.280000000000000000e+03 5.081880421696224337e-01
1.285333399999999983e+03 4.984050627841453696e-01
1.290666600000000017e+03 4.957285908000293451e-01
1.296000000000000000e+03 5.060301195245783257e-01
1.301333399999999983e+03 5.296057280543388091e-01
1.306666600000000017e+03 5.619894131804196169e-01
1.312000000000000000e+03 5.962082862105996250e-01
1.317333399999999983e+03 6.222788372110760191e-01
1.322666600000000017e+03 6.342771591231759487e-01
1.328000000000000000e+03 6.348543449661105953e-01
1.333333399999999983e+03 6.280503939994322993e-01
1.338666600000000017e+03 6.171460948176910044e-01
1.344000000000000000e+03 5.956219723239594144e-01
1.349333399999999983e+03 5.540007006559940494e-01
1.354666600000000017e+03 4.931827834781856157e-01
1.360000000000000000e+03 4.267229583980875485e-01
1.365333399999999983e+03 3.664157112998712718e-01
1.370666600000000017e+03 3.286112069535803148e-01
1.376000000000000000e+03 3.134063025841431482e-01
1.381333399999999983e+03 3.145745182745205426e-01
1.386666600000000017e+03 3.235376151927438770e-01
1.392000000000000000e+03 3.362716971714072578e-01
1.397333399999999983e+03 3.501459805575676265e-01
1.402666600000000017e+03 3.696388863504685429e-01
1.408000000000000000e+03 3.908719979807412370e-01
1.413333399999999983e+03 4.125517206250953195e-01
1.418666600000000017e+03 4.319279936309585732e-01
1.424000000000000000e+03 4.572452460185912892e-01
1.429333399999999983e+03 5.075820362366463279e-01
1.434666600000000017e+03 6.011354803262500823e-01
1.440000000000000000e+03 7.344589571003217188e-01
1.445333399999999983e+03 8.789178743644608938e-01
1.450666600000000017e+03 9.817273978903761078e-01
1.456000000000000000e+03 1.000000000000000000e+00
1.461333399999999983e+03 9.200306849139676668e-01
1.466666600000000017e+03 7.666565526257145269e-01
1.472000000000000000e+03 5.816402174200673292e-01
1.477333399999999983e+03 4.030817195267552555e-01
1.482666600000000017e+03 2.546165333543343179e-01
1.488000000000000000e+03 1.447093531673348532e-01
1.493333399999999983e+03 6.891713981077687845e-02
1.498666600000000017e+03 2.562066881772908852e-02
1.504000000000000000e+03 6.877281080179237227e-03
1.509333399999999983e+03 2.674273725399703427e-03
1.514666600000000017e+03 7.819845808169516299e-03
1.520000000000000000e+03 1.541007678238985254e-02
1.525333399999999983e+03 2.226710397542421699e-02
1.530666600000000017e+03 3.549435025768602620e-02
1.536000000000000000e+03 5.758885381347052246e-02
1.541333399999999983e+03 8.997146054173073282e-02
1.546666600000000017e+03 1.293242256223728626e-01
1.552000000000000000e+03 1.649902136764698213e-01
1.557333399999999983e+03 1.890600260592112669e-01
1.562666600000000017e+03 2.049392367275388038e-01
1.568000000000000000e+03 2.236278130061989944e-01
1.573333399999999983e+03 2.444910951978063463e-01
1.578666600000000017e+03 2.633130977936905537e-01
1.584000000000000000e+03 2.769553573911561761e-01
1.589333399999999983e+03 2.841395327918627145e-01
1.594666600000000017e+03 2.920072923243595686e-01
1.600000000000000000e+03 3.210696048611870745e-01
1.605333399999999983e+03 3.588073060206528053e-01
1.610666600000000017e+03 3.898306148630642509e-01
1.616000000000000000e+03 4.069541304697373851e-01
1.621333399999999983e+03 4.081062307557564162e-01
1.626666600000000017e+03 3.993009997536304811e-01
1.632000000000000000e+03 4.034452160703662082e-01
1.637333399999999983e+03 4.247734762453290180e-01
1.642666600000000017e+03 4.635311642335618321e-01
1.648000000000000000e+03 5.213429027291549556e-01
1.653333399999999983e+03 5.954383114478030148e-01
1.658666600000000017e+03 6.744481821730530235e-01
1.664000000000000000e+03 7.424863311705122149e-01
1.669333399999999983e+03 7.768296871659506886e-01
1.674666600000000017e+03 7.554151396165028620e-01
1.680000000000000000e+03 6.764126915213387603e-01
1.685333399999999983e+03 5.569084507845181164e-01
1.690666600000000017e+03 4.247278512908501114e-01
1.696000000000000000e+03 3.018607336584802625e-01
1.701333399999999983e+03 1.981041466920079874e-01
1.706666600000000017e+03 1.162190861590866736e-01
1.712000000000000000e+03 6.217431748780943845e-02
1.717333399999999983e+03 3.859309897565291886e-02
1.722666600000000017e+03 4.378408873895439646e-02
1.728000000000000000e+03 6.828957453987563597e-02
1.733333399999999983e+03 9.453984654293060008e-02
1.738666600000000017e+03 1.090920685749661306e-01
1.744000000000000000e+03 1.089936697412959010e-01
1.749333399999999983e+03 9.633917668810251800e-02
1.754666600000000017e+03 7.389642076772054424e-02
1.760000000000000000e+03 5.001464528636468537e-02
1.765333399999999983e+03 2.985784785042162881e-02
1.770666600000000017e+03 1.636681709913917482e-02
1.776000000000000000e+03 1.171258190527336464e-02
1.781333399999999983e+03 1.704204017548664740e-02
1.786666600000000017e+03 2.733231792911044664e-02
1.792000000000000000e+03 3.542448295783278550e-02
1.797333399999999983e+03 3.111914384758685675e-02
1.802666600000000017e+03 5.654722737111333823e-03
