6.080000000000000000e+02 6.252230307969572701e-04
6.133333099999999831e+02 3.425517636618297806e-02
6.186666900000000169e+02 4.602153279855197149e-02
6.240000000000000000e+02 4.326564072649982662e-02
6.293333099999999831e+02 3.383454745299229599e-02
6.346666900000000169e+02 2.641647018278674153e-02
6.400000000000000000e+02 2.432060240600044526e-02
6.453333099999999831e+02 2.366834438441270394e-02
6.506666900000000169e+02 2.097326895113098971e-02
6.560000000000000000e+02 1.658832567307691810e-02
6.613333099999999831e+02 9.715172600468075653e-03
6.666666900000000169e+02 3.636316590802711121e-03
6.720000000000000000e+02 5.493007170147976709e-03
6.773333099999999831e+02 1.347241193600967439e-02
6.826666900000000169e+02 2.609447117448429609e-02
6.880000000000000000e+02 4.629787832360779398e-02
6.933333099999999831e+02 6.544960598222766823e-02
6.986666900000000169e+02 8.085113639810861952e-02
7.040000000000000000e+02 9.558712195020235836e-02
7.093333099999999831e+02 1.034372550294976184e-01
7.146666900000000169e+02 1.056893819860529049e-01
7.200000000000000000e+02 1.039277452916371886e-01
7.253333099999999831e+02 9.378945757979083309e-02
7.306666900000000169e+02 8.362421242587612935e-02
7.360000000000000000e+02 7.908082532838238421e-02
7.413333099999999831e+02 7.978761284053495495e-02
7.466666900000000169e+02 8.595775425875712417e-02
7.520000000000000000e+02 9.032833801930204021e-02
7.573333099999999831e+02 8.470827764734947807e-02
7.626666900000000169e+02 7.335643307839626037e-02
7.680000000000000000e+02 6.124339404337834913e-02
7.733333099999999831e+02 5.290113509582666795e-02
7.786666900000000169e+02 4.948713214417052586e-02
7.840000000000000000e+02 4.939569329662334141e-02
7.893333099999999831e+02 5.080285917791316219e-02
7.946666900000000169e+02 5.789100399098830868e-02
8.000000000000000000e+02 7.699883619193634288e-02
8.053333099999999831e+02 1.088065874888703988e-01
8.106666900000000169e+02 1.505128410962100205e-01
8.160000000000000000e+02 1.975079443927712786e-01
8.213333099999999831e+02 2.330426712183523708e-01
8.266666900000000169e+02 2.497135235828533972e-01
8.320000000000000000e+02 2.548436549800949247e-01
8.373333099999999831e+02 2.609965034754768709e-01
8.426666900000000169e+02 2.791119231160300029e-01
8.480000000000000000e+02 3.100921359292002077e-01
8.533333099999999831e+02 3.309756348974934315e-01
8.586666900000000169e+02 3.329738443636999223e-01
8.640000000000000000e+02 3.216639479803884427e-01
8.693333099999999831e+02 3.103884913319602812e-01
8.746666900000000169e+02 3.080975314670206799e-01
8.800000000000000000e+02 3.122567411094880896e-01
8.853333099999999831e+02 3.104545947294651831e-01
8.906666900000000169e+02 2.983018455076903441e-01
8.960000000000000000e+02 2.796587734014566173e-01
9.013333099999999831e+02 2.679277789745220240e-01
9.066666900000000169e+02 2.709996318779929747e-01
9.120000000000000000e+02 2.901272228550356713e-01
9.173333099999999831e+02 3.223327942419230152e-01
9.226666900000000169e+02 3.575262417455016828e-01
9.280000000000000000e+02 3.809141825397499015e-01
9.333333099999999831e+02 3.872706837020563619e-01
9.386666900000000169e+02 3.741862857009276011e-01
9.440000000000000000e+02 3.497429848971536637e-01
9.493333099999999831e+02 3.276552704066031385e-01
9.546666900000000169e+02 3.199524179980779426e-01
9.600000000000000000e+02 3.200270405175202337e-01
9.653333099999999831e+02 3.206810530713330998e-01
9.706666900000000169e+02 3.127877269282040573e-01
9.760000000000000000e+02 2.871665498229274416e-01
9.813333099999999831e+02 2.661634118556941986e-01
9.866666900000000169e+02 2.855699838366437260e-01
9.920000000000000000e+02 3.546030376113434301e-01
9.973333099999999831e+02 4.534360751043187143e-01
1.002666699999999992e+03 5.333896731323656271e-01
1.008000000000000000e+03 5.340863268704731937e-01
1.013333300000000008e+03 4.680382764694134834e-01
1.018666699999999992e+03 3.880902705955830423e-01
1.024000000000000000e+03 3.374378037156143817e-01
1.029333399999999983e+03 3.301655829868029857e-01
1.034666600000000017e+03 3.411360987007461820e-01
1.040000000000000000e+03 3.388350110407200577e-01
1.045333399999999983e+03 3.207378552094480861e-01
1.050666600000000017e+03 2.982981799876244788e-01
1.056000000000000000e+03 2.775034395513730212e-01
1.061333399999999983e+03 2.617993450238334519e-01
1.066666600000000017e+03 2.429105881727728344e-01
1.072000000000000000e+03 2.303240281469709494e-01
1.077333399999999983e+03 2.273840523423000248e-01
1.082666600000000017e+03 2.337817195677459603e-01
1.088000000000000000e+03 2.410970775072021899e-01
1.093333399999999983e+03 2.444971593479615402e-01
1.098666600000000017e+03 2.327772403810279833e-01
1.104000000000000000e+03 2.056834495464019696e-01
1.109333399999999983e+03 1.738062389672153374e-01
1.114666600000000017e+03 1.430669482444233143e-01
1.120000000000000000e+03 1.145521820761547377e-01
1.125333399999999983e+03 9.215238144376119989e-02
1.130666600000000017e+03 6.711638616187916295e-02
1.136000000000000000e+03 3.276992387893270381e-02
1.141333399999999983e+03 7.538818236221654298e-03
1.146666600000000017e+03 1.120401330087832537e-03
1.152000000000000000e+03 1.734976846715616944e-02
1.157333399999999983e+03 5.712302011150356684e-02
1.162666600000000017e+03 1.014596723409164902e-01
1.168000000000000000e+03 1.304906554103599514e-01
1.173333399999999983e+03 1.418195402930176874e-01
1.178666600000000017e+03 1.367320702403135302e-01
1.184000000000000000e+03 1.282705188551233888e-01
1.189333399999999983e+03 1.364833784559459084e-01
1.194666600000000017e+03 1.690410747368166766e-01
1.200000000000000000e+03 2.217333083956623818e-01
1.205333399999999983e+03 2.816356594151427917e-01
1.210666600000000017e+03 3.378152069110769706e-01
1.216000000000000000e+03 3.934904381367826387e-01
1.221333399999999983e+03 4.596443151494504775e-01
1.226666600000000017e+03 5.427535701004553292e-01
1.232000000000000000e+03 6.343124376725393088e-01
1.237333399999999983e+03 7.108101173959345820e-01
1.242666600000000017e+03 7.551787390974946668e-01
1.248000000000000000e+03 7.643200364032985972e-01
1.253333399999999983e+03 7.445819470391712436e-01
1.258666600000000017e+03 7.123589955486980818e-01
1.264000000000000000e+03 6.801858553215980319e-01
1.269333399999999983e+03 6.525809943508424915e-01
1.274666600000000017e+03 6.339065579580945853e-01
1.280000000000000000e+03 6.208450584552330787e-01
1.285333399999999983e+03 6.068188100985122402e-01
1.290666600000000017e+03 5.914403091170984395e-01
1.296000000000000000e+03 5.806951776968786172e-01
1.301333399999999983e+03 5.806380996648956572e-01
1.306666600000000017e+03 5.928674626809775638e-01
1.312000000000000000e+03 6.120647926246808312e-01
1.317333399999999983e+03 6.298982221852615915e-01
1.322666600000000017e+03 6.404041709808435678e-01
1.328000000000000000e+03 6.495220214274014525e-01
1.333333399999999983e+03 6.525655686552902512e-01
1.338666600000000017e+03 6.396248413104791419e-01
1.344000000000000000e+03 6.032266000288721841e-01
1.349333399999999983e+03 5.414683663896699972e-01
1.354666600000000017e+03 4.634410831894380522e-01
1.360000000000000000e+03 3.941847022189229888e-01
1.365333399999999983e+03 3.419618862132360881e-01
1.370666600000000017e+03 3.111311959216075951e-01
1.376000000000000000e+03 2.970314680339624092e-01
1.381333399999999983e+03 2.929193286573618660e-01
1.386666600000000017e+03 2.972149286400218582e-01
1.392000000000000000e+03 3.155464474790267149e-01
1.397333399999999983e+03 3.469978321344541206e-01
1.402666600000000017e+03 3.884818520817845955e-01
1.408000000000000000e+03 4.257659760213233779e-01
1.413333399999999983e+03 4.490758718109602587e-01
1.418666600000000017e+03 4.566860456737095175e-01
1.424000000000000000e+03 4.659059083619691011e-01
1.429333399999999983e+03 5.062322272557161495e-01
1.434666600000000017e+03 6.008175735291955144e-01
1.440000000000000000e+03 7.367964552190215954e-01
1.445333399999999983e+03 8.832347138206229076e-01
1.450666600000000017e+03 9.843656649889159782e-01
1.456000000000000000e+03 1.000000000000000000e+00
1.461333399999999983e+03 9.259362430931552534e-01
1.466666600000000017e+03 7.867281334211374544e-01
1.472000000000000000e+03 6.113304536278271195e-01
1.477333399999999983e+03 4.383433972076412055e-01
1.482666600000000017e+03 2.854656107133362042e-01
1.488000000000000000e+03 1.632594181645954656e-01
1.493333399999999983e+03 7.793727217363502491e-02
1.498666600000000017e+03 2.773940621902663828e-02
1.504000000000000000e+03 5.110757143311437864e-03
1.509333399999999983e+03 0.000000000000000000e+00
1.514666600000000017e+03 2.538056338516826889e-03
1.520000000000000000e+03 8.737465954764673387e-03
1.525333399999999983e+03 1.926279167356180488e-02
1.530666600000000017e+03 3.613087418252863836e-02
1.536000000000000000e+03 6.197211827594905492e-02
1.541333399999999983e+03 9.011000947414417317e-02
1.546666600000000017e+03 1.168539539583969972e-01
1.552000000000000000e+03 1.395680440505403797e-01
1.557333399999999983e+03 1.592098255102941951e-01
1.562666600000000017e+03 1.741628204982496597e-01
1.568000000000000000e+03 1.891565936644151735e-01
1.573333399999999983e+03 2.061619313482977167e-01
1.578666600000000017e+03 2.203188499726435046e-01
1.584000000000000000e+03 2.337489030682342317e-01
1.589333399999999983e+03 2.511910055353029358e-01
1.594666600000000017e+03 2.702451841138854838e-01
1.600000000000000000e+03 3.000619381925089812e-01
1.605333399999999983e+03 3.399336935386992331e-01
1.610666600000000017e+03 3.708701729426270299e-01
1.616000000000000000e+03 3.898202139466215299e-01
1.621333399999999983e+03 4.014920660269751251e-01
1.626666600000000017e+03 4.112323698037035347e-01
1.632000000000000000e+03 4.387721029515592175e-01
1.637333399999999983e+03 4.881616604249319202e-01
1.642666600000000017e+03 5.541326222619382680e-01
1.648000000000000000e+03 6.352514360161517493e-01
1.653333399999999983e+03 7.312011636396316128e-01
1.658666600000000017e+03 8.326076456135280690e-01
1.664000000000000000e+03 9.245036636975272337e-01
1.669333399999999983e+03 9.759578097079445458e-01
1.674666600000000017e+03 9.623054049179877723e-01
1.680000000000000000e+03 8.748123812188404180e-01
1.685333399999999983e+03 7.333521602992610910e-01
1.690666600000000017e+03 5.717405049046001553e-01
1.696000000000000000e+03 4.187092282115384978e-01
1.701333399999999983e+03 2.900418756496914163e-01
1.706666600000000017e+03 1.917171728632156569e-01
1.712000000000000000e+03 1.180002015037753260e-01
1.717333399999999983e+03 6.624014748097041549e-02
1.722666600000000017e+03 3.521877256270173479e-02
1.728000000000000000e+03 1.590327501530209089e-02
1.733333399999999983e+03 3.945378016066098358e-03
1.738666600000000017e+03 9.593612300680580754e-04
1.744000000000000000e+03 5.011852038650544371e-03
1.749333399999999983e+03 1.300326295082757620e-02
1.754666600000000017e+03 1.937576424909656647e-02
1.760000000000000000e+03 2.654337885827713628e-02
1.765333399999999983e+03 3.804025217735167164e-02
1.770666600000000017e+03 5.814670976453172740e-02
1.776000000000000000e+03 8.561498869430486658e-02
1.781333399999999983e+03 1.010110760125777357e-01
1.786666600000000017e+03 8.916549002310721062e-02
1.792000000000000000e+03 6.046627723401697824e-02
1.797333399999999983e+03 3.029995040445483678e-02
1.802666600000000017e+03 9.967914613459976855e-03
