6.080000000000000000e+02 2.622219992873050382e-02
6.133333099999999831e+02 3.346672708168643012e-02
6.186666900000000169e+02 3.288566892941659908e-02
6.240000000000000000e+02 2.834282237720338327e-02
6.293333099999999831e+02 2.494396363275978162e-02
6.346666900000000169e+02 2.570228321600430063e-02
6.400000000000000000e+02 3.000285774561041452e-02
6.453333099999999831e+02 3.197147734835897176e-02
6.506666900000000169e+02 2.769621712550929260e-02
6.560000000000000000e+02 1.818407086057403227e-02
6.613333099999999831e+02 8.312385573314744897e-03
6.666666900000000169e+02 3.075351688672955941e-03
6.720000000000000000e+02 4.944552511604948138e-03
6.773333099999999831e+02 9.154733387651218385e-03
6.826666900000000169e+02 1.594880894643191035e-02
6.880000000000000000e+02 2.507223803934150591e-02
6.933333099999999831e+02 3.725072821603038487e-02
6.986666900000000169e+02 5.050827908793838195e-02
7.040000000000000000e+02 6.221345195311266812e-02
7.093333099999999831e+02 6.663002208035183338e-02
7.146666900000000169e+02 6.498806373860188668e-02
7.200000000000000000e+02 5.938044219141704744e-02
7.253333099999999831e+02 5.729460410593262970e-02
7.306666900000000169e+02 6.007417642212654202e-02
7.360000000000000000e+02 6.768731429824238754e-02
7.413333099999999831e+02 7.893416215147386339e-02
7.466666900000000169e+02 9.152806432483423515e-02
7.520000000000000000e+02 1.029270272143398696e-01
7.573333099999999831e+02 1.097316595519135657e-01
7.626666900000000169e+02 1.065054795278740640e-01
7.680000000000000000e+02 9.276536308358282468e-02
7.733333099999999831e+02 7.804642250670665304e-02
7.786666900000000169e+02 6.332944225744141509e-02
7.840000000000000000e+02 5.344344811293891967e-02
7.893333099999999831e+02 4.799775615158923675e-02
7.946666900000000169e+02 4.668125155252769026e-02
8.000000000000000000e+02 5.196373614821297310e-02
8.053333099999999831e+02 7.189191752584424278e-02
8.106666900000000169e+02 9.874604804446959760e-02
8.160000000000000000e+02 1.324519602638625226e-01
8.213333099999999831e+02 1.659978240899931123e-01
8.266666900000000169e+02 1.932741303880647632e-01
8.320000000000000000e+02 2.147011084238361622e-01
8.373333099999999831e+02 2.340969606867933928e-01
8.426666900000000169e+02 2.512834016976392415e-01
8.480000000000000000e+02 2.682534021317252715e-01
8.533333099999999831e+02 2.801415545028744791e-01
8.586666900000000169e+02 2.802558265258543457e-01
8.640000000000000000e+02 2.719163606566510905e-01
8.693333099999999831e+02 2.643984657290335272e-01
8.746666900000000169e+02 2.628418243296310464e-01
8.800000000000000000e+02 2.677537128777993658e-01
8.853333099999999831e+02 2.717686800447522422e-01
8.906666900000000169e+02 2.648897533465937038e-01
8.960000000000000000e+02 2.499561466226457307e-01
9.013333099999999831e+02 2.407459489048424661e-01
9.066666900000000169e+02 2.442615087295630927e-01
9.120000000000000000e+02 2.648551289374875273e-01
9.173333099999999831e+02 2.934175350289928152e-01
9.226666900000000169e+02 3.173834664255333338e-01
9.280000000000000000e+02 3.320979377897929630e-01
9.333333099999999831e+02 3.373506588646411064e-01
9.386666900000000169e+02 3.361072381111175345e-01
9.440000000000000000e+02 3.334005105427160220e-01
9.493333099999999831e+02 3.283173966529376320e-01
9.546666900000000169e+02 3.217292731715262755e-01
9.600000000000000000e+02 3.174299980818246492e-01
9.653333099999999831e+02 3.133562738166046913e-01
9.706666900000000169e+02 3.086396030508426480e-01
9.760000000000000000e+02 2.983363526190136450e-01
9.813333099999999831e+02 2.933442787314227140e-01
9.866666900000000169e+02 3.151433463150137282e-01
9.920000000000000000e+02 3.695816638418327194e-01
9.973333099999999831e+02 4.373152786396907743e-01
1.002666699999999992e+03 4.809865564616711553e-01
1.008000000000000000e+03 4.655166057693651549e-01
1.013333300000000008e+03 4.058195747311157398e-01
1.018666699999999992e+03 3.459264088892211597e-01
1.024000000000000000e+03 3.148123052677607725e-01
1.029333399999999983e+03 3.153506043441621221e-01
1.034666600000000017e+03 3.210157293401660339e-01
1.040000000000000000e+03 3.111916873791727434e-01
1.045333399999999983e+03 2.888302008055327885e-01
1.050666600000000017e+03 2.665667333891089674e-01
1.056000000000000000e+03 2.504520966137564475e-01
1.061333399999999983e+03 2.416259676142931967e-01
1.066666600000000017e+03 2.288740174020869877e-01
1.072000000000000000e+03 2.165245236979116417e-01
1.077333399999999983e+03 2.088612951902866499e-01
1.082666600000000017e+03 2.104356412924205944e-01
1.088000000000000000e+03 2.144451585542481442e-01
1.093333399999999983e+03 2.133266656475692469e-01
1.098666600000000017e+03 1.979748223336558477e-01
1.104000000000000000e+03 1.726428494568765515e-01
1.109333399999999983e+03 1.483349075750417800e-01
1.114666600000000017e+03 1.375545313122135960e-01
1.120000000000000000e+03 1.329690540834810863e-01
1.125333399999999983e+03 1.205821416680810526e-01
1.130666600000000017e+03 8.994109054036604489e-02
1.136000000000000000e+03 4.717296420098033433e-02
1.141333399999999983e+03 1.178285772256882497e-02
1.146666600000000017e+03 0.000000000000000000e+00
1.152000000000000000e+03 1.063257406568721489e-02
1.157333399999999983e+03 3.569586348698187972e-02
1.162666600000000017e+03 6.177520176215198222e-02
1.168000000000000000e+03 8.180467409222241804e-02
1.173333399999999983e+03 9.320113844433826344e-02
1.178666600000000017e+03 9.801717298948071921e-02
1.184000000000000000e+03 9.909427627882218259e-02
1.189333399999999983e+03 1.109658399107943394e-01
1.194666600000000017e+03 1.387295107033609809e-01
1.200000000000000000e+03 1.838045996527903903e-01
1.205333399999999983e+03 2.375174125425294214e-01
1.210666600000000017e+03 2.936689216414101189e-01
1.216000000000000000e+03 3.483440421400281206e-01
1.221333399999999983e+03 4.156624316222684579e-01
1.226666600000000017e+03 5.003969789964082260e-01
1.232000000000000000e+03 5.930171156448861280e-01
1.237333399999999983e+03 6.736974528427711606e-01
1.242666600000000017e+03 7.190289265430349630e-01
1.248000000000000000e+03 7.246511635194435863e-01
1.253333399999999983e+03 7.059625565927679647e-01
1.258666600000000017e+03 6.799093132893649916e-01
1.264000000000000000e+03 6.538407976177719183e-01
1.269333399999999983e+03 6.295498645407774374e-01
1.274666600000000017e+03 5.975615384992660761e-01
1.280000000000000000e+03 5.657531377677585960e-01
1.285333399999999983e+03 5.390378028379246844e-01
1.290666600000000017e+03 5.235482430164034584e-01
1.296000000000000000e+03 5.250825916103342150e-01
1.301333399999999983e+03 5.434404967515404916e-01
1.306666600000000017e+03 5.725168943342003880e-01
1.312000000000000000e+03 6.070150235801863303e-01
1.317333399999999983e+03 6.341379755235340143e-01
1.322666600000000017e+03 6.508223682811060673e-01
1.328000000000000000e+03 6.599555756104228399e-01
1.333333399999999983e+03 6.591223121538700713e-01
1.338666600000000017e+03 6.461539745159933235e-01
1.344000000000000000e+03 6.111344967652031501e-01
1.349333399999999983e+03 5.467465979034168422e-01
1.354666600000000017e+03 4.632932836552801636e-01
1.360000000000000000e+03 3.793464978869373616e-01
1.365333399999999983e+03 3.123648537440717465e-01
1.370666600000000017e+03 2.747325709688547279e-01
1.376000000000000000e+03 2.644145879309927061e-01
1.381333399999999983e+03 2.712468378194336505e-01
1.386666600000000017e+03 2.870313048410095269e-01
1.392000000000000000e+03 3.076763298980929595e-01
1.397333399999999983e+03 3.317492772505803988e-01
1.402666600000000017e+03 3.565537322354366268e-01
1.408000000000000000e+03 3.784202177125667865e-01
1.413333399999999983e+03 3.954473068352162834e-01
1.418666600000000017e+03 4.106571313066524342e-01
1.424000000000000000e+03 4.428667203710769940e-01
1.429333399999999983e+03 5.104826756449887259e-01
1.434666600000000017e+03 6.226450912545230532e-01
1.440000000000000000e+03 7.636228233444554148e-01
1.445333399999999983e+03 8.981059671517643839e-01
1.450666600000000017e+03 9.809000144069947025e-01
1.456000000000000000e+03 9.858947855011513939e-01
1.461333399999999983e+03 9.084216519386802968e-01
1.466666600000000017e+03 7.701056817630880236e-01
1.472000000000000000e+03 5.955371446970588734e-01
1.477333399999999983e+03 4.165854793328342964e-01
1.482666600000000017e+03 2.575311704157244863e-01
1.488000000000000000e+03 1.339619298567375771e-01
1.493333399999999983e+03 5.401374610251793301e-02
1.498666600000000017e+03 1.541612878238889095e-02
1.504000000000000000e+03 2.734449747699253114e-03
1.509333399999999983e+03 3.792556200420911516e-03
1.514666600000000017e+03 8.314049435153859566e-03
1.520000000000000000e+03 1.253548280022893577e-02
1.525333399999999983e+03 2.040963886628435059e-02
1.530666600000000017e+03 3.585094900001142837e-02
1.536000000000000000e+03 5.982384498956782454e-02
1.541333399999999983e+03 9.034312950970822820e-02
1.546666600000000017e+03 1.220187729834191354e-01
1.552000000000000000e+03 1.488835689839514698e-01
1.557333399999999983e+03 1.663394277535124866e-01
1.562666600000000017e+03 1.768441060775920726e-01
1.568000000000000000e+03 1.851672873400899977e-01
1.573333399999999983e+03 1.922297476935460048e-01
1.578666600000000017e+03 1.986785041643796268e-01
1.584000000000000000e+03 2.064904623210369050e-01
1.589333399999999983e+03 2.185566187786171510e-01
1.594666600000000017e+03 2.447242148930568184e-01
1.600000000000000000e+03 2.893077137676418609e-01
1.605333399999999983e+03 3.430165154579042364e-01
1.610666600000000017e+03 3.905110480780737414e-01
1.616000000000000000e+03 4.213092094288996559e-01
1.621333399999999983e+03 4.319428592614384388e-01
1.626666600000000017e+03 4.347891041886013386e-01
1.632000000000000000e+03 4.478211114222672706e-01
1.637333399999999983e+03 4.836638621164157659e-01
1.642666600000000017e+03 5.447795596820953490e-01
1.648000000000000000e+03 6.280740380121730970e-01
1.653333399999999983e+03 7.296281440621182890e-01
1.658666600000000017e+03 8.402433292909706752e-01
1.664000000000000000e+03 9.396103080990387824e-01
1.669333399999999983e+03 1.000000000000000000e+00
1.674666600000000017e+03 9.900412322556284561e-01
1.680000000000000000e+03 8.966322052580931734e-01
1.685333399999999983e+03 7.416447224639208802e-01
1.690666600000000017e+03 5.628783998029318614e-01
1.696000000000000000e+03 3.948423731990820529e-01
1.701333399999999983e+03 2.607615693228671483e-01
1.706666600000000017e+03 1.629157769230493991e-01
1.712000000000000000e+03 9.313864026096156656e-02
1.717333399999999983e+03 4.752283561276265250e-02
1.722666600000000017e+03 2.267996085991898919e-02
1.728000000000000000e+03 1.161915168855834693e-02
1.733333399999999983e+03 9.339723377459752118e-03
1.738666600000000017e+03 1.187590387869825667e-02
1.744000000000000000e+03 1.422163637457069321e-02
1.749333399999999983e+03 1.618334330315132630e-02
1.754666600000000017e+03 1.966542643340149499e-02
1.760000000000000000e+03 2.258853808346060477e-02
1.765333399999999983e+03 2.483715368986356975e-02
1.770666600000000017e+03 2.891893957645846891e-02
1.776000000000000000e+03 3.304635308779897002e-02
1.781333399999999983e+03 3.711561199504292974e-02
1.786666600000000017e+03 4.024969057622525270e-02
1.792000000000000000e+03 3.799558530103317594e-02
1.797333399999999983e+03 2.744743868837582618e-02
1.802666600000000017e+03 5.590925255287967043e-03
