6.080000000000000000e+02 1.666472427421671065e-02
6.133333099999999831e+02 4.161884735734357188e-02
6.186666900000000169e+02 4.314793023735306182e-02
6.240000000000000000e+02 3.251168296923142437e-02
6.293333099999999831e+02 2.501243038404070418e-02
6.346666900000000169e+02 2.899615812434977805e-02
6.400000000000000000e+02 3.386669484800813867e-02
6.453333099999999831e+02 2.953038251958936891e-02
6.506666900000000169e+02 1.740650598982203603e-02
6.560000000000000000e+02 4.098537244461922247e-03
6.613333099999999831e+02 0.000000000000000000e+00
6.666666900000000169e+02 7.093763057517329766e-03
6.720000000000000000e+02 1.545655164154554131e-02
6.773333099999999831e+02 2.387499460429832326e-02
6.826666900000000169e+02 3.532255043106208303e-02
6.880000000000000000e+02 5.346888313220034272e-02
6.933333099999999831e+02 7.690146918233714546e-02
6.986666900000000169e+02 9.618376502268739803e-02
7.040000000000000000e+02 1.027752781985836333e-01
7.093333099999999831e+02 9.980929917866533663e-02
7.146666900000000169e+02 9.685387554042047820e-02
7.200000000000000000e+02 9.630536289781069237e-02
7.253333099999999831e+02 1.003294735486545269e-01
7.306666900000000169e+02 1.053847398318769335e-01
7.360000000000000000e+02 1.099518035088364043e-01
7.413333099999999831e+02 1.148052665368816255e-01
7.466666900000000169e+02 1.186575161814695245e-01
7.520000000000000000e+02 1.166781256629930152e-01
7.573333099999999831e+02 1.101173806235137692e-01
7.626666900000000169e+02 1.027796242908550761e-01
7.680000000000000000e+02 9.907983022923083638e-02
7.733333099999999831e+02 9.961512082161112780e-02
7.786666900000000169e+02 9.698395569898303481e-02
7.840000000000000000e+02 8.950714365302989139e-02
7.893333099999999831e+02 7.947698222232828236e-02
7.946666900000000169e+02 7.318229521028651874e-02
8.000000000000000000e+02 8.011104939478072562e-02
8.053333099999999831e+02 1.063690880366719854e-01
8.106666900000000169e+02 1.460941354803750869e-01
8.160000000000000000e+02 1.948175908484803820e-01
8.213333099999999831e+02 2.412265760466908993e-01
8.266666900000000169e+02 2.731451934166904127e-01
8.320000000000000000e+02 2.954309989093991673e-01
8.373333099999999831e+02 3.197699327904606204e-01
8.426666900000000169e+02 3.488566369415580515e-01
8.480000000000000000e+02 3.806546866116692351e-01
8.533333099999999831e+02 4.040792803088062990e-01
8.586666900000000169e+02 4.051498157651591270e-01
8.640000000000000000e+02 3.897156518258864111e-01
8.693333099999999831e+02 3.717839596774277222e-01
8.746666900000000169e+02 3.600721355967964055e-01
8.800000000000000000e+02 3.535719957206839847e-01
8.853333099999999831e+02 3.478626900639514297e-01
8.906666900000000169e+02 3.338826219166157183e-01
8.960000000000000000e+02 3.147837084961520038e-01
9.013333099999999831e+02 3.038640799763031031e-01
9.066666900000000169e+02 3.102813509907466627e-01
9.120000000000000000e+02 3.306286606282827778e-01
9.173333099999999831e+02 3.614841374545565422e-01
9.226666900000000169e+02 3.885788262824044770e-01
9.280000000000000000e+02 4.012196483567819216e-01
9.333333099999999831e+02 3.983150820921720903e-01
9.386666900000000169e+02 3.841200975902774872e-01
9.440000000000000000e+02 3.644527623536704675e-01
9.493333099999999831e+02 3.486475895274088188e-01
9.546666900000000169e+02 3.366463145665640200e-01
9.600000000000000000e+02 3.266035286453216613e-01
9.653333099999999831e+02 3.160924185203555226e-01
9.706666900000000169e+02 3.079527304345975325e-01
9.760000000000000000e+02 3.038842248579879946e-01
9.813333099999999831e+02 3.099434598319759648e-01
9.866666900000000169e+02 3.319056195210861593e-01
9.920000000000000000e+02 3.751532939209834550e-01
9.973333099999999831e+02 4.279970280990134102e-01
1.002666699999999992e+03 4.687591044527953388e-01
1.008000000000000000e+03 4.758792568436376325e-01
1.013333300000000008e+03 4.514071343270616987e-01
1.018666699999999992e+03 4.119419162100864118e-01
1.024000000000000000e+03 3.820393789939906526e-01
1.029333399999999983e+03 3.671916432121979379e-01
1.034666600000000017e+03 3.595197092142580209e-01
1.040000000000000000e+03 3.472005090101553670e-01
1.045333399999999983e+03 3.278141173538670072e-01
1.050666600000000017e+03 3.051516337674339829e-01
1.056000000000000000e+03 2.863691520166192772e-01
1.061333399999999983e+03 2.763695550849178395e-01
1.066666600000000017e+03 2.754840575523194723e-01
1.072000000000000000e+03 2.756550476576646869e-01
1.077333399999999983e+03 2.724871691348649261e-01
1.082666600000000017e+03 2.694719093394039033e-01
1.088000000000000000e+03 2.675373064111326027e-01
1.093333399999999983e+03 2.684117803081245701e-01
1.098666600000000017e+03 2.643736588744567406e-01
1.104000000000000000e+03 2.447886012262789068e-01
1.109333399999999983e+03 2.116708171039566322e-01
1.114666600000000017e+03 1.746829280763343151e-01
1.120000000000000000e+03 1.416207718754565748e-01
1.125333399999999983e+03 1.146527510308629205e-01
1.130666600000000017e+03 8.403288980918494078e-02
1.136000000000000000e+03 4.768585496728042217e-02
1.141333399999999983e+03 1.709214761768441254e-02
1.146666600000000017e+03 2.910309251545670391e-03
1.152000000000000000e+03 1.353223314347327955e-02
1.157333399999999983e+03 4.430053200369241106e-02
1.162666600000000017e+03 7.785035731492984112e-02
1.168000000000000000e+03 1.027577738893407783e-01
1.173333399999999983e+03 1.137026144263025285e-01
1.178666600000000017e+03 1.133381242688684953e-01
1.184000000000000000e+03 1.117566641569730512e-01
1.189333399999999983e+03 1.195866070748678039e-01
1.194666600000000017e+03 1.467469380471468354e-01
1.200000000000000000e+03 1.942530859613788297e-01
1.205333399999999983e+03 2.487298796675345702e-01
1.210666600000000017e+03 3.035682373043775417e-01
1.216000000000000000e+03 3.561300347693850954e-01
1.221333399999999983e+03 4.139607704913323416e-01
1.226666600000000017e+03 4.900665488124987812e-01
1.232000000000000000e+03 5.820825007749813595e-01
1.237333399999999983e+03 6.712966137829151636e-01
1.242666600000000017e+03 7.329264935140761272e-01
1.248000000000000000e+03 7.527434679139151097e-01
1.253333399999999983e+03 7.326931843238368991e-01
1.258666600000000017e+03 6.912596815967118058e-01
1.264000000000000000e+03 6.497193363307758318e-01
1.269333399999999983e+03 6.226717557643706158e-01
1.274666600000000017e+03 6.010378809491885299e-01
1.280000000000000000e+03 5.826025135267876021e-01
1.285333399999999983e+03 5.659013140447254342e-01
1.290666600000000017e+03 5.533314247902041405e-01
1.296000000000000000e+03 5.514956084424182947e-01
1.301333399999999983e+03 5.660284039564466019e-01
1.306666600000000017e+03 5.856098478678627428e-01
1.312000000000000000e+03 6.064384181554810516e-01
1.317333399999999983e+03 6.221880111801671998e-01
1.322666600000000017e+03 6.315757967861508337e-01
1.328000000000000000e+03 6.351834427714855291e-01
1.333333399999999983e+03 6.330323122245807843e-01
1.338666600000000017e+03 6.185016263700704453e-01
1.344000000000000000e+03 5.896618821182925130e-01
1.349333399999999983e+03 5.371235479715383843e-01
1.354666600000000017e+03 4.724600971272299721e-01
1.360000000000000000e+03 4.078593297680551677e-01
1.365333399999999983e+03 3.512389906647773730e-01
1.370666600000000017e+03 3.114643745655321649e-01
1.376000000000000000e+03 2.915301789299994950e-01
1.381333399999999983e+03 2.819593356237780624e-01
1.386666600000000017e+03 2.877096755314282328e-01
1.392000000000000000e+03 3.054197237368824758e-01
1.397333399999999983e+03 3.307896584914840621e-01
1.402666600000000017e+03 3.623408440903240213e-01
1.408000000000000000e+03 3.926072062954643616e-01
1.413333399999999983e+03 4.148568923621263616e-01
1.418666600000000017e+03 4.321440034428596366e-01
1.424000000000000000e+03 4.529441557287016140e-01
1.429333399999999983e+03 4.997353708183504550e-01
1.434666600000000017e+03 5.863004348506198893e-01
1.440000000000000000e+03 7.072770142864300835e-01
1.445333399999999983e+03 8.376612746321973058e-01
1.450666600000000017e+03 9.369746462405903475e-01
1.456000000000000000e+03 9.691337661562315908e-01
1.461333399999999983e+03 9.254071976430886526e-01
1.466666600000000017e+03 8.093299790589479903e-01
1.472000000000000000e+03 6.442301037161513033e-01
1.477333399999999983e+03 4.643352923805270649e-01
1.482666600000000017e+03 2.991075732064975568e-01
1.488000000000000000e+03 1.683897818248299427e-01
1.493333399999999983e+03 8.319711711197791404e-02
1.498666600000000017e+03 3.357415358840293990e-02
1.504000000000000000e+03 9.088409119603634706e-03
1.509333399999999983e+03 1.586129680666246815e-03
1.514666600000000017e+03 2.119571711762844625e-03
1.520000000000000000e+03 4.656272053921692126e-03
1.525333399999999983e+03 9.064430803787508831e-03
1.530666600000000017e+03 1.513845264401001214e-02
1.536000000000000000e+03 3.008844091877044616e-02
1.541333399999999983e+03 5.713353136534057158e-02
1.546666600000000017e+03 8.979695327139967931e-02
1.552000000000000000e+03 1.194829118447082450e-01
1.557333399999999983e+03 1.412045626554208344e-01
1.562666600000000017e+03 1.550426477942453418e-01
1.568000000000000000e+03 1.665848302242919632e-01
1.573333399999999983e+03 1.763943551959889222e-01
1.578666600000000017e+03 1.869823764718967773e-01
1.584000000000000000e+03 2.004460153366910691e-01
1.589333399999999983e+03 2.198048711757852880e-01
1.594666600000000017e+03 2.533507645670210473e-01
1.600000000000000000e+03 2.973466399413899897e-01
1.605333399999999983e+03 3.399537944762886510e-01
1.610666600000000017e+03 3.749440424813402228e-01
1.616000000000000000e+03 3.930701187050664736e-01
1.621333399999999983e+03 3.973115173718101412e-01
1.626666600000000017e+03 4.063500728698974385e-01
1.632000000000000000e+03 4.307931818201803931e-01
1.637333399999999983e+03 4.773209139683584068e-01
1.642666600000000017e+03 5.450108532110885529e-01
1.648000000000000000e+03 6.278008270575072824e-01
1.653333399999999983e+03 7.260137671489121924e-01
1.658666600000000017e+03 8.352424553399881990e-01
1.664000000000000000e+03 9.365167032391852331e-01
1.669333399999999983e+03 1.000000000000000000e+00
1.674666600000000017e+03 9.936959875183953850e-01
1.680000000000000000e+03 9.100450838769170714e-01
1.685333399999999983e+03 7.701802414202815195e-01
1.690666600000000017e+03 6.031138185951097075e-01
1.696000000000000000e+03 4.374465126621114308e-01
1.701333399999999983e+03 2.927681839973003131e-01
1.706666600000000017e+03 1.767165987610656019e-01
1.712000000000000000e+03 9.414318704143556649e-02
1.717333399999999983e+03 4.704659873919096041e-02
1.722666600000000017e+03 2.414697658065359867e-02
1.728000000000000000e+03 1.201837552186857568e-02
1.733333399999999983e+03 5.008050281466833349e-03
1.738666600000000017e+03 1.187200672214372942e-03
1.744000000000000000e+03 1.833660995054542647e-03
1.749333399999999983e+03 7.014360149317080267e-03
1.754666600000000017e+03 1.143712214181662537e-02
1.760000000000000000e+03 1.309855776777558642e-02
1.765333399999999983e+03 1.235339279694573286e-02
1.770666600000000017e+03 1.065608903350785674e-02
1.776000000000000000e+03 1.095262128989671693e-02
1.781333399999999983e+03 9.280911091663443524e-03
1.786666600000000017e+03 4.225472619366154800e-03
1.792000000000000000e+03 2.251185468567349149e-03
1.797333399999999983e+03 8.378527140668452777e-03
1.802666600000000017e+03 2.756461237934151182e-02
