6.080000000000000000e+02 2.766548861577085988e-02
6.133333099999999831e+02 4.998900558689416823e-02
6.186666900000000169e+02 5.717058046104529778e-02
6.240000000000000000e+02 5.281474838704894315e-02
6.293333099999999831e+02 4.026005192241562808e-02
6.346666900000000169e+02 2.281122657870625348e-02
6.400000000000000000e+02 9.496428989713083524e-03
6.453333099999999831e+02 4.823844607713886901e-03
6.506666900000000169e+02 2.277612966262971585e-03
6.560000000000000000e+02 0.000000000000000000e+00
6.613333099999999831e+02 6.082634235876670584e-04
6.666666900000000169e+02 3.814260663879071814e-03
6.720000000000000000e+02 1.261688911818202238e-02
6.773333099999999831e+02 2.593023625632445359e-02
6.826666900000000169e+02 3.607157644614823050e-02
6.880000000000000000e+02 4.076204363292749988e-02
6.933333099999999831e+02 4.717005661547034323e-02
6.986666900000000169e+02 5.803738181164851823e-02
7.040000000000000000e+02 7.370874650654381244e-02
7.093333099999999831e+02 9.354178159578374618e-02
7.146666900000000169e+02 1.118889835326119381e-01
7.200000000000000000e+02 1.180135302855783858e-01
7.253333099999999831e+02 1.112489093238782922e-01
7.306666900000000169e+02 9.682680634975933398e-02
7.360000000000000000e+02 8.490659825444003828e-02
7.413333099999999831e+02 8.280979958686299214e-02
7.466666900000000169e+02 9.361268544838384498e-02
7.520000000000000000e+02 1.106567243290261515e-01
7.573333099999999831e+02 1.205286435560909003e-01
7.626666900000000169e+02 1.183499535117503859e-01
7.680000000000000000e+02 1.029764898433762899e-01
7.733333099999999831e+02 7.882283276622101265e-02
7.786666900000000169e+02 6.054947833947783159e-02
7.840000000000000000e+02 5.692298174251562287e-02
7.893333099999999831e+02 6.290338956156187045e-02
7.946666900000000169e+02 7.679204965364064273e-02
8.000000000000000000e+02 9.288270482071223078e-02
8.053333099999999831e+02 1.159141970378890357e-01
8.106666900000000169e+02 1.533112143500529323e-01
8.160000000000000000e+02 2.013033344830855997e-01
8.213333099999999831e+02 2.406471953781097184e-01
8.266666900000000169e+02 2.622734778097678965e-01
8.320000000000000000e+02 2.698285233737270361e-01
8.373333099999999831e+02 2.804752587540731423e-01
8.426666900000000169e+02 3.052822297888209135e-01
8.480000000000000000e+02 3.431713446234496701e-01
8.533333099999999831e+02 3.727502451212617585e-01
8.586666900000000169e+02 3.823341891446223606e-01
8.640000000000000000e+02 3.767983242878522043e-01
8.693333099999999831e+02 3.678536174659677305e-01
8.746666900000000169e+02 3.616609518673659096e-01
8.800000000000000000e+02 3.585148031876664310e-01
8.853333099999999831e+02 3.507933779796459928e-01
8.906666900000000169e+02 3.339657011843334966e-01
8.960000000000000000e+02 3.143365688125356328e-01
9.013333099999999831e+02 3.008861749788455109e-01
9.066666900000000169e+02 3.014651883617621153e-01
9.120000000000000000e+02 3.162322245348475613e-01
9.173333099999999831e+02 3.435767556564794933e-01
9.226666900000000169e+02 3.720240811622689825e-01
9.280000000000000000e+02 3.882006382810586076e-01
9.333333099999999831e+02 3.883945674976025941e-01
9.386666900000000169e+02 3.769320301327069300e-01
9.440000000000000000e+02 3.568744977708186439e-01
9.493333099999999831e+02 3.395395350940972334e-01
9.546666900000000169e+02 3.277025930210183402e-01
9.600000000000000000e+02 3.161368942667490134e-01
9.653333099999999831e+02 3.034515397398638292e-01
9.706666900000000169e+02 2.853390893944183215e-01
9.760000000000000000e+02 2.583141898505591505e-01
9.813333099999999831e+02 2.394439903073263542e-01
9.866666900000000169e+02 2.495376969218944530e-01
9.920000000000000000e+02 2.960304027818511652e-01
9.973333099999999831e+02 3.650072128822370865e-01
1.002666699999999992e+03 4.221170585693951316e-01
1.008000000000000000e+03 4.342808331809186462e-01
1.013333300000000008e+03 4.069939679829066570e-01
1.018666699999999992e+03 3.683086148843416341e-01
1.024000000000000000e+03 3.424085274093831566e-01
1.029333399999999983e+03 3.374797872437666491e-01
1.034666600000000017e+03 3.391100467226167980e-01
1.040000000000000000e+03 3.288301596258956239e-01
1.045333399999999983e+03 3.066998789468341480e-01
1.050666600000000017e+03 2.775873433120888967e-01
1.056000000000000000e+03 2.471963401803478344e-01
1.061333399999999983e+03 2.234383828931368332e-01
1.066666600000000017e+03 2.054145766976280818e-01
1.072000000000000000e+03 1.963211523366010791e-01
1.077333399999999983e+03 2.008515204919984753e-01
1.082666600000000017e+03 2.118149463818337352e-01
1.088000000000000000e+03 2.224457295890156505e-01
1.093333399999999983e+03 2.223382543635578357e-01
1.098666600000000017e+03 2.093891978075416993e-01
1.104000000000000000e+03 1.851377955004447629e-01
1.109333399999999983e+03 1.580085900687668299e-01
1.114666600000000017e+03 1.329540552078206650e-01
1.120000000000000000e+03 1.159218699065383690e-01
1.125333399999999983e+03 9.763033582087665696e-02
1.130666600000000017e+03 7.935957731324654041e-02
1.136000000000000000e+03 5.376890882050330139e-02
1.141333399999999983e+03 2.703559568172053326e-02
1.146666600000000017e+03 6.194411280250566171e-03
1.152000000000000000e+03 6.834857720553711921e-04
1.157333399999999983e+03 9.745702276897248370e-03
1.162666600000000017e+03 3.415742625632033763e-02
1.168000000000000000e+03 6.339916975499801377e-02
1.173333399999999983e+03 9.234417084458404479e-02
1.178666600000000017e+03 1.076403705064008787e-01
1.184000000000000000e+03 1.125472168863369538e-01
1.189333399999999983e+03 1.204152580034249798e-01
1.194666600000000017e+03 1.432266625133873650e-01
1.200000000000000000e+03 1.810850776579668864e-01
1.205333399999999983e+03 2.281359258931589529e-01
1.210666600000000017e+03 2.686513715251202528e-01
1.216000000000000000e+03 3.107722636652939241e-01
1.221333399999999983e+03 3.712977730533488785e-01
1.226666600000000017e+03 4.598206251159578373e-01
1.232000000000000000e+03 5.641879014211763632e-01
1.237333399999999983e+03 6.589477938170213989e-01
1.242666600000000017e+03 7.204587712737062777e-01
1.248000000000000000e+03 7.414116489843238789e-01
1.253333399999999983e+03 7.305219348561672321e-01
1.258666600000000017e+03 7.080156116503805164e-01
1.264000000000000000e+03 6.829639319741366288e-01
1.269333399999999983e+03 6.573362231366647324e-01
1.274666600000000017e+03 6.353881727961124826e-01
1.280000000000000000e+03 6.106023777548598153e-01
1.285333399999999983e+03 5.829557425992611952e-01
1.290666600000000017e+03 5.582183395790175640e-01
1.296000000000000000e+03 5.408298223401595273e-01
1.301333399999999983e+03 5.362812618286072475e-01
1.306666600000000017e+03 5.476653388870750261e-01
1.312000000000000000e+03 5.676302780559796535e-01
1.317333399999999983e+03 5.876727665024614744e-01
1.322666600000000017e+03 6.004390379095075891e-01
1.328000000000000000e+03 6.043251655708793413e-01
1.333333399999999983e+03 5.983603374548767118e-01
1.338666600000000017e+03 5.796768518371798740e-01
1.344000000000000000e+03 5.457227633408022749e-01
1.349333399999999983e+03 4.909807970314940540e-01
1.354666600000000017e+03 4.230107546269469276e-01
1.360000000000000000e+03 3.575389876049954174e-01
1.365333399999999983e+03 3.055980941090426506e-01
1.370666600000000017e+03 2.773778180874003074e-01
1.376000000000000000e+03 2.754363245121944637e-01
1.381333399999999983e+03 2.843586317629974713e-01
1.386666600000000017e+03 2.998482970799694614e-01
1.392000000000000000e+03 3.221365803209142453e-01
1.397333399999999983e+03 3.469058277787466227e-01
1.402666600000000017e+03 3.752068489793126682e-01
1.408000000000000000e+03 4.042131094123644353e-01
1.413333399999999983e+03 4.203742109636231516e-01
1.418666600000000017e+03 4.256433376321655526e-01
1.424000000000000000e+03 4.376611505909546729e-01
1.429333399999999983e+03 4.846524819720859356e-01
1.434666600000000017e+03 5.848922216716591072e-01
1.440000000000000000e+03 7.303268720160126515e-01
1.445333399999999983e+03 8.798097890886776851e-01
1.450666600000000017e+03 9.815272586128548360e-01
1.456000000000000000e+03 1.000000000000000000e+00
1.461333399999999983e+03 9.340853845969689928e-01
1.466666600000000017e+03 8.030742008933370313e-01
1.472000000000000000e+03 6.367725102407019167e-01
1.477333399999999983e+03 4.634499243886997522e-01
1.482666600000000017e+03 3.047793387218700190e-01
1.488000000000000000e+03 1.773324450880693348e-01
1.493333399999999983e+03 8.762829261578107543e-02
1.498666600000000017e+03 3.426649934410629789e-02
1.504000000000000000e+03 8.272500369956657662e-03
1.509333399999999983e+03 8.004644315006441066e-04
1.514666600000000017e+03 3.159498476622696339e-03
1.520000000000000000e+03 1.003536836635438370e-02
1.525333399999999983e+03 1.734481491776164105e-02
1.530666600000000017e+03 2.593783886201979708e-02
1.536000000000000000e+03 4.192076966375067604e-02
1.541333399999999983e+03 7.215891941179002067e-02
1.546666600000000017e+03 1.097032331707663289e-01
1.552000000000000000e+03 1.432446007745565297e-01
1.557333399999999983e+03 1.647996519888434985e-01
1.562666600000000017e+03 1.694620337030678936e-01
1.568000000000000000e+03 1.669181481564103731e-01
1.573333399999999983e+03 1.732746591719625529e-01
1.578666600000000017e+03 1.878006955946987244e-01
1.584000000000000000e+03 2.101631993277953969e-01
1.589333399999999983e+03 2.380484128647206987e-01
1.594666600000000017e+03 2.653438452826635263e-01
1.600000000000000000e+03 2.961984235318028680e-01
1.605333399999999983e+03 3.324951240484197990e-01
1.610666600000000017e+03 3.646385251881136269e-01
1.616000000000000000e+03 3.930906310980082363e-01
1.621333399999999983e+03 4.177995973070360858e-01
1.626666600000000017e+03 4.391765725609641513e-01
1.632000000000000000e+03 4.684157042788293923e-01
1.637333399999999983e+03 5.082885325916014496e-01
1.642666600000000017e+03 5.577879343314279259e-01
1.648000000000000000e+03 6.276380030047948866e-01
1.653333399999999983e+03 7.214409114210852403e-01
1.658666600000000017e+03 8.254030173313060548e-01
1.664000000000000000e+03 9.178529644744811700e-01
1.669333399999999983e+03 9.671457474972933177e-01
1.674666600000000017e+03 9.471464185110508582e-01
1.680000000000000000e+03 8.613023269191963927e-01
1.685333399999999983e+03 7.300618041747758413e-01
1.690666600000000017e+03 5.782303353700392057e-01
1.696000000000000000e+03 4.311285326198237011e-01
1.701333399999999983e+03 3.045714233469208332e-01
1.706666600000000017e+03 2.017844116927655362e-01
1.712000000000000000e+03 1.234236477018684497e-01
1.717333399999999983e+03 6.560546116853389897e-02
1.722666600000000017e+03 2.541820129797816089e-02
1.728000000000000000e+03 5.225265095366577253e-03
1.733333399999999983e+03 2.902237879259439782e-03
1.738666600000000017e+03 9.630055241551083167e-03
1.744000000000000000e+03 2.062412100246511365e-02
1.749333399999999983e+03 2.928425283396263526e-02
1.754666600000000017e+03 3.128353251031976145e-02
1.760000000000000000e+03 3.178745553295680981e-02
1.765333399999999983e+03 3.076798414797289605e-02
1.770666600000000017e+03 2.581646281405350005e-02
1.776000000000000000e+03 2.408293178100679582e-02
1.781333399999999983e+03 2.400919088921448646e-02
1.786666600000000017e+03 2.248105792566325312e-02
1.792000000000000000e+03 2.158760593272724196e-02
1.797333399999999983e+03 1.776967099273490600e-02
1.802666600000000017e+03 8.972946108220546113e-03
